0,0.0001590251922607422,0.1438503459930651,PBPF,cracker_scene1,10,old
1,0.0022058486938476562,0.1438503459930651,PBPF,cracker_scene1,10,old
2,0.006955385208129883,0.14385311652900806,PBPF,cracker_scene1,10,old
3,0.011339902877807617,0.14375363093668647,PBPF,cracker_scene1,10,old
4,0.015477895736694336,0.14375363093668647,PBPF,cracker_scene1,10,old
5,0.01964116096496582,0.14375363093668647,PBPF,cracker_scene1,10,old
6,0.023813247680664062,0.14375363093668647,PBPF,cracker_scene1,10,old
7,0.027869462966918945,0.14375363093668647,PBPF,cracker_scene1,10,old
8,0.03204965591430664,0.14375363093668647,PBPF,cracker_scene1,10,old
9,0.03643155097961426,0.14385583290699006,PBPF,cracker_scene1,10,old
10,0.04085206985473633,0.14368076076873756,PBPF,cracker_scene1,10,old
11,0.04499077796936035,0.14368076076873756,PBPF,cracker_scene1,10,old
12,0.0494844913482666,0.14366123743625575,PBPF,cracker_scene1,10,old
13,0.053759098052978516,0.14365921022078557,PBPF,cracker_scene1,10,old
14,0.05807614326477051,0.14365921022078557,PBPF,cracker_scene1,10,old
15,0.06235671043395996,0.14365921022078557,PBPF,cracker_scene1,10,old
16,0.06663727760314941,0.1438554889321069,PBPF,cracker_scene1,10,old
17,0.07087135314941406,0.1438554889321069,PBPF,cracker_scene1,10,old
18,0.07541632652282715,0.14368472963390377,PBPF,cracker_scene1,10,old
19,0.09351897239685059,0.14370144210918573,PBPF,cracker_scene1,10,old
20,0.09805440902709961,0.14368278318573113,PBPF,cracker_scene1,10,old
21,0.10233259201049805,0.14368278318573113,PBPF,cracker_scene1,10,old
22,0.10677957534790039,0.14370955019531223,PBPF,cracker_scene1,10,old
23,0.11091041564941406,0.14370955019531223,PBPF,cracker_scene1,10,old
24,0.1155099868774414,0.14369777299856054,PBPF,cracker_scene1,10,old
25,0.11986660957336426,0.14385959266482562,PBPF,cracker_scene1,10,old
26,0.1240239143371582,0.14385959266482562,PBPF,cracker_scene1,10,old
27,0.12819409370422363,0.14385959266482562,PBPF,cracker_scene1,10,old
28,0.13239741325378418,0.14385959266482562,PBPF,cracker_scene1,10,old
29,0.13680028915405273,0.1436709583951258,PBPF,cracker_scene1,10,old
30,0.14140605926513672,0.14367124060918635,PBPF,cracker_scene1,10,old
31,0.14571428298950195,0.14367124060918635,PBPF,cracker_scene1,10,old
32,0.14994478225708008,0.14387807500418373,PBPF,cracker_scene1,10,old
33,0.154252290725708,0.14387807500418373,PBPF,cracker_scene1,10,old
34,0.15833568572998047,0.14369282075751863,PBPF,cracker_scene1,10,old
35,0.16254043579101562,0.1436726688221715,PBPF,cracker_scene1,10,old
36,0.16689085960388184,0.04893921604692927,PBPF,cracker_scene1,10,old
37,0.17145752906799316,0.048927697685276036,PBPF,cracker_scene1,10,old
38,0.17562484741210938,0.04890764993443885,PBPF,cracker_scene1,10,old
39,0.18009328842163086,0.04895125852526488,PBPF,cracker_scene1,10,old
40,0.1843547821044922,0.04930936609025078,PBPF,cracker_scene1,10,old
41,0.18868064880371094,0.04893042413748369,PBPF,cracker_scene1,10,old
42,0.1931746006011963,0.04896879176217889,PBPF,cracker_scene1,10,old
43,0.19749808311462402,0.04896879176217889,PBPF,cracker_scene1,10,old
44,0.20181679725646973,0.04896879176217889,PBPF,cracker_scene1,10,old
45,0.20633792877197266,0.04904198866256849,PBPF,cracker_scene1,10,old
46,0.21047377586364746,0.04904868750467218,PBPF,cracker_scene1,10,old
47,0.21465110778808594,0.04904868750467218,PBPF,cracker_scene1,10,old
48,0.21927809715270996,0.049033847727387385,PBPF,cracker_scene1,10,old
49,0.22376179695129395,0.049033847727387385,PBPF,cracker_scene1,10,old
50,0.22800874710083008,0.049033847727387385,PBPF,cracker_scene1,10,old
51,0.23229622840881348,0.049033847727387385,PBPF,cracker_scene1,10,old
52,0.23681044578552246,0.04897103536403345,PBPF,cracker_scene1,10,old
53,0.24097752571105957,0.04897103536403345,PBPF,cracker_scene1,10,old
54,0.24516916275024414,0.04897103536403345,PBPF,cracker_scene1,10,old
55,0.249680757522583,0.04933845820335894,PBPF,cracker_scene1,10,old
56,0.2538871765136719,0.04933845820335894,PBPF,cracker_scene1,10,old
57,0.2580375671386719,0.04933845820335894,PBPF,cracker_scene1,10,old
58,0.26224827766418457,0.04933845820335894,PBPF,cracker_scene1,10,old
59,0.2667205333709717,0.04933845820335894,PBPF,cracker_scene1,10,old
60,0.27146100997924805,0.04919542697231332,PBPF,cracker_scene1,10,old
61,0.27571654319763184,0.04919542697231332,PBPF,cracker_scene1,10,old
62,0.2801804542541504,0.04886156610438367,PBPF,cracker_scene1,10,old
63,0.2845015525817871,0.04886156610438367,PBPF,cracker_scene1,10,old
64,0.28902482986450195,0.048527516140215665,PBPF,cracker_scene1,10,old
65,0.2933690547943115,0.04780642500187108,PBPF,cracker_scene1,10,old
66,0.29790449142456055,0.04780642500187108,PBPF,cracker_scene1,10,old
67,0.30231642723083496,0.047745442390897355,PBPF,cracker_scene1,10,old
68,0.30677151679992676,0.04739079599001757,PBPF,cracker_scene1,10,old
69,0.3110184669494629,0.04739079599001757,PBPF,cracker_scene1,10,old
70,0.315427303314209,0.04690386696720836,PBPF,cracker_scene1,10,old
71,0.31983160972595215,0.04689387347870879,PBPF,cracker_scene1,10,old
72,0.323988676071167,0.04427002862681915,PBPF,cracker_scene1,10,old
73,0.32824063301086426,0.04427002862681915,PBPF,cracker_scene1,10,old
74,0.3324425220489502,0.04427002862681915,PBPF,cracker_scene1,10,old
75,0.33710646629333496,0.044281157638972106,PBPF,cracker_scene1,10,old
76,0.341233491897583,0.044281157638972106,PBPF,cracker_scene1,10,old
77,0.34554576873779297,0.04394847706972998,PBPF,cracker_scene1,10,old
78,0.3497128486633301,0.04394847706972998,PBPF,cracker_scene1,10,old
79,0.3546435832977295,0.043822516421369695,PBPF,cracker_scene1,10,old
80,0.3590817451477051,0.043822516421369695,PBPF,cracker_scene1,10,old
81,0.3633725643157959,0.04349445486614436,PBPF,cracker_scene1,10,old
82,0.3677494525909424,0.04349445486614436,PBPF,cracker_scene1,10,old
83,0.37197232246398926,0.0437234711248565,PBPF,cracker_scene1,10,old
84,0.3764920234680176,0.04355091730360902,PBPF,cracker_scene1,10,old
85,0.38088274002075195,0.04325188633936597,PBPF,cracker_scene1,10,old
86,0.3852386474609375,0.04325188633936597,PBPF,cracker_scene1,10,old
87,0.3898167610168457,0.04268734847253273,PBPF,cracker_scene1,10,old
88,0.3940303325653076,0.04268734847253273,PBPF,cracker_scene1,10,old
89,0.3983626365661621,0.042454062623515726,PBPF,cracker_scene1,10,old
90,0.4026014804840088,0.042454062623515726,PBPF,cracker_scene1,10,old
91,0.4072577953338623,0.04267131872652491,PBPF,cracker_scene1,10,old
92,0.41146087646484375,0.04267131872652491,PBPF,cracker_scene1,10,old
93,0.41558027267456055,0.04267131872652491,PBPF,cracker_scene1,10,old
94,0.4199795722961426,0.042548503569565695,PBPF,cracker_scene1,10,old
95,0.4242262840270996,0.042548503569565695,PBPF,cracker_scene1,10,old
96,0.4286956787109375,0.04241256309037122,PBPF,cracker_scene1,10,old
97,0.43311047554016113,0.042399106320149975,PBPF,cracker_scene1,10,old
98,0.4373471736907959,0.042399106320149975,PBPF,cracker_scene1,10,old
99,0.4414713382720947,0.042399106320149975,PBPF,cracker_scene1,10,old
100,0.4460477828979492,0.042152743648488464,PBPF,cracker_scene1,10,old
101,0.45023441314697266,0.042152743648488464,PBPF,cracker_scene1,10,old
102,0.4545919895172119,0.042152743648488464,PBPF,cracker_scene1,10,old
103,0.4589109420776367,0.04212734857437231,PBPF,cracker_scene1,10,old
104,0.4633636474609375,0.04195956507456156,PBPF,cracker_scene1,10,old
105,0.46834492683410645,0.04121382402332797,PBPF,cracker_scene1,10,old
106,0.47264981269836426,0.04121382402332797,PBPF,cracker_scene1,10,old
107,0.4769890308380127,0.04121382402332797,PBPF,cracker_scene1,10,old
108,0.4816596508026123,0.04102576123187385,PBPF,cracker_scene1,10,old
109,0.4860987663269043,0.040810585181963836,PBPF,cracker_scene1,10,old
110,0.4907066822052002,0.0520724909082188,PBPF,cracker_scene1,10,old
111,0.49488353729248047,0.0520724909082188,PBPF,cracker_scene1,10,old
112,0.4990994930267334,0.0520724909082188,PBPF,cracker_scene1,10,old
113,0.5036971569061279,0.05204690915066968,PBPF,cracker_scene1,10,old
114,0.5079002380371094,0.05204690915066968,PBPF,cracker_scene1,10,old
115,0.5124197006225586,0.05162096709919213,PBPF,cracker_scene1,10,old
116,0.5165748596191406,0.05162096709919213,PBPF,cracker_scene1,10,old
117,0.5207304954528809,0.0515073284256408,PBPF,cracker_scene1,10,old
118,0.5249698162078857,0.051493179575163535,PBPF,cracker_scene1,10,old
119,0.5291695594787598,0.05135553056046697,PBPF,cracker_scene1,10,old
120,0.5335016250610352,0.051347475784689844,PBPF,cracker_scene1,10,old
121,0.5377359390258789,0.051347475784689844,PBPF,cracker_scene1,10,old
122,0.5422663688659668,0.05144528636638463,PBPF,cracker_scene1,10,old
123,0.5464353561401367,0.05117587078090223,PBPF,cracker_scene1,10,old
124,0.5507025718688965,0.05100380336938012,PBPF,cracker_scene1,10,old
125,0.5552778244018555,0.05082971644022242,PBPF,cracker_scene1,10,old
126,0.5592951774597168,0.05082971644022242,PBPF,cracker_scene1,10,old
127,0.5635848045349121,0.05082971644022242,PBPF,cracker_scene1,10,old
128,0.5679311752319336,0.05090900212675018,PBPF,cracker_scene1,10,old
129,0.5730085372924805,0.05073686148246942,PBPF,cracker_scene1,10,old
130,0.5772261619567871,0.05073686148246942,PBPF,cracker_scene1,10,old
131,0.5815529823303223,0.05029661764899373,PBPF,cracker_scene1,10,old
132,0.5859854221343994,0.0504417286811854,PBPF,cracker_scene1,10,old
133,0.5903291702270508,0.05030484261268889,PBPF,cracker_scene1,10,old
134,0.5946402549743652,0.05030484261268889,PBPF,cracker_scene1,10,old
135,0.5989012718200684,0.05030484261268889,PBPF,cracker_scene1,10,old
136,0.6030802726745605,0.05030484261268889,PBPF,cracker_scene1,10,old
137,0.6075303554534912,0.0502417580765758,PBPF,cracker_scene1,10,old
138,0.6117308139801025,0.0502417580765758,PBPF,cracker_scene1,10,old
139,0.6162617206573486,0.04978795941613275,PBPF,cracker_scene1,10,old
140,0.6206545829772949,0.049716280929456375,PBPF,cracker_scene1,10,old
141,0.6249666213989258,0.049716280929456375,PBPF,cracker_scene1,10,old
142,0.6292493343353271,0.049716280929456375,PBPF,cracker_scene1,10,old
143,0.6345651149749756,0.04936640907666292,PBPF,cracker_scene1,10,old
144,0.6389524936676025,0.04936640907666292,PBPF,cracker_scene1,10,old
145,0.6432273387908936,0.04936640907666292,PBPF,cracker_scene1,10,old
146,0.6474790573120117,0.04936640907666292,PBPF,cracker_scene1,10,old
147,0.6522819995880127,0.0478150865769581,PBPF,cracker_scene1,10,old
148,0.6564934253692627,0.04765665060306649,PBPF,cracker_scene1,10,old
149,0.6607129573822021,0.04765665060306649,PBPF,cracker_scene1,10,old
150,0.6648333072662354,0.04765665060306649,PBPF,cracker_scene1,10,old
151,0.6690070629119873,0.04765665060306649,PBPF,cracker_scene1,10,old
152,0.6735010147094727,0.04748071298941552,PBPF,cracker_scene1,10,old
153,0.6777160167694092,0.04748071298941552,PBPF,cracker_scene1,10,old
154,0.682013988494873,0.04732724297837863,PBPF,cracker_scene1,10,old
155,0.6862180233001709,0.04732724297837863,PBPF,cracker_scene1,10,old
156,0.6904628276824951,0.04732724297837863,PBPF,cracker_scene1,10,old
157,0.6947510242462158,0.04732195892941192,PBPF,cracker_scene1,10,old
158,0.6993732452392578,0.04732195892941192,PBPF,cracker_scene1,10,old
159,0.703662633895874,0.047601682218195475,PBPF,cracker_scene1,10,old
160,0.7078948020935059,0.047601682218195475,PBPF,cracker_scene1,10,old
161,0.7120749950408936,0.047601682218195475,PBPF,cracker_scene1,10,old
162,0.7166752815246582,0.04681425885450729,PBPF,cracker_scene1,10,old
163,0.7209577560424805,0.04659747348176137,PBPF,cracker_scene1,10,old
164,0.7257440090179443,0.04659459018367502,PBPF,cracker_scene1,10,old
165,0.7300145626068115,0.04638196620651774,PBPF,cracker_scene1,10,old
166,0.734311580657959,0.04638196620651774,PBPF,cracker_scene1,10,old
167,0.7392239570617676,0.04611980017401486,PBPF,cracker_scene1,10,old
168,0.7434084415435791,0.04611980017401486,PBPF,cracker_scene1,10,old
169,0.7479171752929688,0.04594505134434808,PBPF,cracker_scene1,10,old
170,0.7521862983703613,0.04594505134434808,PBPF,cracker_scene1,10,old
171,0.756706714630127,0.045725332083880216,PBPF,cracker_scene1,10,old
172,0.7611422538757324,0.04560387599901893,PBPF,cracker_scene1,10,old
173,0.7655167579650879,0.04528378518586087,PBPF,cracker_scene1,10,old
174,0.7697227001190186,0.04528378518586087,PBPF,cracker_scene1,10,old
175,0.7738857269287109,0.04528378518586087,PBPF,cracker_scene1,10,old
176,0.7780892848968506,0.04528378518586087,PBPF,cracker_scene1,10,old
177,0.7826204299926758,0.045362662988165915,PBPF,cracker_scene1,10,old
178,0.7872617244720459,0.045004909858390105,PBPF,cracker_scene1,10,old
179,0.7919068336486816,0.045004909858390105,PBPF,cracker_scene1,10,old
180,0.7961816787719727,0.045004909858390105,PBPF,cracker_scene1,10,old
181,0.8010308742523193,0.058835442754868246,PBPF,cracker_scene1,10,old
182,0.8055205345153809,0.05871153787018624,PBPF,cracker_scene1,10,old
183,0.8100006580352783,0.05875191016848054,PBPF,cracker_scene1,10,old
184,0.8145794868469238,0.058570112297368526,PBPF,cracker_scene1,10,old
185,0.8189759254455566,0.05818884961321434,PBPF,cracker_scene1,10,old
186,0.8234279155731201,0.05818884961321434,PBPF,cracker_scene1,10,old
187,0.8278172016143799,0.058190376748606415,PBPF,cracker_scene1,10,old
188,0.8322649002075195,0.058190376748606415,PBPF,cracker_scene1,10,old
189,0.8364768028259277,0.05796434591846147,PBPF,cracker_scene1,10,old
190,0.8409335613250732,0.05795421848033759,PBPF,cracker_scene1,10,old
191,0.8454053401947021,0.05783956037295756,PBPF,cracker_scene1,10,old
192,0.8496110439300537,0.05783956037295756,PBPF,cracker_scene1,10,old
193,0.85392165184021,0.05783956037295756,PBPF,cracker_scene1,10,old
194,0.858466625213623,0.05757045524097694,PBPF,cracker_scene1,10,old
195,0.8628644943237305,0.05757045524097694,PBPF,cracker_scene1,10,old
196,0.8674178123474121,0.05743669734209018,PBPF,cracker_scene1,10,old
197,0.8719162940979004,0.0573313190298083,PBPF,cracker_scene1,10,old
198,0.8763232231140137,0.05723598821364476,PBPF,cracker_scene1,10,old
199,0.8806746006011963,0.05723598821364476,PBPF,cracker_scene1,10,old
200,0.8849148750305176,0.05723598821364476,PBPF,cracker_scene1,10,old
201,0.8891334533691406,0.05723598821364476,PBPF,cracker_scene1,10,old
202,0.8946971893310547,0.05710422377593221,PBPF,cracker_scene1,10,old
203,0.8992564678192139,0.05668022980734725,PBPF,cracker_scene1,10,old
204,0.9035346508026123,0.056609602948271234,PBPF,cracker_scene1,10,old
205,0.9078974723815918,0.05659990049312164,PBPF,cracker_scene1,10,old
206,0.9124171733856201,0.05643630807444784,PBPF,cracker_scene1,10,old
207,0.9167311191558838,0.05643630807444784,PBPF,cracker_scene1,10,old
208,0.9210793972015381,0.05633358312544227,PBPF,cracker_scene1,10,old
209,0.9253754615783691,0.05633358312544227,PBPF,cracker_scene1,10,old
210,0.9296181201934814,0.05633358312544227,PBPF,cracker_scene1,10,old
211,0.9343862533569336,0.056188033789520406,PBPF,cracker_scene1,10,old
212,0.9386205673217773,0.056188033789520406,PBPF,cracker_scene1,10,old
213,0.9433190822601318,0.05621674871262472,PBPF,cracker_scene1,10,old
214,0.9478538036346436,0.055827048518130286,PBPF,cracker_scene1,10,old
215,0.9520263671875,0.055827048518130286,PBPF,cracker_scene1,10,old
216,0.9562475681304932,0.055827048518130286,PBPF,cracker_scene1,10,old
217,0.9607071876525879,0.055827048518130286,PBPF,cracker_scene1,10,old
218,0.964930534362793,0.05583017859754797,PBPF,cracker_scene1,10,old
219,0.9691755771636963,0.05583017859754797,PBPF,cracker_scene1,10,old
220,0.9735147953033447,0.055707696749661785,PBPF,cracker_scene1,10,old
221,0.9777190685272217,0.055707696749661785,PBPF,cracker_scene1,10,old
222,0.9819777011871338,0.055707696749661785,PBPF,cracker_scene1,10,old
223,0.9863808155059814,0.05561675487969318,PBPF,cracker_scene1,10,old
224,0.9906425476074219,0.05561675487969318,PBPF,cracker_scene1,10,old
225,0.9949746131896973,0.05554783569195222,PBPF,cracker_scene1,10,old
226,0.9992716312408447,0.05554783569195222,PBPF,cracker_scene1,10,old
227,1.0041544437408447,0.05554783569195222,PBPF,cracker_scene1,10,old
228,1.0086019039154053,0.055467234615884986,PBPF,cracker_scene1,10,old
229,1.0129549503326416,0.05517743806384853,PBPF,cracker_scene1,10,old
230,1.017854928970337,0.05486035048047797,PBPF,cracker_scene1,10,old
231,1.0221009254455566,0.05485729566022679,PBPF,cracker_scene1,10,old
232,1.026738166809082,0.05485729566022679,PBPF,cracker_scene1,10,old
233,1.0311832427978516,0.054667654086736954,PBPF,cracker_scene1,10,old
234,1.0354187488555908,0.054667654086736954,PBPF,cracker_scene1,10,old
235,1.0399880409240723,0.05441737729033731,PBPF,cracker_scene1,10,old
236,1.0442709922790527,0.05441737729033731,PBPF,cracker_scene1,10,old
237,1.0486423969268799,0.054338720270837894,PBPF,cracker_scene1,10,old
238,1.053232192993164,0.0542325371380609,PBPF,cracker_scene1,10,old
239,1.0574822425842285,0.0542325371380609,PBPF,cracker_scene1,10,old
240,1.0617330074310303,0.0542325371380609,PBPF,cracker_scene1,10,old
241,1.0660502910614014,0.0542325371380609,PBPF,cracker_scene1,10,old
242,1.0703887939453125,0.05412895256029177,PBPF,cracker_scene1,10,old
243,1.0748932361602783,0.053982213494070536,PBPF,cracker_scene1,10,old
244,1.0793962478637695,0.053895770465902465,PBPF,cracker_scene1,10,old
245,1.083514928817749,0.053895770465902465,PBPF,cracker_scene1,10,old
246,1.0877583026885986,0.053895770465902465,PBPF,cracker_scene1,10,old
247,1.0922133922576904,0.05396995420936406,PBPF,cracker_scene1,10,old
248,1.0965018272399902,0.05396995420936406,PBPF,cracker_scene1,10,old
249,1.100733757019043,0.05396995420936406,PBPF,cracker_scene1,10,old
250,1.1053259372711182,0.05340861123282319,PBPF,cracker_scene1,10,old
251,1.1098320484161377,0.05340861123282319,PBPF,cracker_scene1,10,old
252,1.1141092777252197,0.05340861123282319,PBPF,cracker_scene1,10,old
253,1.1186113357543945,0.05347483761904628,PBPF,cracker_scene1,10,old
254,1.1229591369628906,0.05329592600422922,PBPF,cracker_scene1,10,old
255,1.1276178359985352,0.05342227006321646,PBPF,cracker_scene1,10,old
256,1.1318886280059814,0.05342227006321646,PBPF,cracker_scene1,10,old
257,1.1363239288330078,0.053290172168803294,PBPF,cracker_scene1,10,old
258,1.140526294708252,0.05331803439331555,PBPF,cracker_scene1,10,old
259,1.144782304763794,0.05331803439331555,PBPF,cracker_scene1,10,old
260,1.1491992473602295,0.05324553319817493,PBPF,cracker_scene1,10,old
261,1.1534807682037354,0.053162385959083576,PBPF,cracker_scene1,10,old
262,1.1576673984527588,0.053162385959083576,PBPF,cracker_scene1,10,old
263,1.161930799484253,0.05325863603894493,PBPF,cracker_scene1,10,old
264,1.165985345840454,0.05325863603894493,PBPF,cracker_scene1,10,old
265,1.170116901397705,0.05325863603894493,PBPF,cracker_scene1,10,old
266,1.1745057106018066,0.05296348843229857,PBPF,cracker_scene1,10,old
267,1.178762435913086,0.05283442917923018,PBPF,cracker_scene1,10,old
268,1.1831724643707275,0.05281417249950343,PBPF,cracker_scene1,10,old
269,1.1872618198394775,0.05281417249950343,PBPF,cracker_scene1,10,old
270,1.1914310455322266,0.05281417249950343,PBPF,cracker_scene1,10,old
271,1.1956079006195068,0.05270531095497858,PBPF,cracker_scene1,10,old
272,1.1999728679656982,0.052669774028453936,PBPF,cracker_scene1,10,old
273,1.2041616439819336,0.05257336100718492,PBPF,cracker_scene1,10,old
274,1.208294153213501,0.05257336100718492,PBPF,cracker_scene1,10,old
275,1.212632656097412,0.05232845790325314,PBPF,cracker_scene1,10,old
276,1.2169313430786133,0.05232845790325314,PBPF,cracker_scene1,10,old
277,1.221409559249878,0.05221623163534641,PBPF,cracker_scene1,10,old
278,1.225618839263916,0.05221623163534641,PBPF,cracker_scene1,10,old
279,1.229780912399292,0.05221623163534641,PBPF,cracker_scene1,10,old
280,1.234189748764038,0.05221623163534641,PBPF,cracker_scene1,10,old
281,1.2384922504425049,0.051985277794045166,PBPF,cracker_scene1,10,old
282,1.2427020072937012,0.051985277794045166,PBPF,cracker_scene1,10,old
283,1.246842622756958,0.051985277794045166,PBPF,cracker_scene1,10,old
284,1.2514443397521973,0.051985277794045166,PBPF,cracker_scene1,10,old
285,1.255629539489746,0.051990380958942664,PBPF,cracker_scene1,10,old
286,1.2601358890533447,0.051990380958942664,PBPF,cracker_scene1,10,old
287,1.2644553184509277,0.05193109553327218,PBPF,cracker_scene1,10,old
288,1.2686352729797363,0.05193109553327218,PBPF,cracker_scene1,10,old
289,1.2731783390045166,0.05175954053023854,PBPF,cracker_scene1,10,old
290,1.2773497104644775,0.05175954053023854,PBPF,cracker_scene1,10,old
291,1.281888723373413,0.05312695787624855,PBPF,cracker_scene1,10,old
292,1.2859830856323242,0.05312695787624855,PBPF,cracker_scene1,10,old
293,1.2901713848114014,0.05312695787624855,PBPF,cracker_scene1,10,old
294,1.2943270206451416,0.05312695787624855,PBPF,cracker_scene1,10,old
295,1.2985765933990479,0.05312695787624855,PBPF,cracker_scene1,10,old
296,1.3026857376098633,0.05305302409606893,PBPF,cracker_scene1,10,old
297,1.3069539070129395,0.05305302409606893,PBPF,cracker_scene1,10,old
298,1.3114030361175537,0.05237420367742318,PBPF,cracker_scene1,10,old
299,1.3157453536987305,0.052196079638124705,PBPF,cracker_scene1,10,old
300,1.3199539184570312,0.052196079638124705,PBPF,cracker_scene1,10,old
301,1.3241910934448242,0.052196079638124705,PBPF,cracker_scene1,10,old
302,1.3283452987670898,0.052196079638124705,PBPF,cracker_scene1,10,old
303,1.3325917720794678,0.052139723479102416,PBPF,cracker_scene1,10,old
304,1.3369557857513428,0.052139723479102416,PBPF,cracker_scene1,10,old
305,1.341106653213501,0.052139723479102416,PBPF,cracker_scene1,10,old
306,1.3453412055969238,0.052139723479102416,PBPF,cracker_scene1,10,old
307,1.3509571552276611,0.05190529286757515,PBPF,cracker_scene1,10,old
308,1.355041265487671,0.05190529286757515,PBPF,cracker_scene1,10,old
309,1.3590989112854004,0.05190529286757515,PBPF,cracker_scene1,10,old
310,1.3633193969726562,0.05188219980927597,PBPF,cracker_scene1,10,old
311,1.3677828311920166,0.05175424175268136,PBPF,cracker_scene1,10,old
312,1.3719327449798584,0.05175424175268136,PBPF,cracker_scene1,10,old
313,1.3760018348693848,0.05175424175268136,PBPF,cracker_scene1,10,old
314,1.3801167011260986,0.05164262916446027,PBPF,cracker_scene1,10,old
315,1.3841335773468018,0.05164262916446027,PBPF,cracker_scene1,10,old
316,1.388453722000122,0.05147800607621433,PBPF,cracker_scene1,10,old
317,1.3929669857025146,0.05147037467109378,PBPF,cracker_scene1,10,old
318,1.3970730304718018,0.05141201676219046,PBPF,cracker_scene1,10,old
319,1.4012234210968018,0.05141201676219046,PBPF,cracker_scene1,10,old
320,1.4053394794464111,0.05134084609163936,PBPF,cracker_scene1,10,old
321,1.4094197750091553,0.05134084609163936,PBPF,cracker_scene1,10,old
322,1.4134254455566406,0.05134084609163936,PBPF,cracker_scene1,10,old
323,1.4175536632537842,0.05134084609163936,PBPF,cracker_scene1,10,old
324,1.4215476512908936,0.05134084609163936,PBPF,cracker_scene1,10,old
325,1.425654411315918,0.05134084609163936,PBPF,cracker_scene1,10,old
326,1.429767370223999,0.05134084609163936,PBPF,cracker_scene1,10,old
327,1.4347872734069824,0.051253432725200686,PBPF,cracker_scene1,10,old
328,1.4390549659729004,0.05119392232724947,PBPF,cracker_scene1,10,old
329,1.443267822265625,0.0511895210470187,PBPF,cracker_scene1,10,old
330,1.4473319053649902,0.0511895210470187,PBPF,cracker_scene1,10,old
331,1.4517309665679932,0.054849771258485135,PBPF,cracker_scene1,10,old
332,1.455916166305542,0.05476667675234113,PBPF,cracker_scene1,10,old
333,1.4601924419403076,0.05476795710836121,PBPF,cracker_scene1,10,old
334,1.4644865989685059,0.054712512544386846,PBPF,cracker_scene1,10,old
335,1.4686839580535889,0.054712512544386846,PBPF,cracker_scene1,10,old
336,1.4727764129638672,0.054712512544386846,PBPF,cracker_scene1,10,old
337,1.4768953323364258,0.054712512544386846,PBPF,cracker_scene1,10,old
338,1.481163501739502,0.05462439666594271,PBPF,cracker_scene1,10,old
339,1.4852499961853027,0.05462439666594271,PBPF,cracker_scene1,10,old
340,1.4893794059753418,0.05462439666594271,PBPF,cracker_scene1,10,old
341,1.493591070175171,0.05455478514228642,PBPF,cracker_scene1,10,old
342,1.4977991580963135,0.0546325608859525,PBPF,cracker_scene1,10,old
343,1.5022869110107422,0.05448620263399963,PBPF,cracker_scene1,10,old
344,1.5062599182128906,0.05448620263399963,PBPF,cracker_scene1,10,old
345,1.5104985237121582,0.05442511082159422,PBPF,cracker_scene1,10,old
346,1.5146987438201904,0.05443496101539605,PBPF,cracker_scene1,10,old
347,1.5190749168395996,0.054313567918305695,PBPF,cracker_scene1,10,old
348,1.523181438446045,0.054313567918305695,PBPF,cracker_scene1,10,old
349,1.5276925563812256,0.05425620552526773,PBPF,cracker_scene1,10,old
350,1.5317444801330566,0.05425620552526773,PBPF,cracker_scene1,10,old
351,1.5363028049468994,0.05414084260697189,PBPF,cracker_scene1,10,old
352,1.5405783653259277,0.05414084260697189,PBPF,cracker_scene1,10,old
353,1.5448014736175537,0.05414084260697189,PBPF,cracker_scene1,10,old
354,1.5489790439605713,0.0541060237188121,PBPF,cracker_scene1,10,old
355,1.5531220436096191,0.05408373789697055,PBPF,cracker_scene1,10,old
356,1.5573179721832275,0.05408373789697055,PBPF,cracker_scene1,10,old
357,1.5613417625427246,0.05408373789697055,PBPF,cracker_scene1,10,old
358,1.565380573272705,0.05408373789697055,PBPF,cracker_scene1,10,old
359,1.5695030689239502,0.05405859039067956,PBPF,cracker_scene1,10,old
360,1.5737664699554443,0.05405859039067956,PBPF,cracker_scene1,10,old
361,1.5778086185455322,0.05405859039067956,PBPF,cracker_scene1,10,old
362,1.5822653770446777,0.05415483674310898,PBPF,cracker_scene1,10,old
363,1.5867187976837158,0.05392203717483383,PBPF,cracker_scene1,10,old
364,1.5908982753753662,0.05394817227129557,PBPF,cracker_scene1,10,old
365,1.5952625274658203,0.05382964718898788,PBPF,cracker_scene1,10,old
366,1.5994246006011963,0.05382964718898788,PBPF,cracker_scene1,10,old
367,1.6035120487213135,0.05382964718898788,PBPF,cracker_scene1,10,old
368,1.6079261302947998,0.055050587941030724,PBPF,cracker_scene1,10,old
369,1.6119568347930908,0.055050587941030724,PBPF,cracker_scene1,10,old
370,1.6162903308868408,0.055049848881302106,PBPF,cracker_scene1,10,old
371,1.6203505992889404,0.055049848881302106,PBPF,cracker_scene1,10,old
372,1.6245274543762207,0.055080200420210494,PBPF,cracker_scene1,10,old
373,1.6288645267486572,0.05491419825351916,PBPF,cracker_scene1,10,old
374,1.6330037117004395,0.05491419825351916,PBPF,cracker_scene1,10,old
375,1.6371674537658691,0.05491419825351916,PBPF,cracker_scene1,10,old
376,1.6413376331329346,0.054824720499217515,PBPF,cracker_scene1,10,old
377,1.6460723876953125,0.054715423770597536,PBPF,cracker_scene1,10,old
378,1.650392770767212,0.054699978712834794,PBPF,cracker_scene1,10,old
379,1.6547458171844482,0.05470436017068947,PBPF,cracker_scene1,10,old
380,1.6590783596038818,0.05470436017068947,PBPF,cracker_scene1,10,old
381,1.6633334159851074,0.05463007347362433,PBPF,cracker_scene1,10,old
382,1.6675124168395996,0.05457169916528886,PBPF,cracker_scene1,10,old
383,1.671762228012085,0.054572981433764364,PBPF,cracker_scene1,10,old
384,1.6765632629394531,0.054538679069206106,PBPF,cracker_scene1,10,old
385,1.6809003353118896,0.05451519979023916,PBPF,cracker_scene1,10,old
386,1.6849486827850342,0.054464927355752896,PBPF,cracker_scene1,10,old
387,1.68904709815979,0.054464927355752896,PBPF,cracker_scene1,10,old
388,1.6931684017181396,0.054464927355752896,PBPF,cracker_scene1,10,old
389,1.6971991062164307,0.054464927355752896,PBPF,cracker_scene1,10,old
390,1.7012431621551514,0.054464927355752896,PBPF,cracker_scene1,10,old
391,1.7055974006652832,0.054362256853327816,PBPF,cracker_scene1,10,old
392,1.7102539539337158,0.05431451162051514,PBPF,cracker_scene1,10,old
393,1.7145006656646729,0.0543355693474272,PBPF,cracker_scene1,10,old
394,1.7185966968536377,0.05427534479713935,PBPF,cracker_scene1,10,old
395,1.722731590270996,0.05427534479713935,PBPF,cracker_scene1,10,old
396,1.7266886234283447,0.05427534479713935,PBPF,cracker_scene1,10,old
397,1.7305467128753662,0.054281849122537564,PBPF,cracker_scene1,10,old
398,1.735245943069458,0.054209154252311,PBPF,cracker_scene1,10,old
399,1.7399659156799316,0.05417149772733432,PBPF,cracker_scene1,10,old
400,1.7441799640655518,0.054193349928514434,PBPF,cracker_scene1,10,old
401,1.7485454082489014,0.0541408361640005,PBPF,cracker_scene1,10,old
402,1.7529723644256592,0.05403308521609195,PBPF,cracker_scene1,10,old
403,1.7572929859161377,0.05403308521609195,PBPF,cracker_scene1,10,old
404,1.7615790367126465,0.05403308521609195,PBPF,cracker_scene1,10,old
405,1.7659578323364258,0.05403308521609195,PBPF,cracker_scene1,10,old
406,1.7706525325775146,0.05291913566656221,PBPF,cracker_scene1,10,old
407,1.774947166442871,0.05291913566656221,PBPF,cracker_scene1,10,old
408,1.7792539596557617,0.05291913566656221,PBPF,cracker_scene1,10,old
409,1.783958911895752,0.052825629768028015,PBPF,cracker_scene1,10,old
410,1.7883923053741455,0.05280461419459383,PBPF,cracker_scene1,10,old
411,1.7926347255706787,0.05280461419459383,PBPF,cracker_scene1,10,old
412,1.7969295978546143,0.05280461419459383,PBPF,cracker_scene1,10,old
413,1.8016200065612793,0.052729756516033996,PBPF,cracker_scene1,10,old
414,1.8059337139129639,0.052793406955651934,PBPF,cracker_scene1,10,old
415,1.810553789138794,0.05269892953824014,PBPF,cracker_scene1,10,old
416,1.8150899410247803,0.05262534494178266,PBPF,cracker_scene1,10,old
417,1.8193774223327637,0.05262534494178266,PBPF,cracker_scene1,10,old
418,1.823838472366333,0.052575229453506116,PBPF,cracker_scene1,10,old
419,1.8280818462371826,0.052575229453506116,PBPF,cracker_scene1,10,old
420,1.8325321674346924,0.0525355429362338,PBPF,cracker_scene1,10,old
421,1.8370153903961182,0.05253659111584773,PBPF,cracker_scene1,10,old
422,1.8411550521850586,0.05253659111584773,PBPF,cracker_scene1,10,old
423,1.845564603805542,0.05253659111584773,PBPF,cracker_scene1,10,old
424,1.8498830795288086,0.05247829111766133,PBPF,cracker_scene1,10,old
425,1.8544285297393799,0.052373098739246844,PBPF,cracker_scene1,10,old
426,1.8585195541381836,0.052373098739246844,PBPF,cracker_scene1,10,old
427,1.8630216121673584,0.05232597707911626,PBPF,cracker_scene1,10,old
428,1.867283821105957,0.052292677867442475,PBPF,cracker_scene1,10,old
429,1.8715741634368896,0.052292677867442475,PBPF,cracker_scene1,10,old
430,1.8758482933044434,0.052292677867442475,PBPF,cracker_scene1,10,old
431,1.8801405429840088,0.052292677867442475,PBPF,cracker_scene1,10,old
432,1.8848521709442139,0.05216841136669685,PBPF,cracker_scene1,10,old
433,1.8890483379364014,0.05216841136669685,PBPF,cracker_scene1,10,old
434,1.8936858177185059,0.0520974683313354,PBPF,cracker_scene1,10,old
435,1.8979694843292236,0.0520974683313354,PBPF,cracker_scene1,10,old
436,1.902132511138916,0.0520974683313354,PBPF,cracker_scene1,10,old
437,1.9067292213439941,0.051992025741312606,PBPF,cracker_scene1,10,old
438,1.9111230373382568,0.051992025741312606,PBPF,cracker_scene1,10,old
439,1.915398359298706,0.051992025741312606,PBPF,cracker_scene1,10,old
440,1.9198119640350342,0.05194283058505481,PBPF,cracker_scene1,10,old
441,1.9239881038665771,0.05194283058505481,PBPF,cracker_scene1,10,old
442,1.9281995296478271,0.05194283058505481,PBPF,cracker_scene1,10,old
443,1.9328606128692627,0.047943682960153736,PBPF,cracker_scene1,10,old
444,1.937206506729126,0.047943682960153736,PBPF,cracker_scene1,10,old
445,1.941560983657837,0.04795228977226639,PBPF,cracker_scene1,10,old
446,1.9458861351013184,0.04794158611436947,PBPF,cracker_scene1,10,old
447,1.9501056671142578,0.04794158611436947,PBPF,cracker_scene1,10,old
448,1.954418659210205,0.04795022622730318,PBPF,cracker_scene1,10,old
449,1.9588937759399414,0.047910115071908156,PBPF,cracker_scene1,10,old
450,1.9631588459014893,0.047910115071908156,PBPF,cracker_scene1,10,old
451,1.9674108028411865,0.047910115071908156,PBPF,cracker_scene1,10,old
452,1.971698522567749,0.047910115071908156,PBPF,cracker_scene1,10,old
453,1.9765262603759766,0.04780551063905322,PBPF,cracker_scene1,10,old
454,1.9807918071746826,0.04780551063905322,PBPF,cracker_scene1,10,old
455,1.985029697418213,0.04780551063905322,PBPF,cracker_scene1,10,old
456,1.989532232284546,0.047756748212726956,PBPF,cracker_scene1,10,old
457,1.994039535522461,0.04771159735509043,PBPF,cracker_scene1,10,old
458,1.9984455108642578,0.04771159735509043,PBPF,cracker_scene1,10,old
459,2.0027551651000977,0.04771159735509043,PBPF,cracker_scene1,10,old
460,2.00748348236084,0.047673822037858665,PBPF,cracker_scene1,10,old
461,2.0116097927093506,0.047673822037858665,PBPF,cracker_scene1,10,old
462,2.0160610675811768,0.0476628395931664,PBPF,cracker_scene1,10,old
463,2.0203797817230225,0.04763028831262847,PBPF,cracker_scene1,10,old
464,2.0247864723205566,0.04763028831262847,PBPF,cracker_scene1,10,old
465,2.029188632965088,0.047621009130804366,PBPF,cracker_scene1,10,old
466,2.0336501598358154,0.047621009130804366,PBPF,cracker_scene1,10,old
467,2.0377492904663086,0.047621009130804366,PBPF,cracker_scene1,10,old
468,2.042175054550171,0.04753925360353704,PBPF,cracker_scene1,10,old
469,2.0465879440307617,0.04752570486799103,PBPF,cracker_scene1,10,old
470,2.050914764404297,0.04752570486799103,PBPF,cracker_scene1,10,old
471,2.0553152561187744,0.04752570486799103,PBPF,cracker_scene1,10,old
472,2.059546947479248,0.04752570486799103,PBPF,cracker_scene1,10,old
473,2.064175605773926,0.04744284372424816,PBPF,cracker_scene1,10,old
474,2.0684456825256348,0.04744284372424816,PBPF,cracker_scene1,10,old
475,2.073051929473877,0.04741727887268745,PBPF,cracker_scene1,10,old
476,2.077944755554199,0.0474013765000435,PBPF,cracker_scene1,10,old
477,2.082501173019409,0.047397286885204164,PBPF,cracker_scene1,10,old
478,2.0868709087371826,0.04736414133279094,PBPF,cracker_scene1,10,old
479,2.0915253162384033,0.04890897810716814,PBPF,cracker_scene1,10,old
480,2.0957794189453125,0.0488576934800594,PBPF,cracker_scene1,10,old
481,2.1000633239746094,0.0488576934800594,PBPF,cracker_scene1,10,old
482,2.1041932106018066,0.0488576934800594,PBPF,cracker_scene1,10,old
483,2.108344078063965,0.0488576934800594,PBPF,cracker_scene1,10,old
484,2.112586498260498,0.04879762902367292,PBPF,cracker_scene1,10,old
485,2.1167726516723633,0.04879762902367292,PBPF,cracker_scene1,10,old
486,2.1211888790130615,0.04874567322742465,PBPF,cracker_scene1,10,old
487,2.125709295272827,0.048733932616894786,PBPF,cracker_scene1,10,old
488,2.1302177906036377,0.04868581416264873,PBPF,cracker_scene1,10,old
489,2.1346092224121094,0.04868581416264873,PBPF,cracker_scene1,10,old
490,2.138917922973633,0.048680774878887695,PBPF,cracker_scene1,10,old
491,2.1433191299438477,0.048680774878887695,PBPF,cracker_scene1,10,old
492,2.147763967514038,0.048685515897180336,PBPF,cracker_scene1,10,old
493,2.152294397354126,0.048650407533168134,PBPF,cracker_scene1,10,old
494,2.156531572341919,0.04865084741324893,PBPF,cracker_scene1,10,old
495,2.1609151363372803,0.048657867998939855,PBPF,cracker_scene1,10,old
496,2.1657447814941406,0.04863035011153889,PBPF,cracker_scene1,10,old
497,2.170095443725586,0.048603654596985596,PBPF,cracker_scene1,10,old
498,2.1741929054260254,0.048614226435670434,PBPF,cracker_scene1,10,old
499,2.1801564693450928,0.048680600529229436,PBPF,cracker_scene1,10,old
500,2.184180736541748,0.048680600529229436,PBPF,cracker_scene1,10,old
501,2.188383102416992,0.04851187193005713,PBPF,cracker_scene1,10,old
502,2.1923394203186035,0.04851187193005713,PBPF,cracker_scene1,10,old
503,2.1968374252319336,0.0485437529323485,PBPF,cracker_scene1,10,old
504,2.2011878490448,0.0485437529323485,PBPF,cracker_scene1,10,old
505,2.2055020332336426,0.048543591685129533,PBPF,cracker_scene1,10,old
506,2.2096498012542725,0.048543591685129533,PBPF,cracker_scene1,10,old
507,2.2142505645751953,0.048621314041947715,PBPF,cracker_scene1,10,old
508,2.218308210372925,0.048621314041947715,PBPF,cracker_scene1,10,old
509,2.222616672515869,0.04885998293869677,PBPF,cracker_scene1,10,old
510,2.2267112731933594,0.04885998293869677,PBPF,cracker_scene1,10,old
511,2.2313601970672607,0.04877589107126329,PBPF,cracker_scene1,10,old
512,2.235677480697632,0.04861621936253141,PBPF,cracker_scene1,10,old
513,2.2400078773498535,0.04861621936253141,PBPF,cracker_scene1,10,old
514,2.244431495666504,0.04943772820951543,PBPF,cracker_scene1,10,old
515,2.248831272125244,0.04937101782986338,PBPF,cracker_scene1,10,old
516,2.252851963043213,0.04937101782986338,PBPF,cracker_scene1,10,old
517,2.257096529006958,0.049236040053024364,PBPF,cracker_scene1,10,old
518,2.26113224029541,0.049236040053024364,PBPF,cracker_scene1,10,old
519,2.2652196884155273,0.04941431293083448,PBPF,cracker_scene1,10,old
520,2.269373893737793,0.04941431293083448,PBPF,cracker_scene1,10,old
521,2.273707151412964,0.04933443068835693,PBPF,cracker_scene1,10,old
522,2.277916669845581,0.04933443068835693,PBPF,cracker_scene1,10,old
523,2.2821433544158936,0.04924196283019702,PBPF,cracker_scene1,10,old
524,2.2863192558288574,0.04934606692946922,PBPF,cracker_scene1,10,old
525,2.290656089782715,0.04924854676993205,PBPF,cracker_scene1,10,old
526,2.2948641777038574,0.04918606103506057,PBPF,cracker_scene1,10,old
527,2.2991220951080322,0.04918606103506057,PBPF,cracker_scene1,10,old
528,2.303051471710205,0.04918606103506057,PBPF,cracker_scene1,10,old
529,2.3071072101593018,0.04918606103506057,PBPF,cracker_scene1,10,old
530,2.3114237785339355,0.04901868061059924,PBPF,cracker_scene1,10,old
531,2.3157598972320557,0.04894856401632213,PBPF,cracker_scene1,10,old
532,2.3201491832733154,0.04894856401632213,PBPF,cracker_scene1,10,old
533,2.3242785930633545,0.04896409054083114,PBPF,cracker_scene1,10,old
534,2.32847261428833,0.04896409054083114,PBPF,cracker_scene1,10,old
535,2.3327555656433105,0.048884789366493105,PBPF,cracker_scene1,10,old
536,2.336909294128418,0.048884789366493105,PBPF,cracker_scene1,10,old
537,2.341010808944702,0.048884789366493105,PBPF,cracker_scene1,10,old
538,2.345235586166382,0.04886121112357383,PBPF,cracker_scene1,10,old
539,2.3495349884033203,0.04886121112357383,PBPF,cracker_scene1,10,old
540,2.353888750076294,0.048881420293826465,PBPF,cracker_scene1,10,old
541,2.358241081237793,0.048881420293826465,PBPF,cracker_scene1,10,old
542,2.3626203536987305,0.04884468394277445,PBPF,cracker_scene1,10,old
543,2.366908311843872,0.04883018728471293,PBPF,cracker_scene1,10,old
544,2.371157646179199,0.04878805195696322,PBPF,cracker_scene1,10,old
545,2.3752617835998535,0.048806076038695065,PBPF,cracker_scene1,10,old
546,2.379394292831421,0.04863447217258113,PBPF,cracker_scene1,10,old
547,2.3833346366882324,0.04863447217258113,PBPF,cracker_scene1,10,old
548,2.3875625133514404,0.04863447217258113,PBPF,cracker_scene1,10,old
549,2.3917975425720215,0.04866250646125823,PBPF,cracker_scene1,10,old
550,2.396092176437378,0.04860864125309478,PBPF,cracker_scene1,10,old
551,2.4012503623962402,0.0513164290161415,PBPF,cracker_scene1,10,old
552,2.4053261280059814,0.051373490062193494,PBPF,cracker_scene1,10,old
553,2.409776449203491,0.051373490062193494,PBPF,cracker_scene1,10,old
554,2.4139955043792725,0.051373490062193494,PBPF,cracker_scene1,10,old
555,2.4179816246032715,0.051373490062193494,PBPF,cracker_scene1,10,old
556,2.4226012229919434,0.05105426697274589,PBPF,cracker_scene1,10,old
557,2.427034854888916,0.051053322339563376,PBPF,cracker_scene1,10,old
558,2.4311270713806152,0.051053322339563376,PBPF,cracker_scene1,10,old
559,2.435739278793335,0.05104586895325351,PBPF,cracker_scene1,10,old
560,2.4399828910827637,0.05104586895325351,PBPF,cracker_scene1,10,old
561,2.444143056869507,0.05104586895325351,PBPF,cracker_scene1,10,old
562,2.4485929012298584,0.05099161483145666,PBPF,cracker_scene1,10,old
563,2.452939510345459,0.050954389476977995,PBPF,cracker_scene1,10,old
564,2.457063913345337,0.050954389476977995,PBPF,cracker_scene1,10,old
565,2.4614322185516357,0.050954389476977995,PBPF,cracker_scene1,10,old
566,2.4661810398101807,0.05105849647810032,PBPF,cracker_scene1,10,old
567,2.4706239700317383,0.05080894086625098,PBPF,cracker_scene1,10,old
568,2.47550106048584,0.0507041218690223,PBPF,cracker_scene1,10,old
569,2.4804768562316895,0.050650754718106594,PBPF,cracker_scene1,10,old
570,2.4846696853637695,0.05066854160240967,PBPF,cracker_scene1,10,old
571,2.4891786575317383,0.0506592261480254,PBPF,cracker_scene1,10,old
572,2.4932782649993896,0.0506038379061394,PBPF,cracker_scene1,10,old
573,2.4977056980133057,0.05061724748605143,PBPF,cracker_scene1,10,old
574,2.5018367767333984,0.0505986386637062,PBPF,cracker_scene1,10,old
575,2.5062530040740967,0.05069414235828246,PBPF,cracker_scene1,10,old
576,2.510225296020508,0.05069414235828246,PBPF,cracker_scene1,10,old
577,2.514845132827759,0.05063913847355996,PBPF,cracker_scene1,10,old
578,2.518979549407959,0.05063913847355996,PBPF,cracker_scene1,10,old
579,2.5235636234283447,0.05053450912111376,PBPF,cracker_scene1,10,old
580,2.5277035236358643,0.0504625318592839,PBPF,cracker_scene1,10,old
581,2.532059669494629,0.0504625318592839,PBPF,cracker_scene1,10,old
582,2.5364348888397217,0.050444706625432115,PBPF,cracker_scene1,10,old
583,2.5415403842926025,0.050444706625432115,PBPF,cracker_scene1,10,old
584,2.546203374862671,0.05051013702559142,PBPF,cracker_scene1,10,old
585,2.5512681007385254,0.05051013702559142,PBPF,cracker_scene1,10,old
586,2.5557007789611816,0.05043143903379525,PBPF,cracker_scene1,10,old
587,2.5602362155914307,0.05824344854401871,PBPF,cracker_scene1,10,old
588,2.5648343563079834,0.0582424759414737,PBPF,cracker_scene1,10,old
589,2.569659948348999,0.05812325437923938,PBPF,cracker_scene1,10,old
590,2.573962926864624,0.05812325437923938,PBPF,cracker_scene1,10,old
591,2.5784974098205566,0.05812120573080752,PBPF,cracker_scene1,10,old
592,2.5830018520355225,0.05812120573080752,PBPF,cracker_scene1,10,old
593,2.587737560272217,0.0580542128475818,PBPF,cracker_scene1,10,old
594,2.592104434967041,0.0580542128475818,PBPF,cracker_scene1,10,old
595,2.596722364425659,0.05797586933333638,PBPF,cracker_scene1,10,old
596,2.6012330055236816,0.05797586933333638,PBPF,cracker_scene1,10,old
597,2.6053905487060547,0.05798978465083629,PBPF,cracker_scene1,10,old
598,2.609452486038208,0.05798978465083629,PBPF,cracker_scene1,10,old
599,2.613581418991089,0.057954717399303884,PBPF,cracker_scene1,10,old
600,2.6175947189331055,0.057954717399303884,PBPF,cracker_scene1,10,old
601,2.621809482574463,0.05790793327666761,PBPF,cracker_scene1,10,old
602,2.6258232593536377,0.05790793327666761,PBPF,cracker_scene1,10,old
603,2.630557060241699,0.057900969754599754,PBPF,cracker_scene1,10,old
604,2.6350927352905273,0.05788790696238341,PBPF,cracker_scene1,10,old
605,2.639692783355713,0.05788790696238341,PBPF,cracker_scene1,10,old
606,2.6439411640167236,0.05788889519453775,PBPF,cracker_scene1,10,old
607,2.648517608642578,0.0577855793388417,PBPF,cracker_scene1,10,old
608,2.653031349182129,0.0577855793388417,PBPF,cracker_scene1,10,old
609,2.6575846672058105,0.057675316129882734,PBPF,cracker_scene1,10,old
610,2.662477493286133,0.05764488746394002,PBPF,cracker_scene1,10,old
611,2.6667351722717285,0.05764488746394002,PBPF,cracker_scene1,10,old
612,2.671616554260254,0.05756085739471599,PBPF,cracker_scene1,10,old
613,2.675771951675415,0.05756085739471599,PBPF,cracker_scene1,10,old
614,2.6802265644073486,0.05753447579692673,PBPF,cracker_scene1,10,old
615,2.6847918033599854,0.05753447579692673,PBPF,cracker_scene1,10,old
616,2.689356565475464,0.05750450390150479,PBPF,cracker_scene1,10,old
617,2.6936147212982178,0.05750450390150479,PBPF,cracker_scene1,10,old
618,2.6984713077545166,0.05747400931182848,PBPF,cracker_scene1,10,old
619,2.7033286094665527,0.05743992916796124,PBPF,cracker_scene1,10,old
620,2.707660675048828,0.05743992916796124,PBPF,cracker_scene1,10,old
621,2.7119531631469727,0.057483884692666104,PBPF,cracker_scene1,10,old
622,2.7162458896636963,0.057483884692666104,PBPF,cracker_scene1,10,old
623,2.7207894325256348,0.054633234869602,PBPF,cracker_scene1,10,old
624,2.7249057292938232,0.054633234869602,PBPF,cracker_scene1,10,old
625,2.7292675971984863,0.0544968743168881,PBPF,cracker_scene1,10,old
626,2.7334697246551514,0.0544968743168881,PBPF,cracker_scene1,10,old
627,2.737746000289917,0.05449493002417132,PBPF,cracker_scene1,10,old
628,2.7419378757476807,0.05449493002417132,PBPF,cracker_scene1,10,old
629,2.746424436569214,0.05449493002417132,PBPF,cracker_scene1,10,old
630,2.750924587249756,0.05447004453953639,PBPF,cracker_scene1,10,old
631,2.75541090965271,0.05449435744881791,PBPF,cracker_scene1,10,old
632,2.759728193283081,0.05449435744881791,PBPF,cracker_scene1,10,old
633,2.764094352722168,0.054357210803887814,PBPF,cracker_scene1,10,old
634,2.7689685821533203,0.05430680792339761,PBPF,cracker_scene1,10,old
635,2.773101568222046,0.05430680792339761,PBPF,cracker_scene1,10,old
636,2.7773358821868896,0.05430680792339761,PBPF,cracker_scene1,10,old
637,2.7817444801330566,0.054252580137039805,PBPF,cracker_scene1,10,old
638,2.786198139190674,0.05421376983224068,PBPF,cracker_scene1,10,old
639,2.7903566360473633,0.05421376983224068,PBPF,cracker_scene1,10,old
640,2.7946667671203613,0.05423846239815205,PBPF,cracker_scene1,10,old
641,2.7990496158599854,0.05423846239815205,PBPF,cracker_scene1,10,old
642,2.8037519454956055,0.054289699332684974,PBPF,cracker_scene1,10,old
643,2.8078837394714355,0.054289699332684974,PBPF,cracker_scene1,10,old
644,2.81215500831604,0.054245557637586234,PBPF,cracker_scene1,10,old
645,2.8164846897125244,0.054245557637586234,PBPF,cracker_scene1,10,old
646,2.820751905441284,0.05417998542199895,PBPF,cracker_scene1,10,old
647,2.8249318599700928,0.05417998542199895,PBPF,cracker_scene1,10,old
648,2.8293240070343018,0.05417731353421088,PBPF,cracker_scene1,10,old
649,2.8339154720306396,0.05417731353421088,PBPF,cracker_scene1,10,old
650,2.8380074501037598,0.05420725036164608,PBPF,cracker_scene1,10,old
651,2.8420698642730713,0.05420725036164608,PBPF,cracker_scene1,10,old
652,2.8463613986968994,0.054176972930769715,PBPF,cracker_scene1,10,old
653,2.8505139350891113,0.054176972930769715,PBPF,cracker_scene1,10,old
654,2.854597806930542,0.05413604622132045,PBPF,cracker_scene1,10,old
655,2.8585526943206787,0.05413604622132045,PBPF,cracker_scene1,10,old
656,2.8630270957946777,0.05409558834159944,PBPF,cracker_scene1,10,old
657,2.867276430130005,0.05409558834159944,PBPF,cracker_scene1,10,old
658,2.8716065883636475,0.05405863682200153,PBPF,cracker_scene1,10,old
659,2.8758702278137207,0.05405863682200153,PBPF,cracker_scene1,10,old
660,2.880281925201416,0.05409630844949029,PBPF,cracker_scene1,10,old
661,2.8846065998077393,0.05968573107067542,PBPF,cracker_scene1,10,old
662,2.8889379501342773,0.05965680694925078,PBPF,cracker_scene1,10,old
663,2.8930270671844482,0.05965680694925078,PBPF,cracker_scene1,10,old
664,2.897420644760132,0.05956920587579443,PBPF,cracker_scene1,10,old
665,2.9016518592834473,0.059569951502952606,PBPF,cracker_scene1,10,old
666,2.9060323238372803,0.059569951502952606,PBPF,cracker_scene1,10,old
667,2.9102816581726074,0.059621627593211,PBPF,cracker_scene1,10,old
668,2.9146969318389893,0.05956633913581332,PBPF,cracker_scene1,10,old
669,2.918741464614868,0.05956633913581332,PBPF,cracker_scene1,10,old
670,2.9230737686157227,0.05950977181480703,PBPF,cracker_scene1,10,old
671,2.9271938800811768,0.05950977181480703,PBPF,cracker_scene1,10,old
672,2.9314675331115723,0.05946699362072503,PBPF,cracker_scene1,10,old
673,2.9356656074523926,0.05944315575944036,PBPF,cracker_scene1,10,old
674,2.9399068355560303,0.05944315575944036,PBPF,cracker_scene1,10,old
675,2.9441802501678467,0.05944315575944036,PBPF,cracker_scene1,10,old
676,2.948430299758911,0.05946377950923074,PBPF,cracker_scene1,10,old
677,2.9526379108428955,0.05943989713816189,PBPF,cracker_scene1,10,old
678,2.9567487239837646,0.05943989713816189,PBPF,cracker_scene1,10,old
679,2.9610681533813477,0.05941612436025126,PBPF,cracker_scene1,10,old
680,2.965341806411743,0.05941612436025126,PBPF,cracker_scene1,10,old
681,2.9697728157043457,0.05938403464220474,PBPF,cracker_scene1,10,old
682,2.9739627838134766,0.05938403464220474,PBPF,cracker_scene1,10,old
683,2.978278636932373,0.05940585026375058,PBPF,cracker_scene1,10,old
684,2.982476234436035,0.05940585026375058,PBPF,cracker_scene1,10,old
685,2.9870705604553223,0.05936197466186366,PBPF,cracker_scene1,10,old
686,2.9912168979644775,0.05936197466186366,PBPF,cracker_scene1,10,old
687,2.9956319332122803,0.05938280215279334,PBPF,cracker_scene1,10,old
688,2.9997706413269043,0.05938280215279334,PBPF,cracker_scene1,10,old
689,3.0041229724884033,0.05934038147582362,PBPF,cracker_scene1,10,old
690,3.008164644241333,0.05934038147582362,PBPF,cracker_scene1,10,old
691,3.0125083923339844,0.05935339747913284,PBPF,cracker_scene1,10,old
692,3.0166375637054443,0.05935339747913284,PBPF,cracker_scene1,10,old
693,3.020892858505249,0.05931422899957796,PBPF,cracker_scene1,10,old
694,3.025109052658081,0.05931422899957796,PBPF,cracker_scene1,10,old
695,3.0296781063079834,0.05926555723792834,PBPF,cracker_scene1,10,old
696,3.0342602729797363,0.0592584304850565,PBPF,cracker_scene1,10,old
697,3.0385799407958984,0.0592584304850565,PBPF,cracker_scene1,10,old
698,3.042736530303955,0.06128915464641389,PBPF,cracker_scene1,10,old
699,3.0470829010009766,0.06125118459447569,PBPF,cracker_scene1,10,old
700,3.0511550903320312,0.06125701679748284,PBPF,cracker_scene1,10,old
701,3.055511951446533,0.06125701679748284,PBPF,cracker_scene1,10,old
702,3.059520959854126,0.06125701679748284,PBPF,cracker_scene1,10,old
703,3.0638489723205566,0.06119725366376004,PBPF,cracker_scene1,10,old
704,3.0682382583618164,0.06119725366376004,PBPF,cracker_scene1,10,old
705,3.073047161102295,0.061169676555036495,PBPF,cracker_scene1,10,old
706,3.077723741531372,0.06119559601262048,PBPF,cracker_scene1,10,old
707,3.08221173286438,0.061170717551649816,PBPF,cracker_scene1,10,old
708,3.086364984512329,0.06109171587799977,PBPF,cracker_scene1,10,old
709,3.090555191040039,0.06109171587799977,PBPF,cracker_scene1,10,old
710,3.094857931137085,0.0610692431226699,PBPF,cracker_scene1,10,old
711,3.1008405685424805,0.0610692431226699,PBPF,cracker_scene1,10,old
712,3.1057097911834717,0.0610692431226699,PBPF,cracker_scene1,10,old
713,3.110320568084717,0.06104505896539742,PBPF,cracker_scene1,10,old
714,3.1145098209381104,0.06104505896539742,PBPF,cracker_scene1,10,old
715,3.1192190647125244,0.06103185749594467,PBPF,cracker_scene1,10,old
716,3.123394012451172,0.06103185749594467,PBPF,cracker_scene1,10,old
717,3.127748489379883,0.06101936933918204,PBPF,cracker_scene1,10,old
718,3.1320149898529053,0.06101936933918204,PBPF,cracker_scene1,10,old
719,3.1363415718078613,0.06106563171158505,PBPF,cracker_scene1,10,old
720,3.140566110610962,0.06106936133498182,PBPF,cracker_scene1,10,old
721,3.1449382305145264,0.06106936133498182,PBPF,cracker_scene1,10,old
722,3.1493701934814453,0.06105401505020317,PBPF,cracker_scene1,10,old
723,3.153627872467041,0.06105401505020317,PBPF,cracker_scene1,10,old
724,3.157980442047119,0.061063617814396856,PBPF,cracker_scene1,10,old
725,3.1622636318206787,0.0610693800628398,PBPF,cracker_scene1,10,old
726,3.1664836406707764,0.0610693800628398,PBPF,cracker_scene1,10,old
727,3.170840263366699,0.06106565151566803,PBPF,cracker_scene1,10,old
728,3.1749532222747803,0.06106565151566803,PBPF,cracker_scene1,10,old
729,3.1791579723358154,0.06106565151566803,PBPF,cracker_scene1,10,old
730,3.183584690093994,0.061052112037864634,PBPF,cracker_scene1,10,old
731,3.1878864765167236,0.061052112037864634,PBPF,cracker_scene1,10,old
732,3.192525625228882,0.06106227251627518,PBPF,cracker_scene1,10,old
733,3.1969821453094482,0.0610848940775948,PBPF,cracker_scene1,10,old
734,3.2016332149505615,0.061057148658913506,PBPF,cracker_scene1,10,old
735,3.2057979106903076,0.061057148658913506,PBPF,cracker_scene1,10,old
736,3.2102582454681396,0.06103112101704811,PBPF,cracker_scene1,10,old
737,3.2147085666656494,0.06103774724843287,PBPF,cracker_scene1,10,old
738,3.218961000442505,0.061052088281749094,PBPF,cracker_scene1,10,old
739,3.2232003211975098,0.061052088281749094,PBPF,cracker_scene1,10,old
740,3.227445602416992,0.061052088281749094,PBPF,cracker_scene1,10,old
741,3.2320396900177,0.060999009125094934,PBPF,cracker_scene1,10,old
742,3.2364003658294678,0.060999009125094934,PBPF,cracker_scene1,10,old
743,3.2409119606018066,0.061030391808828174,PBPF,cracker_scene1,10,old
744,3.2453973293304443,0.06101156193466253,PBPF,cracker_scene1,10,old
745,3.249569892883301,0.061010416630841495,PBPF,cracker_scene1,10,old
746,3.25364351272583,0.061010416630841495,PBPF,cracker_scene1,10,old
747,3.2578604221343994,0.061010416630841495,PBPF,cracker_scene1,10,old
748,3.2624194622039795,0.061007207475113547,PBPF,cracker_scene1,10,old
749,3.26731276512146,0.061027979478654126,PBPF,cracker_scene1,10,old
750,3.2718803882598877,0.061009315566278026,PBPF,cracker_scene1,10,old
751,3.276374101638794,0.061016670951603125,PBPF,cracker_scene1,10,old
752,3.2810251712799072,0.061018179306765764,PBPF,cracker_scene1,10,old
753,3.2858269214630127,0.061003091164619834,PBPF,cracker_scene1,10,old
754,3.2902092933654785,0.061003091164619834,PBPF,cracker_scene1,10,old
755,3.2946574687957764,0.06099882331943097,PBPF,cracker_scene1,10,old
756,3.2991135120391846,0.06099882331943097,PBPF,cracker_scene1,10,old
757,3.3035824298858643,0.060993875062378015,PBPF,cracker_scene1,10,old
758,3.3077900409698486,0.061005960963767515,PBPF,cracker_scene1,10,old
759,3.312145233154297,0.0610378797261483,PBPF,cracker_scene1,10,old
760,3.316433906555176,0.0610378797261483,PBPF,cracker_scene1,10,old
761,3.321122884750366,0.06099658307491438,PBPF,cracker_scene1,10,old
762,3.3253180980682373,0.06099658307491438,PBPF,cracker_scene1,10,old
763,3.329775810241699,0.06099943384680743,PBPF,cracker_scene1,10,old
764,3.334070920944214,0.06099943384680743,PBPF,cracker_scene1,10,old
765,3.338611125946045,0.060994219003264044,PBPF,cracker_scene1,10,old
766,3.3426594734191895,0.060994219003264044,PBPF,cracker_scene1,10,old
767,3.347076654434204,0.060996976912624915,PBPF,cracker_scene1,10,old
768,3.3512978553771973,0.060996976912624915,PBPF,cracker_scene1,10,old
769,3.355888605117798,0.061006099477910386,PBPF,cracker_scene1,10,old
770,3.3600053787231445,0.061006099477910386,PBPF,cracker_scene1,10,old
771,3.364480972290039,0.06102628522929588,PBPF,cracker_scene1,10,old
772,3.368823289871216,0.061007152705516765,PBPF,cracker_scene1,10,old
773,3.3731491565704346,0.061007152705516765,PBPF,cracker_scene1,10,old
774,3.377549171447754,0.06100753212207314,PBPF,cracker_scene1,10,old
775,3.381931781768799,0.06101018384028223,PBPF,cracker_scene1,10,old
776,3.3862998485565186,0.06100911097954968,PBPF,cracker_scene1,10,old
777,3.3906054496765137,0.06100911097954968,PBPF,cracker_scene1,10,old
778,3.3951847553253174,0.060999852960487336,PBPF,cracker_scene1,10,old
779,3.3994410037994385,0.0609997196798182,PBPF,cracker_scene1,10,old
780,3.4039881229400635,0.0610192869762096,PBPF,cracker_scene1,10,old
781,3.408106565475464,0.0610192869762096,PBPF,cracker_scene1,10,old
782,3.412529468536377,0.061027179965720046,PBPF,cracker_scene1,10,old
783,3.416863441467285,0.061027179965720046,PBPF,cracker_scene1,10,old
784,3.4213342666625977,0.061007758791032166,PBPF,cracker_scene1,10,old
785,3.4253768920898438,0.061007758791032166,PBPF,cracker_scene1,10,old
786,3.4298501014709473,0.060999773106127725,PBPF,cracker_scene1,10,old
787,3.4341864585876465,0.060999773106127725,PBPF,cracker_scene1,10,old
788,3.438413381576538,0.06100256639764321,PBPF,cracker_scene1,10,old
789,3.4424240589141846,0.06099076147248594,PBPF,cracker_scene1,10,old
790,3.4465994834899902,0.0609838392360042,PBPF,cracker_scene1,10,old
791,3.4506542682647705,0.0609838392360042,PBPF,cracker_scene1,10,old
792,3.454821825027466,0.06101459816350241,PBPF,cracker_scene1,10,old
793,3.4587502479553223,0.06101459816350241,PBPF,cracker_scene1,10,old
794,3.4634969234466553,0.06099125665991684,PBPF,cracker_scene1,10,old
795,3.46770977973938,0.06099125665991684,PBPF,cracker_scene1,10,old
796,3.4721248149871826,0.06098940338551557,PBPF,cracker_scene1,10,old
797,3.476240873336792,0.06098940338551557,PBPF,cracker_scene1,10,old
798,3.480584144592285,0.06099328023098052,PBPF,cracker_scene1,10,old
799,3.484678030014038,0.06099328023098052,PBPF,cracker_scene1,10,old
800,3.4889578819274902,0.06099867142130219,PBPF,cracker_scene1,10,old
801,3.493093252182007,0.060988480882354215,PBPF,cracker_scene1,10,old
802,3.497471809387207,0.0609835442323038,PBPF,cracker_scene1,10,old
803,3.501573085784912,0.0609835442323038,PBPF,cracker_scene1,10,old
804,3.5057878494262695,0.0609835442323038,PBPF,cracker_scene1,10,old
805,3.5102620124816895,0.06099545090980818,PBPF,cracker_scene1,10,old
806,3.514376163482666,0.06099545090980818,PBPF,cracker_scene1,10,old
807,3.5187761783599854,0.06099765014454762,PBPF,cracker_scene1,10,old
808,3.5229296684265137,0.06099765014454762,PBPF,cracker_scene1,10,old
809,3.527177572250366,0.06099765014454762,PBPF,cracker_scene1,10,old
810,3.5314900875091553,0.06100233219801224,PBPF,cracker_scene1,10,old
811,3.535980224609375,0.0609848529797379,PBPF,cracker_scene1,10,old
812,3.540430784225464,0.06098166028251582,PBPF,cracker_scene1,10,old
813,3.5445046424865723,0.06098166028251582,PBPF,cracker_scene1,10,old
814,3.5490686893463135,0.06101659999804216,PBPF,cracker_scene1,10,old
815,3.5532071590423584,0.06101659999804216,PBPF,cracker_scene1,10,old
816,3.557659149169922,0.061013658972670796,PBPF,cracker_scene1,10,old
817,3.5617856979370117,0.061013658972670796,PBPF,cracker_scene1,10,old
818,3.566216230392456,0.06097646256612851,PBPF,cracker_scene1,10,old
819,3.5704221725463867,0.06097646256612851,PBPF,cracker_scene1,10,old
820,3.574753761291504,0.06097646256612851,PBPF,cracker_scene1,10,old
821,3.579099178314209,0.060968070809177204,PBPF,cracker_scene1,10,old
822,3.583319902420044,0.060968070809177204,PBPF,cracker_scene1,10,old
823,3.5875132083892822,0.060968070809177204,PBPF,cracker_scene1,10,old
824,3.5919299125671387,0.06097624237559865,PBPF,cracker_scene1,10,old
825,3.5962419509887695,0.06097624237559865,PBPF,cracker_scene1,10,old
826,3.6004014015197754,0.06097624237559865,PBPF,cracker_scene1,10,old
827,3.6049201488494873,0.06097149790414607,PBPF,cracker_scene1,10,old
828,3.609110116958618,0.06097149790414607,PBPF,cracker_scene1,10,old
829,3.6134145259857178,0.06100962490233886,PBPF,cracker_scene1,10,old
830,3.6176021099090576,0.06100962490233886,PBPF,cracker_scene1,10,old
831,3.621687889099121,0.06100962490233886,PBPF,cracker_scene1,10,old
832,3.6260151863098145,0.06100223131590707,PBPF,cracker_scene1,10,old
833,3.6301937103271484,0.06100223131590707,PBPF,cracker_scene1,10,old
834,3.6346049308776855,0.06103056993553834,PBPF,cracker_scene1,10,old
835,3.638784646987915,0.06102088348862586,PBPF,cracker_scene1,10,old
836,3.642777442932129,0.06102088348862586,PBPF,cracker_scene1,10,old
837,3.6468520164489746,0.06102088348862586,PBPF,cracker_scene1,10,old
838,3.6509742736816406,0.060996426630651,PBPF,cracker_scene1,10,old
839,3.6550099849700928,0.060996426630651,PBPF,cracker_scene1,10,old
840,3.659287452697754,0.060996426630651,PBPF,cracker_scene1,10,old
841,3.663771152496338,0.06101645612021578,PBPF,cracker_scene1,10,old
842,3.668579339981079,0.06101645612021578,PBPF,cracker_scene1,10,old
843,3.6731433868408203,0.06097659408607361,PBPF,cracker_scene1,10,old
844,3.6777384281158447,0.06096730765912524,PBPF,cracker_scene1,10,old
845,3.682243585586548,0.06092193868380659,PBPF,cracker_scene1,10,old
846,3.6870548725128174,0.061985252417238304,PBPF,cracker_scene1,10,old
847,3.6915812492370605,0.061828289675909205,PBPF,cracker_scene1,10,old
848,3.6958587169647217,0.061828289675909205,PBPF,cracker_scene1,10,old
849,3.7003111839294434,0.061905199001970224,PBPF,cracker_scene1,10,old
850,3.7046966552734375,0.061789247621646774,PBPF,cracker_scene1,10,old
851,3.7087910175323486,0.061789247621646774,PBPF,cracker_scene1,10,old
852,3.7130911350250244,0.06178800612070947,PBPF,cracker_scene1,10,old
853,3.7171573638916016,0.06178800612070947,PBPF,cracker_scene1,10,old
854,3.7214224338531494,0.061731886412864506,PBPF,cracker_scene1,10,old
855,3.7256319522857666,0.061743797934599755,PBPF,cracker_scene1,10,old
856,3.729973793029785,0.061743797934599755,PBPF,cracker_scene1,10,old
857,3.733985662460327,0.061743797934599755,PBPF,cracker_scene1,10,old
858,3.7383813858032227,0.061819724894255856,PBPF,cracker_scene1,10,old
859,3.7426555156707764,0.061819724894255856,PBPF,cracker_scene1,10,old
860,3.7470953464508057,0.06178408924991824,PBPF,cracker_scene1,10,old
861,3.7510368824005127,0.06178408924991824,PBPF,cracker_scene1,10,old
862,3.7552802562713623,0.06168428040601333,PBPF,cracker_scene1,10,old
863,3.7594008445739746,0.06168428040601333,PBPF,cracker_scene1,10,old
864,3.7636282444000244,0.06172333638673247,PBPF,cracker_scene1,10,old
865,3.7677559852600098,0.06164156784811094,PBPF,cracker_scene1,10,old
866,3.772106885910034,0.06157429337076109,PBPF,cracker_scene1,10,old
867,3.776541233062744,0.06154198426992488,PBPF,cracker_scene1,10,old
868,3.7807765007019043,0.06153706637090569,PBPF,cracker_scene1,10,old
869,3.7848477363586426,0.06161246166257474,PBPF,cracker_scene1,10,old
870,3.7889370918273926,0.06161246166257474,PBPF,cracker_scene1,10,old
871,3.793116807937622,0.06161246166257474,PBPF,cracker_scene1,10,old
872,3.797492504119873,0.06162347154339631,PBPF,cracker_scene1,10,old
873,3.8016347885131836,0.06161847438724367,PBPF,cracker_scene1,10,old
874,3.8058180809020996,0.06161847438724367,PBPF,cracker_scene1,10,old
875,3.810054063796997,0.06149152838241967,PBPF,cracker_scene1,10,old
876,3.8141651153564453,0.06149152838241967,PBPF,cracker_scene1,10,old
877,3.818418025970459,0.06149931586623348,PBPF,cracker_scene1,10,old
878,3.822725296020508,0.061488331137864165,PBPF,cracker_scene1,10,old
879,3.8272056579589844,0.061449195097367806,PBPF,cracker_scene1,10,old
880,3.831373691558838,0.061449195097367806,PBPF,cracker_scene1,10,old
881,3.835808515548706,0.0613953737624611,PBPF,cracker_scene1,10,old
882,3.839855194091797,0.0613953737624611,PBPF,cracker_scene1,10,old
883,3.8439316749572754,0.06133077974654426,PBPF,cracker_scene1,10,old
884,3.8481483459472656,0.059871062300511646,PBPF,cracker_scene1,10,old
885,3.852189540863037,0.059868008935298006,PBPF,cracker_scene1,10,old
886,3.856196165084839,0.05983348123941325,PBPF,cracker_scene1,10,old
887,3.8602473735809326,0.05977048554178501,PBPF,cracker_scene1,10,old
888,3.8647496700286865,0.05983268977807406,PBPF,cracker_scene1,10,old
889,3.869098424911499,0.05973346882745005,PBPF,cracker_scene1,10,old
890,3.8732340335845947,0.05973346882745005,PBPF,cracker_scene1,10,old
891,3.8774492740631104,0.05970140048972467,PBPF,cracker_scene1,10,old
892,3.881741523742676,0.05970140048972467,PBPF,cracker_scene1,10,old
893,3.885775089263916,0.059710386105396425,PBPF,cracker_scene1,10,old
894,3.890042543411255,0.0596442627971084,PBPF,cracker_scene1,10,old
895,3.894138813018799,0.05960201936263865,PBPF,cracker_scene1,10,old
896,3.898406982421875,0.05960201936263865,PBPF,cracker_scene1,10,old
897,3.9025862216949463,0.05960280732392386,PBPF,cracker_scene1,10,old
898,3.9067885875701904,0.05960280732392386,PBPF,cracker_scene1,10,old
899,3.9108855724334717,0.059581242619879723,PBPF,cracker_scene1,10,old
900,3.9150545597076416,0.059581242619879723,PBPF,cracker_scene1,10,old
901,3.9194068908691406,0.0595467693494432,PBPF,cracker_scene1,10,old
902,3.9235613346099854,0.0595467693494432,PBPF,cracker_scene1,10,old
903,3.9277310371398926,0.059601128983626926,PBPF,cracker_scene1,10,old
904,3.931971311569214,0.059539783116038116,PBPF,cracker_scene1,10,old
905,3.93609881401062,0.05946328644575756,PBPF,cracker_scene1,10,old
906,3.940312147140503,0.05946328644575756,PBPF,cracker_scene1,10,old
907,3.9445035457611084,0.05945597446227093,PBPF,cracker_scene1,10,old
908,3.9486453533172607,0.05945597446227093,PBPF,cracker_scene1,10,old
909,3.9528214931488037,0.05939852578786509,PBPF,cracker_scene1,10,old
910,3.9569687843322754,0.05939852578786509,PBPF,cracker_scene1,10,old
911,3.9612278938293457,0.0594137366178334,PBPF,cracker_scene1,10,old
912,3.9654340744018555,0.0594137366178334,PBPF,cracker_scene1,10,old
913,3.9695780277252197,0.05934409682497409,PBPF,cracker_scene1,10,old
914,3.9737415313720703,0.05934409682497409,PBPF,cracker_scene1,10,old
915,3.978004217147827,0.05928178753281676,PBPF,cracker_scene1,10,old
916,3.982088327407837,0.05928178753281676,PBPF,cracker_scene1,10,old
917,3.986279010772705,0.059212198386521975,PBPF,cracker_scene1,10,old
918,3.9904658794403076,0.059212198386521975,PBPF,cracker_scene1,10,old
919,3.994633674621582,0.05918432687899454,PBPF,cracker_scene1,10,old
920,3.998763084411621,0.05918432687899454,PBPF,cracker_scene1,10,old
921,4.0030741691589355,0.05914718246255917,PBPF,cracker_scene1,10,old
922,4.007538318634033,0.06107811085367889,PBPF,cracker_scene1,10,old
923,4.011770248413086,0.061052784737560914,PBPF,cracker_scene1,10,old
924,4.015929460525513,0.06112130322132842,PBPF,cracker_scene1,10,old
925,4.020327806472778,0.06102306975630548,PBPF,cracker_scene1,10,old
926,4.024359226226807,0.06102306975630548,PBPF,cracker_scene1,10,old
927,4.028525114059448,0.06095955596988405,PBPF,cracker_scene1,10,old
928,4.032820701599121,0.06095955596988405,PBPF,cracker_scene1,10,old
929,4.03700590133667,0.06096831083719477,PBPF,cracker_scene1,10,old
930,4.041153430938721,0.06096831083719477,PBPF,cracker_scene1,10,old
931,4.045355319976807,0.0609244416721384,PBPF,cracker_scene1,10,old
932,4.049527883529663,0.0609244416721384,PBPF,cracker_scene1,10,old
933,4.053755283355713,0.06094003595839212,PBPF,cracker_scene1,10,old
934,4.057867765426636,0.06094003595839212,PBPF,cracker_scene1,10,old
935,4.062014102935791,0.0609085195273401,PBPF,cracker_scene1,10,old
936,4.066322326660156,0.0609085195273401,PBPF,cracker_scene1,10,old
937,4.0705039501190186,0.06093572714534976,PBPF,cracker_scene1,10,old
938,4.074418306350708,0.06093572714534976,PBPF,cracker_scene1,10,old
939,4.078600883483887,0.06096515095772308,PBPF,cracker_scene1,10,old
940,4.082533597946167,0.06096515095772308,PBPF,cracker_scene1,10,old
941,4.08661413192749,0.060947901176600996,PBPF,cracker_scene1,10,old
942,4.0905539989471436,0.060947901176600996,PBPF,cracker_scene1,10,old
943,4.094676733016968,0.06093740443314071,PBPF,cracker_scene1,10,old
944,4.09916615486145,0.06093357198192148,PBPF,cracker_scene1,10,old
945,4.103390455245972,0.06099648049585574,PBPF,cracker_scene1,10,old
946,4.107478141784668,0.06099648049585574,PBPF,cracker_scene1,10,old
947,4.111666917800903,0.06096306910135218,PBPF,cracker_scene1,10,old
948,4.115842819213867,0.06096306910135218,PBPF,cracker_scene1,10,old
949,4.119971513748169,0.06096756488060128,PBPF,cracker_scene1,10,old
950,4.1240763664245605,0.06096756488060128,PBPF,cracker_scene1,10,old
951,4.128280878067017,0.06092880939451321,PBPF,cracker_scene1,10,old
952,4.132513999938965,0.06092880939451321,PBPF,cracker_scene1,10,old
953,4.136709451675415,0.060911630401313505,PBPF,cracker_scene1,10,old
954,4.140888214111328,0.060911630401313505,PBPF,cracker_scene1,10,old
955,4.145196914672852,0.06092353093955459,PBPF,cracker_scene1,10,old
956,4.149523496627808,0.06092353093955459,PBPF,cracker_scene1,10,old
957,4.153825283050537,0.060909930901304164,PBPF,cracker_scene1,10,old
958,4.157894849777222,0.060909930901304164,PBPF,cracker_scene1,10,old
959,4.162355184555054,0.06016143985972872,PBPF,cracker_scene1,10,old
960,4.166500568389893,0.06016143985972872,PBPF,cracker_scene1,10,old
961,4.170758485794067,0.060200798859359,PBPF,cracker_scene1,10,old
962,4.174852609634399,0.060200798859359,PBPF,cracker_scene1,10,old
963,4.179265737533569,0.06009022616397415,PBPF,cracker_scene1,10,old
964,4.183422327041626,0.06009022616397415,PBPF,cracker_scene1,10,old
965,4.187812089920044,0.06006255396556153,PBPF,cracker_scene1,10,old
966,4.1918699741363525,0.06006255396556153,PBPF,cracker_scene1,10,old
967,4.196217060089111,0.060098596182568874,PBPF,cracker_scene1,10,old
968,4.200361490249634,0.060098596182568874,PBPF,cracker_scene1,10,old
969,4.204620122909546,0.06004064185292201,PBPF,cracker_scene1,10,old
970,4.208661317825317,0.06004064185292201,PBPF,cracker_scene1,10,old
971,4.21317458152771,0.06003267608554819,PBPF,cracker_scene1,10,old
972,4.217308759689331,0.06003267608554819,PBPF,cracker_scene1,10,old
973,4.221712589263916,0.060039963737050395,PBPF,cracker_scene1,10,old
974,4.2259111404418945,0.060039963737050395,PBPF,cracker_scene1,10,old
975,4.2303786277771,0.060081103466735786,PBPF,cracker_scene1,10,old
976,4.234416246414185,0.060081103466735786,PBPF,cracker_scene1,10,old
977,4.238854646682739,0.0601220351714842,PBPF,cracker_scene1,10,old
978,4.242825746536255,0.0601220351714842,PBPF,cracker_scene1,10,old
979,4.247246980667114,0.06006238603357774,PBPF,cracker_scene1,10,old
980,4.251385688781738,0.06006238603357774,PBPF,cracker_scene1,10,old
981,4.2557597160339355,0.060023017892815396,PBPF,cracker_scene1,10,old
982,4.259821176528931,0.060023017892815396,PBPF,cracker_scene1,10,old
983,4.264220952987671,0.059981943391585316,PBPF,cracker_scene1,10,old
984,4.268556594848633,0.059978982723059966,PBPF,cracker_scene1,10,old
985,4.272730350494385,0.059932801588500485,PBPF,cracker_scene1,10,old
986,4.276831865310669,0.05992683904022395,PBPF,cracker_scene1,10,old
987,4.280921459197998,0.05992683904022395,PBPF,cracker_scene1,10,old
988,4.284962892532349,0.05992683904022395,PBPF,cracker_scene1,10,old
989,4.289081573486328,0.059945210298900514,PBPF,cracker_scene1,10,old
990,4.2930848598480225,0.059945210298900514,PBPF,cracker_scene1,10,old
991,4.2976460456848145,0.05995647261541886,PBPF,cracker_scene1,10,old
992,4.30184531211853,0.05995786658310323,PBPF,cracker_scene1,10,old
993,4.305776834487915,0.05995786658310323,PBPF,cracker_scene1,10,old
994,4.310135841369629,0.05995786658310323,PBPF,cracker_scene1,10,old
995,4.314608573913574,0.05994731761580783,PBPF,cracker_scene1,10,old
996,4.319042444229126,0.06083486608585535,PBPF,cracker_scene1,10,old
997,4.323184013366699,0.06083486608585535,PBPF,cracker_scene1,10,old
998,4.327656030654907,0.06082983717249,PBPF,cracker_scene1,10,old
999,4.332155227661133,0.06086296893140782,PBPF,cracker_scene1,10,old
1000,4.3363049030303955,0.06086296893140782,PBPF,cracker_scene1,10,old
1001,4.340378046035767,0.06086296893140782,PBPF,cracker_scene1,10,old
1002,4.344743251800537,0.060802829191264604,PBPF,cracker_scene1,10,old
1003,4.348813772201538,0.060802829191264604,PBPF,cracker_scene1,10,old
1004,4.353104829788208,0.06076556066323478,PBPF,cracker_scene1,10,old
1005,4.357251882553101,0.06072422965043898,PBPF,cracker_scene1,10,old
1006,4.361366271972656,0.06072422965043898,PBPF,cracker_scene1,10,old
1007,4.365739583969116,0.06071026431618284,PBPF,cracker_scene1,10,old
1008,4.369999647140503,0.06071026431618284,PBPF,cracker_scene1,10,old
1009,4.373972177505493,0.06071169018346149,PBPF,cracker_scene1,10,old
1010,4.378248691558838,0.060681989821232685,PBPF,cracker_scene1,10,old
1011,4.382367849349976,0.060689625233294575,PBPF,cracker_scene1,10,old
1012,4.3864405155181885,0.060689625233294575,PBPF,cracker_scene1,10,old
1013,4.390594959259033,0.060689625233294575,PBPF,cracker_scene1,10,old
1014,4.394775867462158,0.06069135728679783,PBPF,cracker_scene1,10,old
1015,4.3988893032073975,0.06069135728679783,PBPF,cracker_scene1,10,old
1016,4.403092861175537,0.06063147193854526,PBPF,cracker_scene1,10,old
1017,4.407280206680298,0.06063147193854526,PBPF,cracker_scene1,10,old
1018,4.411344766616821,0.06063147193854526,PBPF,cracker_scene1,10,old
1019,4.4156763553619385,0.06061177554077522,PBPF,cracker_scene1,10,old
1020,4.41990327835083,0.06061177554077522,PBPF,cracker_scene1,10,old
1021,4.423879146575928,0.06064456490864048,PBPF,cracker_scene1,10,old
1022,4.4282121658325195,0.060659189565418846,PBPF,cracker_scene1,10,old
1023,4.432501316070557,0.06067411053423211,PBPF,cracker_scene1,10,old
1024,4.436723947525024,0.06067411053423211,PBPF,cracker_scene1,10,old
1025,4.440737724304199,0.06067411053423211,PBPF,cracker_scene1,10,old
1026,4.4451072216033936,0.06066308565889562,PBPF,cracker_scene1,10,old
1027,4.449299335479736,0.06061155964985042,PBPF,cracker_scene1,10,old
1028,4.453566074371338,0.06061155964985042,PBPF,cracker_scene1,10,old
1029,4.457786560058594,0.0606322590341301,PBPF,cracker_scene1,10,old
1030,4.462350368499756,0.06057972387929942,PBPF,cracker_scene1,10,old
1031,4.466991424560547,0.06055387415579162,PBPF,cracker_scene1,10,old
1032,4.47149658203125,0.06053198376726968,PBPF,cracker_scene1,10,old
1033,4.475773334503174,0.06053198376726968,PBPF,cracker_scene1,10,old
1034,4.480417013168335,0.06165270039840434,PBPF,cracker_scene1,10,old
1035,4.4844183921813965,0.06165270039840434,PBPF,cracker_scene1,10,old
1036,4.48884916305542,0.06158027413993944,PBPF,cracker_scene1,10,old
1037,4.492951154708862,0.06158027413993944,PBPF,cracker_scene1,10,old
1038,4.497240304946899,0.06160607247911484,PBPF,cracker_scene1,10,old
1039,4.50188946723938,0.06158023807835938,PBPF,cracker_scene1,10,old
1040,4.505864858627319,0.06158023807835938,PBPF,cracker_scene1,10,old
1041,4.509968996047974,0.061584756002342436,PBPF,cracker_scene1,10,old
1042,4.514052391052246,0.06155987974095679,PBPF,cracker_scene1,10,old
1043,4.518155813217163,0.06156240465452207,PBPF,cracker_scene1,10,old
1044,4.522364139556885,0.06153029510155297,PBPF,cracker_scene1,10,old
1045,4.526453971862793,0.061528238183578894,PBPF,cracker_scene1,10,old
1046,4.5306150913238525,0.06153226494438075,PBPF,cracker_scene1,10,old
1047,4.535324811935425,0.061542326536181934,PBPF,cracker_scene1,10,old
1048,4.539736032485962,0.061542326536181934,PBPF,cracker_scene1,10,old
1049,4.5442421436309814,0.06151416820716283,PBPF,cracker_scene1,10,old
1050,4.548360586166382,0.06151416820716283,PBPF,cracker_scene1,10,old
1051,4.552680969238281,0.0615661298268961,PBPF,cracker_scene1,10,old
1052,4.556885242462158,0.0615661298268961,PBPF,cracker_scene1,10,old
1053,4.561104774475098,0.061571193872324986,PBPF,cracker_scene1,10,old
1054,4.5654168128967285,0.06157193011630887,PBPF,cracker_scene1,10,old
1055,4.569730520248413,0.061562902695650415,PBPF,cracker_scene1,10,old
1056,4.573821067810059,0.061562902695650415,PBPF,cracker_scene1,10,old
1057,4.578341007232666,0.06148782576281573,PBPF,cracker_scene1,10,old
1058,4.582542657852173,0.06148782576281573,PBPF,cracker_scene1,10,old
1059,4.586789608001709,0.06149540177827137,PBPF,cracker_scene1,10,old
1060,4.591023206710815,0.06149540177827137,PBPF,cracker_scene1,10,old
1061,4.595376968383789,0.06148068220001492,PBPF,cracker_scene1,10,old
1062,4.599422454833984,0.06148068220001492,PBPF,cracker_scene1,10,old
1063,4.603789329528809,0.06147538104336814,PBPF,cracker_scene1,10,old
1064,4.6078643798828125,0.06147538104336814,PBPF,cracker_scene1,10,old
1065,4.612234115600586,0.061546873050966885,PBPF,cracker_scene1,10,old
1066,4.6162755489349365,0.061546873050966885,PBPF,cracker_scene1,10,old
1067,4.6206629276275635,0.06150272938615849,PBPF,cracker_scene1,10,old
1068,4.624861240386963,0.06150272938615849,PBPF,cracker_scene1,10,old
1069,4.629328727722168,0.06145793329859984,PBPF,cracker_scene1,10,old
1070,4.633605480194092,0.06145793329859984,PBPF,cracker_scene1,10,old
1071,4.638159513473511,0.06146208156306174,PBPF,cracker_scene1,10,old
1072,4.6424360275268555,0.06111901179028976,PBPF,cracker_scene1,10,old
1073,4.646916151046753,0.06113421809320733,PBPF,cracker_scene1,10,old
1074,4.651051998138428,0.06113421809320733,PBPF,cracker_scene1,10,old
1075,4.6552886962890625,0.0610939484071692,PBPF,cracker_scene1,10,old
1076,4.6594483852386475,0.0610939484071692,PBPF,cracker_scene1,10,old
1077,4.664112091064453,0.06110049253902504,PBPF,cracker_scene1,10,old
1078,4.6683855056762695,0.06110049253902504,PBPF,cracker_scene1,10,old
1079,4.67293381690979,0.061110474596094005,PBPF,cracker_scene1,10,old
1080,4.677118301391602,0.06106418388486834,PBPF,cracker_scene1,10,old
1081,4.681549787521362,0.06106418388486834,PBPF,cracker_scene1,10,old
1082,4.685632228851318,0.06109449232667417,PBPF,cracker_scene1,10,old
1083,4.690187215805054,0.06109449232667417,PBPF,cracker_scene1,10,old
1084,4.6946375370025635,0.06108676233923639,PBPF,cracker_scene1,10,old
1085,4.699325323104858,0.06108676233923639,PBPF,cracker_scene1,10,old
1086,4.703545570373535,0.061225092065914484,PBPF,cracker_scene1,10,old
1087,4.707446336746216,0.061225092065914484,PBPF,cracker_scene1,10,old
1088,4.7114174365997314,0.061225092065914484,PBPF,cracker_scene1,10,old
1089,4.715550661087036,0.06126619448433155,PBPF,cracker_scene1,10,old
1090,4.719459056854248,0.06126619448433155,PBPF,cracker_scene1,10,old
1091,4.723422288894653,0.06126619448433155,PBPF,cracker_scene1,10,old
1092,4.727532148361206,0.06122011994164275,PBPF,cracker_scene1,10,old
1093,4.73220682144165,0.06122011994164275,PBPF,cracker_scene1,10,old
1094,4.736670017242432,0.061232472203123556,PBPF,cracker_scene1,10,old
1095,4.740906476974487,0.06121100199385763,PBPF,cracker_scene1,10,old
1096,4.7453155517578125,0.06122708020956945,PBPF,cracker_scene1,10,old
1097,4.749533176422119,0.061216609008921063,PBPF,cracker_scene1,10,old
1098,4.754005193710327,0.06120844798726816,PBPF,cracker_scene1,10,old
1099,4.758195638656616,0.06120844798726816,PBPF,cracker_scene1,10,old
1100,4.76252555847168,0.06120530614608968,PBPF,cracker_scene1,10,old
1101,4.7668843269348145,0.06120530614608968,PBPF,cracker_scene1,10,old
1102,4.771320819854736,0.06120530614608968,PBPF,cracker_scene1,10,old
1103,4.775607347488403,0.061197597846859166,PBPF,cracker_scene1,10,old
1104,4.7800068855285645,0.061197597846859166,PBPF,cracker_scene1,10,old
1105,4.784555673599243,0.061231501953290746,PBPF,cracker_scene1,10,old
1106,4.7889533042907715,0.061231501953290746,PBPF,cracker_scene1,10,old
1107,4.793286085128784,0.061241009239141664,PBPF,cracker_scene1,10,old
1108,4.797601222991943,0.061262095462227835,PBPF,cracker_scene1,10,old
1109,4.8021745681762695,0.06239817218332541,PBPF,cracker_scene1,10,old
1110,4.806288480758667,0.06236424872900437,PBPF,cracker_scene1,10,old
1111,4.810584306716919,0.06236424872900437,PBPF,cracker_scene1,10,old
1112,4.814914226531982,0.06236424872900437,PBPF,cracker_scene1,10,old
1113,4.819108724594116,0.061804698851409934,PBPF,cracker_scene1,10,old
1114,4.823397397994995,0.061804698851409934,PBPF,cracker_scene1,10,old
1115,4.827528715133667,0.06175523857303964,PBPF,cracker_scene1,10,old
1116,4.832019090652466,0.06175523857303964,PBPF,cracker_scene1,10,old
1117,4.836178541183472,0.06175523857303964,PBPF,cracker_scene1,10,old
1118,4.840612411499023,0.06176920002214824,PBPF,cracker_scene1,10,old
1119,4.844662666320801,0.06176920002214824,PBPF,cracker_scene1,10,old
1120,4.849118947982788,0.06168535904758165,PBPF,cracker_scene1,10,old
1121,4.853158473968506,0.06168535904758165,PBPF,cracker_scene1,10,old
1122,4.857159376144409,0.061659328716614455,PBPF,cracker_scene1,10,old
1123,4.861616134643555,0.061659328716614455,PBPF,cracker_scene1,10,old
1124,4.866122007369995,0.06164988102150881,PBPF,cracker_scene1,10,old
1125,4.87067723274231,0.06168625558282852,PBPF,cracker_scene1,10,old
1126,4.875293016433716,0.061694139940111435,PBPF,cracker_scene1,10,old
1127,4.879737854003906,0.06169097607199575,PBPF,cracker_scene1,10,old
1128,4.884281873703003,0.0617001712091594,PBPF,cracker_scene1,10,old
1129,4.888770341873169,0.061688187652918024,PBPF,cracker_scene1,10,old
1130,4.8933305740356445,0.06164368461999694,PBPF,cracker_scene1,10,old
1131,4.897761344909668,0.06159798557968697,PBPF,cracker_scene1,10,old
1132,4.902099609375,0.06162589732666112,PBPF,cracker_scene1,10,old
1133,4.9061949253082275,0.06160007141119977,PBPF,cracker_scene1,10,old
1134,4.910291433334351,0.061507512219370446,PBPF,cracker_scene1,10,old
1135,4.914423704147339,0.061507512219370446,PBPF,cracker_scene1,10,old
1136,4.918506860733032,0.06149347138609742,PBPF,cracker_scene1,10,old
1137,4.922627925872803,0.06146052348474103,PBPF,cracker_scene1,10,old
1138,4.927143096923828,0.061449436537036335,PBPF,cracker_scene1,10,old
1139,4.932417392730713,0.061449436537036335,PBPF,cracker_scene1,10,old
1140,4.936726093292236,0.061487899439489256,PBPF,cracker_scene1,10,old
1141,4.9408159255981445,0.061487899439489256,PBPF,cracker_scene1,10,old
1142,4.945132255554199,0.06146562395051836,PBPF,cracker_scene1,10,old
1143,4.949262857437134,0.06146562395051836,PBPF,cracker_scene1,10,old
1144,4.953626394271851,0.061513351756897414,PBPF,cracker_scene1,10,old
1145,4.957747220993042,0.061513351756897414,PBPF,cracker_scene1,10,old
1146,4.961978197097778,0.06151778236537206,PBPF,cracker_scene1,10,old
1147,4.96636700630188,0.06185045907100944,PBPF,cracker_scene1,10,old
1148,4.970705270767212,0.061837218777789894,PBPF,cracker_scene1,10,old
1149,4.97480583190918,0.061837218777789894,PBPF,cracker_scene1,10,old
1150,4.9791576862335205,0.061759376533219265,PBPF,cracker_scene1,10,old
1151,4.983274221420288,0.061759376533219265,PBPF,cracker_scene1,10,old
1152,4.987663507461548,0.06170642334169659,PBPF,cracker_scene1,10,old
1153,4.991737604141235,0.06170642334169659,PBPF,cracker_scene1,10,old
1154,4.995971202850342,0.061665179894758976,PBPF,cracker_scene1,10,old
1155,5.000117540359497,0.061665179894758976,PBPF,cracker_scene1,10,old
1156,5.0044825077056885,0.061641672173951424,PBPF,cracker_scene1,10,old
1157,5.0085768699646,0.061641672173951424,PBPF,cracker_scene1,10,old
1158,5.012813091278076,0.061657360588836904,PBPF,cracker_scene1,10,old
1159,5.016934156417847,0.061657360588836904,PBPF,cracker_scene1,10,old
1160,5.021256685256958,0.06159012406954463,PBPF,cracker_scene1,10,old
1161,5.025358438491821,0.06159012406954463,PBPF,cracker_scene1,10,old
1162,5.029442310333252,0.06159012406954463,PBPF,cracker_scene1,10,old
1163,5.033952236175537,0.061576201799937044,PBPF,cracker_scene1,10,old
1164,5.037975549697876,0.061576201799937044,PBPF,cracker_scene1,10,old
1165,5.042486190795898,0.061582000765723476,PBPF,cracker_scene1,10,old
1166,5.0470521450042725,0.06161106385167725,PBPF,cracker_scene1,10,old
1167,5.051383018493652,0.06163844726684173,PBPF,cracker_scene1,10,old
1168,5.055804491043091,0.06163084941230596,PBPF,cracker_scene1,10,old
1169,5.059982538223267,0.06163084941230596,PBPF,cracker_scene1,10,old
1170,5.064388275146484,0.061590721266848905,PBPF,cracker_scene1,10,old
1171,5.068788528442383,0.061585471725696395,PBPF,cracker_scene1,10,old
1172,5.073089122772217,0.061585471725696395,PBPF,cracker_scene1,10,old
1173,5.0772833824157715,0.06161579841448971,PBPF,cracker_scene1,10,old
1174,5.081556797027588,0.06161579841448971,PBPF,cracker_scene1,10,old
1175,5.085793733596802,0.061600842944977974,PBPF,cracker_scene1,10,old
1176,5.09008264541626,0.061600842944977974,PBPF,cracker_scene1,10,old
1177,5.094410419464111,0.06160597392370494,PBPF,cracker_scene1,10,old
1178,5.098854064941406,0.06160597392370494,PBPF,cracker_scene1,10,old
1179,5.103245973587036,0.06158267420951433,PBPF,cracker_scene1,10,old
1180,5.107449293136597,0.06158267420951433,PBPF,cracker_scene1,10,old
1181,5.111877202987671,0.06155213738586401,PBPF,cracker_scene1,10,old
1182,5.116148471832275,0.06155213738586401,PBPF,cracker_scene1,10,old
1183,5.120496511459351,0.06154066812704941,PBPF,cracker_scene1,10,old
1184,5.12491512298584,0.05968869870409805,PBPF,cracker_scene1,10,old
1185,5.129287242889404,0.059685886557141035,PBPF,cracker_scene1,10,old
1186,5.1338701248168945,0.059685886557141035,PBPF,cracker_scene1,10,old
1187,5.138053894042969,0.05970619977293706,PBPF,cracker_scene1,10,old
1188,5.142126798629761,0.05970619977293706,PBPF,cracker_scene1,10,old
1189,5.146517992019653,0.05973517283962635,PBPF,cracker_scene1,10,old
1190,5.150611639022827,0.05973517283962635,PBPF,cracker_scene1,10,old
1191,5.1548943519592285,0.05971525974021713,PBPF,cracker_scene1,10,old
1192,5.158865690231323,0.05971525974021713,PBPF,cracker_scene1,10,old
1193,5.163787603378296,0.05970261255373103,PBPF,cracker_scene1,10,old
1194,5.168058395385742,0.05970261255373103,PBPF,cracker_scene1,10,old
1195,5.172478199005127,0.0596809390949454,PBPF,cracker_scene1,10,old
1196,5.176692724227905,0.05967809466868466,PBPF,cracker_scene1,10,old
1197,5.181069850921631,0.05964150972869433,PBPF,cracker_scene1,10,old
1198,5.185303688049316,0.05962906361017287,PBPF,cracker_scene1,10,old
1199,5.189691066741943,0.05962906361017287,PBPF,cracker_scene1,10,old
1200,5.193819522857666,0.05961738766841466,PBPF,cracker_scene1,10,old
1201,5.198331117630005,0.05961738766841466,PBPF,cracker_scene1,10,old
1202,5.2026894092559814,0.059609820064748714,PBPF,cracker_scene1,10,old
1203,5.207000017166138,0.059609820064748714,PBPF,cracker_scene1,10,old
1204,5.211266279220581,0.05961191243929354,PBPF,cracker_scene1,10,old
1205,5.215649366378784,0.05958399834621716,PBPF,cracker_scene1,10,old
1206,5.220030069351196,0.05958170778566661,PBPF,cracker_scene1,10,old
1207,5.224108695983887,0.05958170778566661,PBPF,cracker_scene1,10,old
1208,5.228380918502808,0.05958814458146851,PBPF,cracker_scene1,10,old
1209,5.232610702514648,0.05958814458146851,PBPF,cracker_scene1,10,old
1210,5.237197637557983,0.05957699342545973,PBPF,cracker_scene1,10,old
1211,5.241419315338135,0.05957699342545973,PBPF,cracker_scene1,10,old
1212,5.245965957641602,0.059512864233374846,PBPF,cracker_scene1,10,old
1213,5.249986171722412,0.059512864233374846,PBPF,cracker_scene1,10,old
1214,5.2545270919799805,0.05952188914465612,PBPF,cracker_scene1,10,old
1215,5.258494853973389,0.05952188914465612,PBPF,cracker_scene1,10,old
1216,5.262800693511963,0.05953876251926511,PBPF,cracker_scene1,10,old
1217,5.267237901687622,0.05953876251926511,PBPF,cracker_scene1,10,old
1218,5.271777153015137,0.0595453508365398,PBPF,cracker_scene1,10,old
1219,5.275943279266357,0.0595453508365398,PBPF,cracker_scene1,10,old
1220,5.2802734375,0.05954643462912012,PBPF,cracker_scene1,10,old
1221,5.28458833694458,0.05954643462912012,PBPF,cracker_scene1,10,old
1222,5.2892842292785645,0.059492161636023146,PBPF,cracker_scene1,10,old
1223,5.293597936630249,0.05950814828141899,PBPF,cracker_scene1,10,old
1224,5.2980194091796875,0.05950814828141899,PBPF,cracker_scene1,10,old
1225,5.302231550216675,0.05949734537340857,PBPF,cracker_scene1,10,old
1226,5.306431531906128,0.05949734537340857,PBPF,cracker_scene1,10,old
1227,5.310811281204224,0.059488232574522036,PBPF,cracker_scene1,10,old
1228,5.3150434494018555,0.059488232574522036,PBPF,cracker_scene1,10,old
1229,5.3193039894104,0.05951093826632379,PBPF,cracker_scene1,10,old
1230,5.323568820953369,0.05951093826632379,PBPF,cracker_scene1,10,old
1231,5.327738523483276,0.05951077736329857,PBPF,cracker_scene1,10,old
1232,5.332079887390137,0.059477842910661174,PBPF,cracker_scene1,10,old
1233,5.336550951004028,0.0594542893690325,PBPF,cracker_scene1,10,old
1234,5.340840578079224,0.0594542893690325,PBPF,cracker_scene1,10,old
1235,5.345099925994873,0.05944312919734247,PBPF,cracker_scene1,10,old
1236,5.349272966384888,0.05944312919734247,PBPF,cracker_scene1,10,old
1237,5.35358738899231,0.05945371951205023,PBPF,cracker_scene1,10,old
1238,5.357842445373535,0.05945371951205023,PBPF,cracker_scene1,10,old
1239,5.362308740615845,0.05943311850734338,PBPF,cracker_scene1,10,old
1240,5.368104934692383,0.05943311850734338,PBPF,cracker_scene1,10,old
1241,5.373000144958496,0.0594333709319339,PBPF,cracker_scene1,10,old
1242,5.377241134643555,0.059406360278174954,PBPF,cracker_scene1,10,old
1243,5.3813512325286865,0.059406360278174954,PBPF,cracker_scene1,10,old
1244,5.385609149932861,0.059359068492107155,PBPF,cracker_scene1,10,old
1245,5.3896803855896,0.059359068492107155,PBPF,cracker_scene1,10,old
1246,5.393852710723877,0.059388316243148345,PBPF,cracker_scene1,10,old
1247,5.398143291473389,0.059388316243148345,PBPF,cracker_scene1,10,old
1248,5.402364492416382,0.05942443259064401,PBPF,cracker_scene1,10,old
1249,5.40725564956665,0.05942863330899532,PBPF,cracker_scene1,10,old
1250,5.411760568618774,0.0594026234572965,PBPF,cracker_scene1,10,old
1251,5.416064977645874,0.0594026234572965,PBPF,cracker_scene1,10,old
1252,5.420642852783203,0.059438182797256836,PBPF,cracker_scene1,10,old
1253,5.424854040145874,0.059438182797256836,PBPF,cracker_scene1,10,old
1254,5.429596900939941,0.05943973737216965,PBPF,cracker_scene1,10,old
1255,5.434288740158081,0.059444023800724145,PBPF,cracker_scene1,10,old
1256,5.438965559005737,0.05941604731717999,PBPF,cracker_scene1,10,old
1257,5.443259954452515,0.05942027075145835,PBPF,cracker_scene1,10,old
1258,5.447996616363525,0.05773578387253081,PBPF,cracker_scene1,10,old
1259,5.452200412750244,0.057645695962735354,PBPF,cracker_scene1,10,old
1260,5.4566802978515625,0.057645695962735354,PBPF,cracker_scene1,10,old
1261,5.460853815078735,0.057602291693723114,PBPF,cracker_scene1,10,old
1262,5.465357780456543,0.057602291693723114,PBPF,cracker_scene1,10,old
1263,5.4698357582092285,0.057606750950833716,PBPF,cracker_scene1,10,old
1264,5.474271535873413,0.057606750950833716,PBPF,cracker_scene1,10,old
1265,5.478790521621704,0.05762692617721287,PBPF,cracker_scene1,10,old
1266,5.483007192611694,0.05762692617721287,PBPF,cracker_scene1,10,old
1267,5.4875407218933105,0.05756825070839144,PBPF,cracker_scene1,10,old
1268,5.4917097091674805,0.05756825070839144,PBPF,cracker_scene1,10,old
1269,5.4963414669036865,0.05756736974563674,PBPF,cracker_scene1,10,old
1270,5.500738859176636,0.057572288219927985,PBPF,cracker_scene1,10,old
1271,5.5052289962768555,0.05760000262539802,PBPF,cracker_scene1,10,old
1272,5.509478807449341,0.05760000262539802,PBPF,cracker_scene1,10,old
1273,5.51417875289917,0.057505754679621025,PBPF,cracker_scene1,10,old
1274,5.518479824066162,0.057505754679621025,PBPF,cracker_scene1,10,old
1275,5.522702217102051,0.05746693015302546,PBPF,cracker_scene1,10,old
1276,5.527146100997925,0.05746693015302546,PBPF,cracker_scene1,10,old
1277,5.531325340270996,0.05746693015302546,PBPF,cracker_scene1,10,old
1278,5.535818576812744,0.05745941456731734,PBPF,cracker_scene1,10,old
1279,5.540059328079224,0.05745941456731734,PBPF,cracker_scene1,10,old
1280,5.544647455215454,0.057467954078244454,PBPF,cracker_scene1,10,old
1281,5.548791408538818,0.057467954078244454,PBPF,cracker_scene1,10,old
1282,5.553220987319946,0.05744654634957307,PBPF,cracker_scene1,10,old
1283,5.557714939117432,0.057439993045343155,PBPF,cracker_scene1,10,old
1284,5.562040328979492,0.05743415411561323,PBPF,cracker_scene1,10,old
1285,5.566567659378052,0.057418003939159065,PBPF,cracker_scene1,10,old
1286,5.57066535949707,0.057418003939159065,PBPF,cracker_scene1,10,old
1287,5.57496452331543,0.05738864430659302,PBPF,cracker_scene1,10,old
1288,5.579102277755737,0.05738864430659302,PBPF,cracker_scene1,10,old
1289,5.583307266235352,0.05738822202968192,PBPF,cracker_scene1,10,old
1290,5.587511777877808,0.05738822202968192,PBPF,cracker_scene1,10,old
1291,5.591614484786987,0.05738822202968192,PBPF,cracker_scene1,10,old
1292,5.5958411693573,0.057380989171943474,PBPF,cracker_scene1,10,old
1293,5.600558519363403,0.057380989171943474,PBPF,cracker_scene1,10,old
1294,5.604690074920654,0.057380989171943474,PBPF,cracker_scene1,10,old
1295,5.60935378074646,0.06156299749982494,PBPF,cracker_scene1,10,old
1296,5.613701581954956,0.06152445975679905,PBPF,cracker_scene1,10,old
1297,5.618142127990723,0.06152445975679905,PBPF,cracker_scene1,10,old
1298,5.622476816177368,0.06154725906873399,PBPF,cracker_scene1,10,old
1299,5.626660585403442,0.06154725906873399,PBPF,cracker_scene1,10,old
1300,5.630906105041504,0.06154725906873399,PBPF,cracker_scene1,10,old
1301,5.635399580001831,0.06152436264135356,PBPF,cracker_scene1,10,old
1302,5.6397411823272705,0.06155304811481047,PBPF,cracker_scene1,10,old
1303,5.644150733947754,0.06155304811481047,PBPF,cracker_scene1,10,old
1304,5.64847469329834,0.06156303975999261,PBPF,cracker_scene1,10,old
1305,5.653138637542725,0.06156798719302983,PBPF,cracker_scene1,10,old
1306,5.6575846672058105,0.06156707844902344,PBPF,cracker_scene1,10,old
1307,5.661724805831909,0.06156707844902344,PBPF,cracker_scene1,10,old
1308,5.6661927700042725,0.06153629490349711,PBPF,cracker_scene1,10,old
1309,5.670883655548096,0.06148043627189067,PBPF,cracker_scene1,10,old
1310,5.675435543060303,0.06143983479278671,PBPF,cracker_scene1,10,old
1311,5.680174112319946,0.06145689471044908,PBPF,cracker_scene1,10,old
1312,5.684469699859619,0.06145689471044908,PBPF,cracker_scene1,10,old
1313,5.688965559005737,0.06145901119384679,PBPF,cracker_scene1,10,old
1314,5.693128824234009,0.06145901119384679,PBPF,cracker_scene1,10,old
1315,5.697735548019409,0.06147988115465514,PBPF,cracker_scene1,10,old
1316,5.701979637145996,0.061421558415917225,PBPF,cracker_scene1,10,old
1317,5.706402540206909,0.061421558415917225,PBPF,cracker_scene1,10,old
1318,5.710528612136841,0.06140831679408217,PBPF,cracker_scene1,10,old
1319,5.714879989624023,0.06140831679408217,PBPF,cracker_scene1,10,old
1320,5.719385385513306,0.06144879587931834,PBPF,cracker_scene1,10,old
1321,5.7237279415130615,0.06144879587931834,PBPF,cracker_scene1,10,old
1322,5.728164434432983,0.06142739866997015,PBPF,cracker_scene1,10,old
1323,5.732424974441528,0.06142739866997015,PBPF,cracker_scene1,10,old
1324,5.73688530921936,0.06136879296479512,PBPF,cracker_scene1,10,old
1325,5.74115252494812,0.06136879296479512,PBPF,cracker_scene1,10,old
1326,5.745295286178589,0.061418789769600426,PBPF,cracker_scene1,10,old
1327,5.750012397766113,0.061387874702205386,PBPF,cracker_scene1,10,old
1328,5.754964828491211,0.0613639451099144,PBPF,cracker_scene1,10,old
1329,5.759360313415527,0.0613639451099144,PBPF,cracker_scene1,10,old
1330,5.764128923416138,0.06134607077082012,PBPF,cracker_scene1,10,old
1331,5.769347429275513,0.06134072375438992,PBPF,cracker_scene1,10,old
1332,5.773558855056763,0.06385555387797891,PBPF,cracker_scene1,10,old
1333,5.778003454208374,0.06383692302562446,PBPF,cracker_scene1,10,old
1334,5.782210826873779,0.06383692302562446,PBPF,cracker_scene1,10,old
1335,5.786625862121582,0.06380422491259276,PBPF,cracker_scene1,10,old
1336,5.790719032287598,0.06380422491259276,PBPF,cracker_scene1,10,old
1337,5.79511833190918,0.0638060335035485,PBPF,cracker_scene1,10,old
1338,5.7993245124816895,0.0638060335035485,PBPF,cracker_scene1,10,old
1339,5.804042339324951,0.06380932905089157,PBPF,cracker_scene1,10,old
1340,5.8083953857421875,0.06380932905089157,PBPF,cracker_scene1,10,old
1341,5.812857627868652,0.0637748200481316,PBPF,cracker_scene1,10,old
1342,5.817192554473877,0.0637748200481316,PBPF,cracker_scene1,10,old
1343,5.8216392993927,0.06375317626779943,PBPF,cracker_scene1,10,old
1344,5.8256776332855225,0.06375317626779943,PBPF,cracker_scene1,10,old
1345,5.830326557159424,0.06369832532617431,PBPF,cracker_scene1,10,old
1346,5.834651470184326,0.06369832532617431,PBPF,cracker_scene1,10,old
1347,5.83911919593811,0.06368557817197167,PBPF,cracker_scene1,10,old
1348,5.843333721160889,0.06369720960080995,PBPF,cracker_scene1,10,old
1349,5.847837686538696,0.06362353046232244,PBPF,cracker_scene1,10,old
1350,5.852139472961426,0.0636137435994116,PBPF,cracker_scene1,10,old
1351,5.856502056121826,0.0636137435994116,PBPF,cracker_scene1,10,old
1352,5.860857009887695,0.06360539449981427,PBPF,cracker_scene1,10,old
1353,5.865163087844849,0.06360539449981427,PBPF,cracker_scene1,10,old
1354,5.869622230529785,0.06358626403142668,PBPF,cracker_scene1,10,old
1355,5.873749494552612,0.06358626403142668,PBPF,cracker_scene1,10,old
1356,5.878365993499756,0.06359111307354004,PBPF,cracker_scene1,10,old
1357,5.8827431201934814,0.06359111307354004,PBPF,cracker_scene1,10,old
1358,5.8871142864227295,0.06359889810795252,PBPF,cracker_scene1,10,old
1359,5.891247749328613,0.06359889810795252,PBPF,cracker_scene1,10,old
1360,5.895932674407959,0.06362580785781485,PBPF,cracker_scene1,10,old
1361,5.900238275527954,0.06362580785781485,PBPF,cracker_scene1,10,old
1362,5.904747247695923,0.06363103529472473,PBPF,cracker_scene1,10,old
1363,5.908922910690308,0.06363103529472473,PBPF,cracker_scene1,10,old
1364,5.9132444858551025,0.06362715675082482,PBPF,cracker_scene1,10,old
1365,5.917917728424072,0.06362715675082482,PBPF,cracker_scene1,10,old
1366,5.922508478164673,0.06361738111591356,PBPF,cracker_scene1,10,old
1367,5.926908493041992,0.06357125629917262,PBPF,cracker_scene1,10,old
1368,5.931294679641724,0.06650349772910921,PBPF,cracker_scene1,10,old
1369,5.935707092285156,0.06649701696031343,PBPF,cracker_scene1,10,old
1370,5.940075635910034,0.06649701696031343,PBPF,cracker_scene1,10,old
1371,5.944208145141602,0.06649701696031343,PBPF,cracker_scene1,10,old
1372,5.948757171630859,0.06649909772942317,PBPF,cracker_scene1,10,old
1373,5.952964544296265,0.06649909772942317,PBPF,cracker_scene1,10,old
1374,5.957411527633667,0.06648708834259885,PBPF,cracker_scene1,10,old
1375,5.961880207061768,0.06644689416199333,PBPF,cracker_scene1,10,old
1376,5.966345310211182,0.06644689416199333,PBPF,cracker_scene1,10,old
1377,5.970803499221802,0.06641239702464263,PBPF,cracker_scene1,10,old
1378,5.975013494491577,0.06641239702464263,PBPF,cracker_scene1,10,old
1379,5.97945499420166,0.06641524065589258,PBPF,cracker_scene1,10,old
1380,5.983871936798096,0.06641524065589258,PBPF,cracker_scene1,10,old
1381,5.988316059112549,0.06640985983430052,PBPF,cracker_scene1,10,old
1382,5.9924561977386475,0.06640985983430052,PBPF,cracker_scene1,10,old
1383,5.996945142745972,0.06636760188897214,PBPF,cracker_scene1,10,old
1384,6.001331090927124,0.06636760188897214,PBPF,cracker_scene1,10,old
1385,6.005654573440552,0.06634968899123901,PBPF,cracker_scene1,10,old
1386,6.009770393371582,0.06634968899123901,PBPF,cracker_scene1,10,old
1387,6.013957977294922,0.06634081125178232,PBPF,cracker_scene1,10,old
1388,6.018350601196289,0.06634081125178232,PBPF,cracker_scene1,10,old
1389,6.02238392829895,0.06634081125178232,PBPF,cracker_scene1,10,old
1390,6.026963233947754,0.066325311334954,PBPF,cracker_scene1,10,old
1391,6.031261205673218,0.066325311334954,PBPF,cracker_scene1,10,old
1392,6.035856246948242,0.06631686808852216,PBPF,cracker_scene1,10,old
1393,6.040328025817871,0.066288898455256,PBPF,cracker_scene1,10,old
1394,6.044553279876709,0.06628500088636667,PBPF,cracker_scene1,10,old
1395,6.049062490463257,0.06629093102928645,PBPF,cracker_scene1,10,old
1396,6.053319215774536,0.06629093102928645,PBPF,cracker_scene1,10,old
1397,6.057628870010376,0.06629093102928645,PBPF,cracker_scene1,10,old
1398,6.061875820159912,0.06628816763411005,PBPF,cracker_scene1,10,old
1399,6.066400051116943,0.06628816763411005,PBPF,cracker_scene1,10,old
1400,6.071082353591919,0.06626058020683728,PBPF,cracker_scene1,10,old
1401,6.075612783432007,0.06623756936218904,PBPF,cracker_scene1,10,old
1402,6.08027982711792,0.0661465901168845,PBPF,cracker_scene1,10,old
1403,6.084686040878296,0.06557537343330659,PBPF,cracker_scene1,10,old
1404,6.08922266960144,0.06553955916805024,PBPF,cracker_scene1,10,old
1405,6.09346079826355,0.06551196034790553,PBPF,cracker_scene1,10,old
1406,6.097750663757324,0.06551196034790553,PBPF,cracker_scene1,10,old
1407,6.102147102355957,0.06550105579392637,PBPF,cracker_scene1,10,old
1408,6.106234073638916,0.06550105579392637,PBPF,cracker_scene1,10,old
1409,6.110576868057251,0.06552989726293443,PBPF,cracker_scene1,10,old
1410,6.11512017250061,0.06552989726293443,PBPF,cracker_scene1,10,old
1411,6.1195454597473145,0.06549187394805193,PBPF,cracker_scene1,10,old
1412,6.123759746551514,0.06549187394805193,PBPF,cracker_scene1,10,old
1413,6.128124237060547,0.06551436657832412,PBPF,cracker_scene1,10,old
1414,6.132497787475586,0.06551436657832412,PBPF,cracker_scene1,10,old
1415,6.136962175369263,0.06547549642787236,PBPF,cracker_scene1,10,old
1416,6.141205549240112,0.06547549642787236,PBPF,cracker_scene1,10,old
1417,6.145847320556641,0.0655050662734462,PBPF,cracker_scene1,10,old
1418,6.150017023086548,0.0655050662734462,PBPF,cracker_scene1,10,old
1419,6.154702186584473,0.06548599021705435,PBPF,cracker_scene1,10,old
1420,6.158811569213867,0.06548599021705435,PBPF,cracker_scene1,10,old
1421,6.163299798965454,0.06547112612298392,PBPF,cracker_scene1,10,old
1422,6.167381525039673,0.06547112612298392,PBPF,cracker_scene1,10,old
1423,6.171688079833984,0.0654502593482359,PBPF,cracker_scene1,10,old
1424,6.175779104232788,0.0654502593482359,PBPF,cracker_scene1,10,old
1425,6.180219411849976,0.06546050734248683,PBPF,cracker_scene1,10,old
1426,6.1842358112335205,0.06546050734248683,PBPF,cracker_scene1,10,old
1427,6.188633441925049,0.0654853019980473,PBPF,cracker_scene1,10,old
1428,6.192825794219971,0.06548448143571906,PBPF,cracker_scene1,10,old
1429,6.197227716445923,0.06547927454069581,PBPF,cracker_scene1,10,old
1430,6.201274871826172,0.06547927454069581,PBPF,cracker_scene1,10,old
1431,6.205599308013916,0.06542126749770386,PBPF,cracker_scene1,10,old
1432,6.2097392082214355,0.06542126749770386,PBPF,cracker_scene1,10,old
1433,6.2142174243927,0.06542553576474898,PBPF,cracker_scene1,10,old
1434,6.2182395458221436,0.06540349057745154,PBPF,cracker_scene1,10,old
1435,6.222856760025024,0.06542346797859967,PBPF,cracker_scene1,10,old
1436,6.227161645889282,0.06540610088642741,PBPF,cracker_scene1,10,old
1437,6.2316038608551025,0.0654381465155677,PBPF,cracker_scene1,10,old
1438,6.235884666442871,0.0654381465155677,PBPF,cracker_scene1,10,old
1439,6.240386009216309,0.0653265439157082,PBPF,cracker_scene1,10,old
1440,6.244714021682739,0.0652853593903519,PBPF,cracker_scene1,10,old
1441,6.2488112449646,0.0652853593903519,PBPF,cracker_scene1,10,old
1442,6.253135919570923,0.0652924999628403,PBPF,cracker_scene1,10,old
1443,6.25723671913147,0.06526349104296943,PBPF,cracker_scene1,10,old
1444,6.261624574661255,0.0652516623010034,PBPF,cracker_scene1,10,old
1445,6.265738487243652,0.0652516623010034,PBPF,cracker_scene1,10,old
1446,6.269975423812866,0.06524599884518592,PBPF,cracker_scene1,10,old
1447,6.274789571762085,0.06522738570073207,PBPF,cracker_scene1,10,old
1448,6.279181241989136,0.06522488090783131,PBPF,cracker_scene1,10,old
1449,6.283398866653442,0.06522488090783131,PBPF,cracker_scene1,10,old
1450,6.287923574447632,0.06519860245174752,PBPF,cracker_scene1,10,old
1451,6.292069435119629,0.06519860245174752,PBPF,cracker_scene1,10,old
1452,6.296462297439575,0.06514583817533001,PBPF,cracker_scene1,10,old
1453,6.30068039894104,0.06514583817533001,PBPF,cracker_scene1,10,old
1454,6.304729700088501,0.06514684928021902,PBPF,cracker_scene1,10,old
1455,6.30907940864563,0.06511688362951246,PBPF,cracker_scene1,10,old
1456,6.313528537750244,0.0650877338031563,PBPF,cracker_scene1,10,old
1457,6.317593812942505,0.0650877338031563,PBPF,cracker_scene1,10,old
1458,6.322010040283203,0.06505391863323172,PBPF,cracker_scene1,10,old
1459,6.326272010803223,0.06501013966397703,PBPF,cracker_scene1,10,old
1460,6.3306565284729,0.0650186926570838,PBPF,cracker_scene1,10,old
1461,6.3348400592803955,0.0650186926570838,PBPF,cracker_scene1,10,old
1462,6.33916449546814,0.06508931767040681,PBPF,cracker_scene1,10,old
1463,6.343324184417725,0.06504234311976982,PBPF,cracker_scene1,10,old
1464,6.34783673286438,0.06504234311976982,PBPF,cracker_scene1,10,old
1465,6.35210657119751,0.06503203616051594,PBPF,cracker_scene1,10,old
1466,6.35642671585083,0.06503203616051594,PBPF,cracker_scene1,10,old
1467,6.3606789112091064,0.06497533962649675,PBPF,cracker_scene1,10,old
1468,6.365018129348755,0.06497533962649675,PBPF,cracker_scene1,10,old
1469,6.369306802749634,0.06495468518851624,PBPF,cracker_scene1,10,old
1470,6.373631477355957,0.06495196922321561,PBPF,cracker_scene1,10,old
1471,6.377891540527344,0.06494397065189887,PBPF,cracker_scene1,10,old
1472,6.382250547409058,0.06492890743241347,PBPF,cracker_scene1,10,old
1473,6.386479616165161,0.06490446611738042,PBPF,cracker_scene1,10,old
1474,6.3908610343933105,0.06490446611738042,PBPF,cracker_scene1,10,old
1475,6.395483732223511,0.06489855464033539,PBPF,cracker_scene1,10,old
1476,6.399848222732544,0.06489855464033539,PBPF,cracker_scene1,10,old
1477,6.4044482707977295,0.06409046930345735,PBPF,cracker_scene1,10,old
1478,6.408590793609619,0.06409046930345735,PBPF,cracker_scene1,10,old
1479,6.412910223007202,0.06406810636452516,PBPF,cracker_scene1,10,old
1480,6.417068243026733,0.06406810636452516,PBPF,cracker_scene1,10,old
1481,6.421435356140137,0.06406019306333753,PBPF,cracker_scene1,10,old
1482,6.425588607788086,0.06406019306333753,PBPF,cracker_scene1,10,old
1483,6.430014133453369,0.06404971970621515,PBPF,cracker_scene1,10,old
1484,6.434494256973267,0.06398041807687557,PBPF,cracker_scene1,10,old
1485,6.4385364055633545,0.06398041807687557,PBPF,cracker_scene1,10,old
1486,6.442638874053955,0.06398041807687557,PBPF,cracker_scene1,10,old
1487,6.446777105331421,0.0640380283500685,PBPF,cracker_scene1,10,old
1488,6.45087456703186,0.0640380283500685,PBPF,cracker_scene1,10,old
1489,6.455028295516968,0.0640263354042605,PBPF,cracker_scene1,10,old
1490,6.459015607833862,0.0640263354042605,PBPF,cracker_scene1,10,old
1491,6.463608264923096,0.06400551843916114,PBPF,cracker_scene1,10,old
1492,6.468093156814575,0.06398045429683046,PBPF,cracker_scene1,10,old
1493,6.472555875778198,0.06393419220755615,PBPF,cracker_scene1,10,old
1494,6.476781606674194,0.0639734116202975,PBPF,cracker_scene1,10,old
1495,6.481200695037842,0.0639734116202975,PBPF,cracker_scene1,10,old
1496,6.485400438308716,0.06395167075379136,PBPF,cracker_scene1,10,old
1497,6.489734411239624,0.06395167075379136,PBPF,cracker_scene1,10,old
1498,6.494089603424072,0.06394485997621481,PBPF,cracker_scene1,10,old
1499,6.4987077713012695,0.06394645670931035,PBPF,cracker_scene1,10,old
1500,6.5030927658081055,0.06392571134818177,PBPF,cracker_scene1,10,old
1501,6.507367372512817,0.06392571134818177,PBPF,cracker_scene1,10,old
1502,6.511751651763916,0.06389020239097648,PBPF,cracker_scene1,10,old
1503,6.516021013259888,0.06389020239097648,PBPF,cracker_scene1,10,old
1504,6.520349979400635,0.0638817342442818,PBPF,cracker_scene1,10,old
1505,6.5245771408081055,0.0638817342442818,PBPF,cracker_scene1,10,old
1506,6.529088258743286,0.06380849963716775,PBPF,cracker_scene1,10,old
1507,6.533346652984619,0.06380849963716775,PBPF,cracker_scene1,10,old
1508,6.537907123565674,0.06374019742768755,PBPF,cracker_scene1,10,old
1509,6.542182445526123,0.06374019742768755,PBPF,cracker_scene1,10,old
1510,6.546840190887451,0.06381624910825667,PBPF,cracker_scene1,10,old
1511,6.5510172843933105,0.06381624910825667,PBPF,cracker_scene1,10,old
1512,6.555592060089111,0.06377636354700468,PBPF,cracker_scene1,10,old
1513,6.559762239456177,0.06377405508532956,PBPF,cracker_scene1,10,old
1514,6.564466238021851,0.06524666226502551,PBPF,cracker_scene1,10,old
1515,6.568678379058838,0.06521865499041378,PBPF,cracker_scene1,10,old
1516,6.573228120803833,0.06521865499041378,PBPF,cracker_scene1,10,old
1517,6.577504634857178,0.06517495221511739,PBPF,cracker_scene1,10,old
1518,6.581838607788086,0.06517495221511739,PBPF,cracker_scene1,10,old
1519,6.586119890213013,0.06515135475767164,PBPF,cracker_scene1,10,old
1520,6.59053111076355,0.06515135475767164,PBPF,cracker_scene1,10,old
1521,6.594931125640869,0.06513408574323905,PBPF,cracker_scene1,10,old
1522,6.599314451217651,0.06513408574323905,PBPF,cracker_scene1,10,old
1523,6.603990316390991,0.06512856744114737,PBPF,cracker_scene1,10,old
1524,6.608149528503418,0.06512856744114737,PBPF,cracker_scene1,10,old
1525,6.612681150436401,0.0650374599799271,PBPF,cracker_scene1,10,old
1526,6.616708040237427,0.0650374599799271,PBPF,cracker_scene1,10,old
1527,6.62113881111145,0.06503373603761516,PBPF,cracker_scene1,10,old
1528,6.625380039215088,0.06503373603761516,PBPF,cracker_scene1,10,old
1529,6.6299920082092285,0.06496533946340197,PBPF,cracker_scene1,10,old
1530,6.634409666061401,0.06500160489133365,PBPF,cracker_scene1,10,old
1531,6.6388773918151855,0.06492108336151951,PBPF,cracker_scene1,10,old
1532,6.643102645874023,0.0648947846622088,PBPF,cracker_scene1,10,old
1533,6.6475183963775635,0.06486290672695305,PBPF,cracker_scene1,10,old
1534,6.651703357696533,0.06489798448456466,PBPF,cracker_scene1,10,old
1535,6.656103610992432,0.06483591543113998,PBPF,cracker_scene1,10,old
1536,6.660285234451294,0.06484696374398294,PBPF,cracker_scene1,10,old
1537,6.664667367935181,0.06484696374398294,PBPF,cracker_scene1,10,old
1538,6.669179439544678,0.06481879070962825,PBPF,cracker_scene1,10,old
1539,6.673188209533691,0.06481879070962825,PBPF,cracker_scene1,10,old
1540,6.677400350570679,0.06476632770792362,PBPF,cracker_scene1,10,old
1541,6.681554555892944,0.06476632770792362,PBPF,cracker_scene1,10,old
1542,6.685717821121216,0.06475621111737855,PBPF,cracker_scene1,10,old
1543,6.689702033996582,0.06475621111737855,PBPF,cracker_scene1,10,old
1544,6.6938230991363525,0.06473527728073132,PBPF,cracker_scene1,10,old
1545,6.698153018951416,0.06473527728073132,PBPF,cracker_scene1,10,old
1546,6.703174591064453,0.06473761299684765,PBPF,cracker_scene1,10,old
1547,6.70746374130249,0.06473761299684765,PBPF,cracker_scene1,10,old
1548,6.711737632751465,0.0647874875589083,PBPF,cracker_scene1,10,old
1549,6.716075658798218,0.0647874875589083,PBPF,cracker_scene1,10,old
1550,6.720327615737915,0.064756931634279,PBPF,cracker_scene1,10,old
1551,6.725369691848755,0.0667760827559857,PBPF,cracker_scene1,10,old
1552,6.729607105255127,0.06672111142127318,PBPF,cracker_scene1,10,old
1553,6.733973741531372,0.06672111142127318,PBPF,cracker_scene1,10,old
1554,6.738138675689697,0.06672111142127318,PBPF,cracker_scene1,10,old
1555,6.742466688156128,0.06665372680689649,PBPF,cracker_scene1,10,old
1556,6.746551513671875,0.06665372680689649,PBPF,cracker_scene1,10,old
1557,6.750741004943848,0.0666430340949563,PBPF,cracker_scene1,10,old
1558,6.754899263381958,0.0666430340949563,PBPF,cracker_scene1,10,old
1559,6.758988857269287,0.0666430340949563,PBPF,cracker_scene1,10,old
1560,6.76325535774231,0.066592535039415,PBPF,cracker_scene1,10,old
1561,6.767608404159546,0.06658870882852151,PBPF,cracker_scene1,10,old
1562,6.771799325942993,0.06658870882852151,PBPF,cracker_scene1,10,old
1563,6.775927782058716,0.06658870882852151,PBPF,cracker_scene1,10,old
1564,6.78002667427063,0.06660363552820706,PBPF,cracker_scene1,10,old
1565,6.7841949462890625,0.06660363552820706,PBPF,cracker_scene1,10,old
1566,6.788431406021118,0.06657721381539478,PBPF,cracker_scene1,10,old
1567,6.792569875717163,0.06657721381539478,PBPF,cracker_scene1,10,old
1568,6.796802997589111,0.06652731911590129,PBPF,cracker_scene1,10,old
1569,6.8008177280426025,0.06652731911590129,PBPF,cracker_scene1,10,old
1570,6.8052191734313965,0.06653824029218146,PBPF,cracker_scene1,10,old
1571,6.809253931045532,0.06653824029218146,PBPF,cracker_scene1,10,old
1572,6.813573837280273,0.06652873624835416,PBPF,cracker_scene1,10,old
1573,6.817523002624512,0.06648185499045503,PBPF,cracker_scene1,10,old
1574,6.821775674819946,0.0664499269000339,PBPF,cracker_scene1,10,old
1575,6.825956583023071,0.0664499269000339,PBPF,cracker_scene1,10,old
1576,6.830219268798828,0.06640592968984936,PBPF,cracker_scene1,10,old
1577,6.834392547607422,0.06640592968984936,PBPF,cracker_scene1,10,old
1578,6.83861231803894,0.06632274896612202,PBPF,cracker_scene1,10,old
1579,6.84277868270874,0.06632274896612202,PBPF,cracker_scene1,10,old
1580,6.846990585327148,0.06632849078172841,PBPF,cracker_scene1,10,old
1581,6.851176977157593,0.06633001796395248,PBPF,cracker_scene1,10,old
1582,6.855563640594482,0.06633001796395248,PBPF,cracker_scene1,10,old
1583,6.859782934188843,0.06630569390285077,PBPF,cracker_scene1,10,old
1584,6.864506721496582,0.06630569390285077,PBPF,cracker_scene1,10,old
1585,6.869197845458984,0.06631440520896999,PBPF,cracker_scene1,10,old
1586,6.87384295463562,0.06624319532665462,PBPF,cracker_scene1,10,old
1587,6.878918886184692,0.0662744107902441,PBPF,cracker_scene1,10,old
1588,6.883538246154785,0.06616411872883085,PBPF,cracker_scene1,10,old
1589,6.888653516769409,0.06657270654359637,PBPF,cracker_scene1,10,old
1590,6.892654895782471,0.06657270654359637,PBPF,cracker_scene1,10,old
1591,6.897065162658691,0.06656008384842031,PBPF,cracker_scene1,10,old
1592,6.901299476623535,0.06656008384842031,PBPF,cracker_scene1,10,old
1593,6.9057018756866455,0.06658786536144598,PBPF,cracker_scene1,10,old
1594,6.909870147705078,0.06658786536144598,PBPF,cracker_scene1,10,old
1595,6.914255142211914,0.06659715370520292,PBPF,cracker_scene1,10,old
1596,6.918301820755005,0.06659715370520292,PBPF,cracker_scene1,10,old
1597,6.9227118492126465,0.06654228713302213,PBPF,cracker_scene1,10,old
1598,6.926804065704346,0.06649654510308473,PBPF,cracker_scene1,10,old
1599,6.931072473526001,0.06649654510308473,PBPF,cracker_scene1,10,old
1600,6.93553900718689,0.06647937054385883,PBPF,cracker_scene1,10,old
1601,6.939881086349487,0.06647937054385883,PBPF,cracker_scene1,10,old
1602,6.944173097610474,0.06640632902724712,PBPF,cracker_scene1,10,old
1603,6.948393821716309,0.06640632902724712,PBPF,cracker_scene1,10,old
1604,6.952589750289917,0.06644528825064845,PBPF,cracker_scene1,10,old
1605,6.956878185272217,0.06645694944292549,PBPF,cracker_scene1,10,old
1606,6.961076498031616,0.06639144790212693,PBPF,cracker_scene1,10,old
1607,6.965299844741821,0.06639144790212693,PBPF,cracker_scene1,10,old
1608,6.9694719314575195,0.06637340051732556,PBPF,cracker_scene1,10,old
1609,6.973750114440918,0.06637340051732556,PBPF,cracker_scene1,10,old
1610,6.97807502746582,0.06638700722220217,PBPF,cracker_scene1,10,old
1611,6.982195854187012,0.06638700722220217,PBPF,cracker_scene1,10,old
1612,6.986414670944214,0.06637585235051856,PBPF,cracker_scene1,10,old
1613,6.990516424179077,0.06637585235051856,PBPF,cracker_scene1,10,old
1614,6.994793653488159,0.06630640549772093,PBPF,cracker_scene1,10,old
1615,6.9989917278289795,0.06630640549772093,PBPF,cracker_scene1,10,old
1616,7.003218173980713,0.06632254437303808,PBPF,cracker_scene1,10,old
1617,7.0073606967926025,0.06632254437303808,PBPF,cracker_scene1,10,old
1618,7.0114805698394775,0.06627685896649815,PBPF,cracker_scene1,10,old
1619,7.0158092975616455,0.06627685896649815,PBPF,cracker_scene1,10,old
1620,7.020119667053223,0.06632897188496543,PBPF,cracker_scene1,10,old
1621,7.024880647659302,0.06632897188496543,PBPF,cracker_scene1,10,old
1622,7.029325246810913,0.06632303362656343,PBPF,cracker_scene1,10,old
1623,7.033485174179077,0.06632303362656343,PBPF,cracker_scene1,10,old
1624,7.037813186645508,0.06631487332171108,PBPF,cracker_scene1,10,old
1625,7.042046070098877,0.06631487332171108,PBPF,cracker_scene1,10,old
1626,7.047115087509155,0.06624622567635935,PBPF,cracker_scene1,10,old
1627,7.05137825012207,0.06597634732153694,PBPF,cracker_scene1,10,old
1628,7.055675506591797,0.06597634732153694,PBPF,cracker_scene1,10,old
1629,7.059808015823364,0.06590964808935956,PBPF,cracker_scene1,10,old
1630,7.064146041870117,0.06590964808935956,PBPF,cracker_scene1,10,old
1631,7.068240165710449,0.06592952406739992,PBPF,cracker_scene1,10,old
1632,7.072547912597656,0.06592952406739992,PBPF,cracker_scene1,10,old
1633,7.076780080795288,0.06594307285461894,PBPF,cracker_scene1,10,old
1634,7.08108925819397,0.06594307285461894,PBPF,cracker_scene1,10,old
1635,7.08518648147583,0.06597116750516266,PBPF,cracker_scene1,10,old
1636,7.089386463165283,0.06597116750516266,PBPF,cracker_scene1,10,old
1637,7.093557596206665,0.06596790534086845,PBPF,cracker_scene1,10,old
1638,7.097811698913574,0.06596790534086845,PBPF,cracker_scene1,10,old
1639,7.102072238922119,0.0659495995486144,PBPF,cracker_scene1,10,old
1640,7.106091260910034,0.0659495995486144,PBPF,cracker_scene1,10,old
1641,7.110043525695801,0.0659495995486144,PBPF,cracker_scene1,10,old
1642,7.114074468612671,0.0659495995486144,PBPF,cracker_scene1,10,old
1643,7.118275880813599,0.06584786972295714,PBPF,cracker_scene1,10,old
1644,7.122359275817871,0.06582383566376751,PBPF,cracker_scene1,10,old
1645,7.126371622085571,0.06582383566376751,PBPF,cracker_scene1,10,old
1646,7.130461931228638,0.06580180100062236,PBPF,cracker_scene1,10,old
1647,7.134577512741089,0.06580180100062236,PBPF,cracker_scene1,10,old
1648,7.139194965362549,0.06579352481425334,PBPF,cracker_scene1,10,old
1649,7.143320322036743,0.06579352481425334,PBPF,cracker_scene1,10,old
1650,7.147718906402588,0.06584119384822595,PBPF,cracker_scene1,10,old
1651,7.151944398880005,0.06583894379598433,PBPF,cracker_scene1,10,old
1652,7.155994653701782,0.06583097288815368,PBPF,cracker_scene1,10,old
1653,7.160272598266602,0.06583097288815368,PBPF,cracker_scene1,10,old
1654,7.164594411849976,0.06577795690521233,PBPF,cracker_scene1,10,old
1655,7.168846845626831,0.06577795690521233,PBPF,cracker_scene1,10,old
1656,7.1731116771698,0.06576610857949322,PBPF,cracker_scene1,10,old
1657,7.177330493927002,0.06576610857949322,PBPF,cracker_scene1,10,old
1658,7.181513786315918,0.0657745326677686,PBPF,cracker_scene1,10,old
1659,7.186384916305542,0.0657745326677686,PBPF,cracker_scene1,10,old
1660,7.190742254257202,0.06574667290869536,PBPF,cracker_scene1,10,old
1661,7.19504714012146,0.06574667290869536,PBPF,cracker_scene1,10,old
1662,7.199347257614136,0.06571744098283276,PBPF,cracker_scene1,10,old
1663,7.203619480133057,0.06571744098283276,PBPF,cracker_scene1,10,old
1664,7.208745241165161,0.06926322760262141,PBPF,cracker_scene1,10,old
1665,7.213222026824951,0.06926322760262141,PBPF,cracker_scene1,10,old
1666,7.217716932296753,0.06926801066460597,PBPF,cracker_scene1,10,old
1667,7.222140312194824,0.06926801066460597,PBPF,cracker_scene1,10,old
1668,7.2264792919158936,0.06926801066460597,PBPF,cracker_scene1,10,old
1669,7.231057643890381,0.06923939569073564,PBPF,cracker_scene1,10,old
1670,7.235430717468262,0.06922947551392152,PBPF,cracker_scene1,10,old
1671,7.2396275997161865,0.06922947551392152,PBPF,cracker_scene1,10,old
1672,7.244207143783569,0.06915755311714396,PBPF,cracker_scene1,10,old
1673,7.248556852340698,0.06915755311714396,PBPF,cracker_scene1,10,old
1674,7.252877950668335,0.06916490818943559,PBPF,cracker_scene1,10,old
1675,7.257310152053833,0.06915209993294552,PBPF,cracker_scene1,10,old
1676,7.261731386184692,0.06915209993294552,PBPF,cracker_scene1,10,old
1677,7.2660863399505615,0.06915209993294552,PBPF,cracker_scene1,10,old
1678,7.27077579498291,0.06912906323499077,PBPF,cracker_scene1,10,old
1679,7.275096654891968,0.06910537909715775,PBPF,cracker_scene1,10,old
1680,7.279623508453369,0.06906584113185477,PBPF,cracker_scene1,10,old
1681,7.2836833000183105,0.06906584113185477,PBPF,cracker_scene1,10,old
1682,7.288255214691162,0.06909733607467207,PBPF,cracker_scene1,10,old
1683,7.2922587394714355,0.06909733607467207,PBPF,cracker_scene1,10,old
1684,7.296544313430786,0.0690798632634073,PBPF,cracker_scene1,10,old
1685,7.300628423690796,0.0690798632634073,PBPF,cracker_scene1,10,old
1686,7.30524754524231,0.06906417193382297,PBPF,cracker_scene1,10,old
1687,7.3099524974823,0.06906417193382297,PBPF,cracker_scene1,10,old
1688,7.3149254322052,0.06902807895177243,PBPF,cracker_scene1,10,old
1689,7.319211721420288,0.06906436187746592,PBPF,cracker_scene1,10,old
1690,7.323513746261597,0.0690555683852707,PBPF,cracker_scene1,10,old
1691,7.327982187271118,0.0690118159222294,PBPF,cracker_scene1,10,old
1692,7.332472801208496,0.0690118159222294,PBPF,cracker_scene1,10,old
1693,7.3369529247283936,0.06899273983965785,PBPF,cracker_scene1,10,old
1694,7.34101128578186,0.06899273983965785,PBPF,cracker_scene1,10,old
1695,7.345355987548828,0.06897772637478555,PBPF,cracker_scene1,10,old
1696,7.349392414093018,0.06897772637478555,PBPF,cracker_scene1,10,old
1697,7.3535284996032715,0.06897772637478555,PBPF,cracker_scene1,10,old
1698,7.35807466506958,0.06895706443480339,PBPF,cracker_scene1,10,old
1699,7.3629608154296875,0.06894718576109556,PBPF,cracker_scene1,10,old
1700,7.367509126663208,0.07067832660657249,PBPF,cracker_scene1,10,old
1701,7.371994495391846,0.07065674577569062,PBPF,cracker_scene1,10,old
1702,7.3761022090911865,0.07065857487313056,PBPF,cracker_scene1,10,old
1703,7.380371570587158,0.07064074501028861,PBPF,cracker_scene1,10,old
1704,7.384494304656982,0.07064074501028861,PBPF,cracker_scene1,10,old
1705,7.388873100280762,0.07067670613173384,PBPF,cracker_scene1,10,old
1706,7.392962694168091,0.07067670613173384,PBPF,cracker_scene1,10,old
1707,7.3973071575164795,0.07066152935428241,PBPF,cracker_scene1,10,old
1708,7.401534795761108,0.07066065074978889,PBPF,cracker_scene1,10,old
1709,7.405828475952148,0.0706591741517149,PBPF,cracker_scene1,10,old
1710,7.409950256347656,0.07065600180919206,PBPF,cracker_scene1,10,old
1711,7.414284944534302,0.07066753673120126,PBPF,cracker_scene1,10,old
1712,7.4184346199035645,0.07065895423306275,PBPF,cracker_scene1,10,old
1713,7.422650098800659,0.07065895423306275,PBPF,cracker_scene1,10,old
1714,7.426757574081421,0.07065948197693238,PBPF,cracker_scene1,10,old
1715,7.431021451950073,0.07066406047673086,PBPF,cracker_scene1,10,old
1716,7.435158014297485,0.07065541977824576,PBPF,cracker_scene1,10,old
1717,7.439471960067749,0.07065431962353047,PBPF,cracker_scene1,10,old
1718,7.443698883056641,0.07066882906638425,PBPF,cracker_scene1,10,old
1719,7.448024272918701,0.07066381553239057,PBPF,cracker_scene1,10,old
1720,7.452231407165527,0.07065551934987838,PBPF,cracker_scene1,10,old
1721,7.4564995765686035,0.07065551934987838,PBPF,cracker_scene1,10,old
1722,7.460716485977173,0.07064464759065348,PBPF,cracker_scene1,10,old
1723,7.464913368225098,0.07064805510457814,PBPF,cracker_scene1,10,old
1724,7.469249725341797,0.07064811230352208,PBPF,cracker_scene1,10,old
1725,7.473400115966797,0.07064811230352208,PBPF,cracker_scene1,10,old
1726,7.477636098861694,0.07064314927379897,PBPF,cracker_scene1,10,old
1727,7.481785535812378,0.07064314927379897,PBPF,cracker_scene1,10,old
1728,7.4860053062438965,0.07065257784009023,PBPF,cracker_scene1,10,old
1729,7.4902873039245605,0.07065001051571179,PBPF,cracker_scene1,10,old
1730,7.494570016860962,0.07064665873662941,PBPF,cracker_scene1,10,old
1731,7.498777389526367,0.07064665873662941,PBPF,cracker_scene1,10,old
1732,7.503113508224487,0.07061145857622894,PBPF,cracker_scene1,10,old
1733,7.50717568397522,0.07061145857622894,PBPF,cracker_scene1,10,old
1734,7.511447429656982,0.07062205121223696,PBPF,cracker_scene1,10,old
1735,7.515615701675415,0.07062205121223696,PBPF,cracker_scene1,10,old
1736,7.519907712936401,0.07063548077073688,PBPF,cracker_scene1,10,old
1737,7.524061679840088,0.07063548077073688,PBPF,cracker_scene1,10,old
1738,7.528370141983032,0.07062622739350552,PBPF,cracker_scene1,10,old
1739,7.532650947570801,0.07062622739350552,PBPF,cracker_scene1,10,old
1740,7.536837100982666,0.07060471456103579,PBPF,cracker_scene1,10,old
1741,7.540772199630737,0.07060471456103579,PBPF,cracker_scene1,10,old
1742,7.544928073883057,0.07059253234126205,PBPF,cracker_scene1,10,old
1743,7.548931837081909,0.07059253234126205,PBPF,cracker_scene1,10,old
1744,7.553070545196533,0.07060544134087735,PBPF,cracker_scene1,10,old
1745,7.557002305984497,0.07060544134087735,PBPF,cracker_scene1,10,old
1746,7.561124086380005,0.07060231939593352,PBPF,cracker_scene1,10,old
1747,7.565563917160034,0.07060231939593352,PBPF,cracker_scene1,10,old
1748,7.569905996322632,0.07062598073904877,PBPF,cracker_scene1,10,old
1749,7.5740296840667725,0.07062598073904877,PBPF,cracker_scene1,10,old
1750,7.578331470489502,0.07063315871227109,PBPF,cracker_scene1,10,old
1751,7.582417249679565,0.07063315871227109,PBPF,cracker_scene1,10,old
1752,7.586636304855347,0.07063787959771822,PBPF,cracker_scene1,10,old
1753,7.590754747390747,0.07063787959771822,PBPF,cracker_scene1,10,old
1754,7.594982624053955,0.07060197846022555,PBPF,cracker_scene1,10,old
1755,7.599238872528076,0.07060197846022555,PBPF,cracker_scene1,10,old
1756,7.6034836769104,0.07060068811426935,PBPF,cracker_scene1,10,old
1757,7.6075780391693115,0.07060068811426935,PBPF,cracker_scene1,10,old
1758,7.611838340759277,0.07060465946343408,PBPF,cracker_scene1,10,old
1759,7.615985870361328,0.07060465946343408,PBPF,cracker_scene1,10,old
1760,7.620373010635376,0.07062565658232395,PBPF,cracker_scene1,10,old
1761,7.62440824508667,0.07062565658232395,PBPF,cracker_scene1,10,old
1762,7.628685235977173,0.07063224190678065,PBPF,cracker_scene1,10,old
1763,7.632984161376953,0.07063224190678065,PBPF,cracker_scene1,10,old
1764,7.637234210968018,0.07059822243341367,PBPF,cracker_scene1,10,old
1765,7.641376972198486,0.07059822243341367,PBPF,cracker_scene1,10,old
1766,7.645590305328369,0.07060802911178028,PBPF,cracker_scene1,10,old
1767,7.649879217147827,0.07060802911178028,PBPF,cracker_scene1,10,old
1768,7.6541900634765625,0.0706291224783962,PBPF,cracker_scene1,10,old
1769,7.6582512855529785,0.0706291224783962,PBPF,cracker_scene1,10,old
1770,7.6625494956970215,0.07059538187584229,PBPF,cracker_scene1,10,old
1771,7.666745185852051,0.07059538187584229,PBPF,cracker_scene1,10,old
1772,7.671157598495483,0.07061837082296527,PBPF,cracker_scene1,10,old
1773,7.675207614898682,0.07061837082296527,PBPF,cracker_scene1,10,old
1774,7.679449081420898,0.07058953924214403,PBPF,cracker_scene1,10,old
1775,7.683550834655762,0.07058953924214403,PBPF,cracker_scene1,10,old
1776,7.68789529800415,0.07062550926060544,PBPF,cracker_scene1,10,old
1777,7.692009687423706,0.07062550926060544,PBPF,cracker_scene1,10,old
1778,7.6962502002716064,0.07059738818795502,PBPF,cracker_scene1,10,old
1779,7.700337171554565,0.07059738818795502,PBPF,cracker_scene1,10,old
1780,7.704588413238525,0.07060341830026456,PBPF,cracker_scene1,10,old
1781,7.7086501121521,0.07060341830026456,PBPF,cracker_scene1,10,old
1782,7.712915420532227,0.07062833667933316,PBPF,cracker_scene1,10,old
1783,7.716989517211914,0.07062833667933316,PBPF,cracker_scene1,10,old
1784,7.7212889194488525,0.07058086844440785,PBPF,cracker_scene1,10,old
1785,7.725416421890259,0.07058086844440785,PBPF,cracker_scene1,10,old
1786,7.729733467102051,0.07059569471082962,PBPF,cracker_scene1,10,old
1787,7.733950853347778,0.07059569471082962,PBPF,cracker_scene1,10,old
1788,7.738076686859131,0.07059705349505839,PBPF,cracker_scene1,10,old
1789,7.742041826248169,0.07059705349505839,PBPF,cracker_scene1,10,old
1790,7.746160984039307,0.07058961562320268,PBPF,cracker_scene1,10,old
1791,7.7501373291015625,0.07058961562320268,PBPF,cracker_scene1,10,old
1792,7.754311800003052,0.0706287625354637,PBPF,cracker_scene1,10,old
1793,7.758258104324341,0.0706287625354637,PBPF,cracker_scene1,10,old
1794,7.762829780578613,0.07063428116757521,PBPF,cracker_scene1,10,old
1795,7.76698899269104,0.07063428116757521,PBPF,cracker_scene1,10,old
1796,7.771327495574951,0.07060311689657632,PBPF,cracker_scene1,10,old
1797,7.775384426116943,0.07060311689657632,PBPF,cracker_scene1,10,old
1798,7.779798269271851,0.07059091117857179,PBPF,cracker_scene1,10,old
1799,7.783733129501343,0.07059091117857179,PBPF,cracker_scene1,10,old
1800,7.788145542144775,0.07060429738799863,PBPF,cracker_scene1,10,old
1801,7.792335510253906,0.07060429738799863,PBPF,cracker_scene1,10,old
1802,7.796320915222168,0.07059675805426761,PBPF,cracker_scene1,10,old
1803,7.800817966461182,0.0706112857321116,PBPF,cracker_scene1,10,old
1804,7.805196285247803,0.07060106232363829,PBPF,cracker_scene1,10,old
1805,7.809451580047607,0.07060106232363829,PBPF,cracker_scene1,10,old
1806,7.813741207122803,0.07061307432016467,PBPF,cracker_scene1,10,old
1807,7.817846059799194,0.07061307432016467,PBPF,cracker_scene1,10,old
1808,7.822185039520264,0.07059795400756776,PBPF,cracker_scene1,10,old
1809,7.826225280761719,0.07059795400756776,PBPF,cracker_scene1,10,old
1810,7.830637454986572,0.07063885816821668,PBPF,cracker_scene1,10,old
1811,7.834815979003906,0.07063319736548693,PBPF,cracker_scene1,10,old
1812,7.8392109870910645,0.07062884139762302,PBPF,cracker_scene1,10,old
1813,7.843309640884399,0.07064268483561728,PBPF,cracker_scene1,10,old
1814,7.847757816314697,0.07064268483561728,PBPF,cracker_scene1,10,old
1815,7.851951599121094,0.07065104295450687,PBPF,cracker_scene1,10,old
1816,7.856165409088135,0.07065104295450687,PBPF,cracker_scene1,10,old
1817,7.860486268997192,0.07064430053774746,PBPF,cracker_scene1,10,old
1818,7.8647239208221436,0.07064430053774746,PBPF,cracker_scene1,10,old
1819,7.868858098983765,0.07064430053774746,PBPF,cracker_scene1,10,old
1820,7.873157739639282,0.0706365203574627,PBPF,cracker_scene1,10,old
1821,7.877431154251099,0.07063933985634292,PBPF,cracker_scene1,10,old
1822,7.8816893100738525,0.07062836328048167,PBPF,cracker_scene1,10,old
1823,7.885820388793945,0.07059338883560133,PBPF,cracker_scene1,10,old
1824,7.8901283740997314,0.07059338883560133,PBPF,cracker_scene1,10,old
1825,7.894447326660156,0.07058090784075359,PBPF,cracker_scene1,10,old
1826,7.898724794387817,0.07058090784075359,PBPF,cracker_scene1,10,old
1827,7.9029786586761475,0.0705505925301214,PBPF,cracker_scene1,10,old
1828,7.907113075256348,0.0705505925301214,PBPF,cracker_scene1,10,old
1829,7.911044359207153,0.0705505925301214,PBPF,cracker_scene1,10,old
1830,7.915268898010254,0.0705524839337686,PBPF,cracker_scene1,10,old
1831,7.919543743133545,0.0705524839337686,PBPF,cracker_scene1,10,old
1832,7.9236249923706055,0.07049868404698285,PBPF,cracker_scene1,10,old
1833,7.927865743637085,0.07049868404698285,PBPF,cracker_scene1,10,old
1834,7.93233585357666,0.07048712557172633,PBPF,cracker_scene1,10,old
1835,7.936326503753662,0.07048712557172633,PBPF,cracker_scene1,10,old
1836,7.940436124801636,0.07049957872551081,PBPF,cracker_scene1,10,old
1837,7.944519519805908,0.07050883285791129,PBPF,cracker_scene1,10,old
1838,7.948530912399292,0.07050883285791129,PBPF,cracker_scene1,10,old
1839,7.9526801109313965,0.07050470844248126,PBPF,cracker_scene1,10,old
1840,7.956928968429565,0.07050470844248126,PBPF,cracker_scene1,10,old
1841,7.961102485656738,0.0705077364370786,PBPF,cracker_scene1,10,old
1842,7.965606689453125,0.07049649705551686,PBPF,cracker_scene1,10,old
1843,7.96983003616333,0.0704919478603226,PBPF,cracker_scene1,10,old
1844,7.974049091339111,0.0704919478603226,PBPF,cracker_scene1,10,old
1845,7.9782774448394775,0.07048714006178207,PBPF,cracker_scene1,10,old
1846,7.982585906982422,0.07048714006178207,PBPF,cracker_scene1,10,old
1847,7.986651420593262,0.07046886249233902,PBPF,cracker_scene1,10,old
1848,7.99097752571106,0.07046886249233902,PBPF,cracker_scene1,10,old
1849,7.995156288146973,0.07047358218123004,PBPF,cracker_scene1,10,old
1850,7.999586343765259,0.07047358218123004,PBPF,cracker_scene1,10,old
1851,8.00388479232788,0.07142947156792062,PBPF,cracker_scene1,10,old
1852,8.00816535949707,0.07144330322926266,PBPF,cracker_scene1,10,old
1853,8.012382745742798,0.07144265883394134,PBPF,cracker_scene1,10,old
1854,8.016502618789673,0.0714110806441915,PBPF,cracker_scene1,10,old
1855,8.020792245864868,0.0714110806441915,PBPF,cracker_scene1,10,old
1856,8.024905443191528,0.07140458120446694,PBPF,cracker_scene1,10,old
1857,8.029024362564087,0.07140458120446694,PBPF,cracker_scene1,10,old
1858,8.03325867652893,0.07140458120446694,PBPF,cracker_scene1,10,old
1859,8.037273168563843,0.07140458120446694,PBPF,cracker_scene1,10,old
1860,8.04163122177124,0.07133242633653088,PBPF,cracker_scene1,10,old
1861,8.045803785324097,0.07129849591069923,PBPF,cracker_scene1,10,old
1862,8.050119638442993,0.07129849591069923,PBPF,cracker_scene1,10,old
1863,8.054157972335815,0.07129849591069923,PBPF,cracker_scene1,10,old
1864,8.058565855026245,0.071274494148072,PBPF,cracker_scene1,10,old
1865,8.062779188156128,0.071274494148072,PBPF,cracker_scene1,10,old
1866,8.066911935806274,0.07125541649409169,PBPF,cracker_scene1,10,old
1867,8.07136344909668,0.07128954494724282,PBPF,cracker_scene1,10,old
1868,8.075644493103027,0.07128844454508604,PBPF,cracker_scene1,10,old
1869,8.08010983467102,0.07125738586625623,PBPF,cracker_scene1,10,old
1870,8.084454774856567,0.07125738586625623,PBPF,cracker_scene1,10,old
1871,8.089088916778564,0.07112021672991073,PBPF,cracker_scene1,10,old
1872,8.093347787857056,0.07107901392837161,PBPF,cracker_scene1,10,old
1873,8.09768295288086,0.07111659649444127,PBPF,cracker_scene1,10,old
1874,8.101890087127686,0.07108307829445114,PBPF,cracker_scene1,10,old
1875,8.106181144714355,0.07107592887850198,PBPF,cracker_scene1,10,old
1876,8.110297679901123,0.07111800807986421,PBPF,cracker_scene1,10,old
1877,8.114620923995972,0.07107562015823032,PBPF,cracker_scene1,10,old
1878,8.118911504745483,0.07104327675987043,PBPF,cracker_scene1,10,old
1879,8.123157262802124,0.07102852912222853,PBPF,cracker_scene1,10,old
1880,8.127485990524292,0.07092833779731261,PBPF,cracker_scene1,10,old
1881,8.131928205490112,0.07092833779731261,PBPF,cracker_scene1,10,old
1882,8.136073350906372,0.0709672830851438,PBPF,cracker_scene1,10,old
1883,8.140364408493042,0.0709672830851438,PBPF,cracker_scene1,10,old
1884,8.144566535949707,0.0709826741083798,PBPF,cracker_scene1,10,old
1885,8.148934125900269,0.07095221625946822,PBPF,cracker_scene1,10,old
1886,8.153212308883667,0.07093705149982271,PBPF,cracker_scene1,10,old
1887,8.157323837280273,0.07093705149982271,PBPF,cracker_scene1,10,old
1888,8.161748886108398,0.07086556270154835,PBPF,cracker_scene1,10,old
1889,8.166111707687378,0.07086556270154835,PBPF,cracker_scene1,10,old
1890,8.170308113098145,0.07081322702638719,PBPF,cracker_scene1,10,old
1891,8.174270868301392,0.07081322702638719,PBPF,cracker_scene1,10,old
1892,8.178394317626953,0.0707975181391667,PBPF,cracker_scene1,10,old
1893,8.182361125946045,0.0707975181391667,PBPF,cracker_scene1,10,old
1894,8.18651270866394,0.07070622124296987,PBPF,cracker_scene1,10,old
1895,8.190480947494507,0.07070622124296987,PBPF,cracker_scene1,10,old
1896,8.194586515426636,0.07065345153455913,PBPF,cracker_scene1,10,old
1897,8.19897723197937,0.07065345153455913,PBPF,cracker_scene1,10,old
1898,8.203331708908081,0.07060990704869759,PBPF,cracker_scene1,10,old
1899,8.207380533218384,0.07060990704869759,PBPF,cracker_scene1,10,old
1900,8.211649417877197,0.07063594940682778,PBPF,cracker_scene1,10,old
1901,8.21579122543335,0.07063594940682778,PBPF,cracker_scene1,10,old
1902,8.220047950744629,0.07058877710303503,PBPF,cracker_scene1,10,old
1903,8.22420072555542,0.07058877710303503,PBPF,cracker_scene1,10,old
1904,8.228470087051392,0.07052914692529952,PBPF,cracker_scene1,10,old
1905,8.232773780822754,0.07052914692529952,PBPF,cracker_scene1,10,old
1906,8.236852407455444,0.07052914692529952,PBPF,cracker_scene1,10,old
1907,8.24116587638855,0.07053559923789517,PBPF,cracker_scene1,10,old
1908,8.245558977127075,0.070486451202181,PBPF,cracker_scene1,10,old
1909,8.249678134918213,0.070486451202181,PBPF,cracker_scene1,10,old
1910,8.25400424003601,0.07048036902659395,PBPF,cracker_scene1,10,old
1911,8.258049726486206,0.07048036902659395,PBPF,cracker_scene1,10,old
1912,8.262412071228027,0.07040894745274244,PBPF,cracker_scene1,10,old
1913,8.266612529754639,0.07040894745274244,PBPF,cracker_scene1,10,old
1914,8.271056413650513,0.07037017963330011,PBPF,cracker_scene1,10,old
1915,8.275114297866821,0.07037017963330011,PBPF,cracker_scene1,10,old
1916,8.279554843902588,0.07041254072853513,PBPF,cracker_scene1,10,old
1917,8.283662796020508,0.07041254072853513,PBPF,cracker_scene1,10,old
1918,8.287952423095703,0.07030994726007135,PBPF,cracker_scene1,10,old
1919,8.292024850845337,0.07030994726007135,PBPF,cracker_scene1,10,old
1920,8.296462297439575,0.07033935166290808,PBPF,cracker_scene1,10,old
1921,8.300660848617554,0.07033935166290808,PBPF,cracker_scene1,10,old
1922,8.30509877204895,0.07030540960919834,PBPF,cracker_scene1,10,old
1923,8.309046745300293,0.07030540960919834,PBPF,cracker_scene1,10,old
1924,8.313034057617188,0.07030540960919834,PBPF,cracker_scene1,10,old
1925,8.317322969436646,0.07022676754902997,PBPF,cracker_scene1,10,old
1926,8.32174563407898,0.07385167955508833,PBPF,cracker_scene1,10,old
1927,8.326050043106079,0.0738337019503776,PBPF,cracker_scene1,10,old
1928,8.330144882202148,0.0738337019503776,PBPF,cracker_scene1,10,old
1929,8.334421873092651,0.07386442973889729,PBPF,cracker_scene1,10,old
1930,8.338593482971191,0.0738358332957693,PBPF,cracker_scene1,10,old
1931,8.342786073684692,0.0738358332957693,PBPF,cracker_scene1,10,old
1932,8.346943855285645,0.07382129210821907,PBPF,cracker_scene1,10,old
1933,8.351223945617676,0.07382129210821907,PBPF,cracker_scene1,10,old
1934,8.35548996925354,0.07380230141582975,PBPF,cracker_scene1,10,old
1935,8.359759330749512,0.07380230141582975,PBPF,cracker_scene1,10,old
1936,8.36404037475586,0.07371818906922943,PBPF,cracker_scene1,10,old
1937,8.368563652038574,0.07368177873959274,PBPF,cracker_scene1,10,old
1938,8.372585535049438,0.07368758074259908,PBPF,cracker_scene1,10,old
1939,8.376931190490723,0.07369012976025127,PBPF,cracker_scene1,10,old
1940,8.381017208099365,0.07367036121818427,PBPF,cracker_scene1,10,old
1941,8.38523244857788,0.07367036121818427,PBPF,cracker_scene1,10,old
1942,8.389378786087036,0.07359732235174908,PBPF,cracker_scene1,10,old
1943,8.393564701080322,0.07359732235174908,PBPF,cracker_scene1,10,old
1944,8.397778034210205,0.07360769326941326,PBPF,cracker_scene1,10,old
1945,8.402123212814331,0.07360769326941326,PBPF,cracker_scene1,10,old
1946,8.406283140182495,0.07358385676029552,PBPF,cracker_scene1,10,old
1947,8.410396099090576,0.07358385676029552,PBPF,cracker_scene1,10,old
1948,8.414698839187622,0.0735233973146454,PBPF,cracker_scene1,10,old
1949,8.4188232421875,0.0735233973146454,PBPF,cracker_scene1,10,old
1950,8.42288088798523,0.07348748043537448,PBPF,cracker_scene1,10,old
1951,8.427041053771973,0.07348748043537448,PBPF,cracker_scene1,10,old
1952,8.431311845779419,0.07349712572310846,PBPF,cracker_scene1,10,old
1953,8.435590267181396,0.07349712572310846,PBPF,cracker_scene1,10,old
1954,8.439694881439209,0.07345992918817293,PBPF,cracker_scene1,10,old
1955,8.443891763687134,0.07345992918817293,PBPF,cracker_scene1,10,old
1956,8.447901964187622,0.07345992918817293,PBPF,cracker_scene1,10,old
1957,8.452313423156738,0.07338869716739592,PBPF,cracker_scene1,10,old
1958,8.456682682037354,0.07336340357340125,PBPF,cracker_scene1,10,old
1959,8.46075987815857,0.07336340357340125,PBPF,cracker_scene1,10,old
1960,8.464941263198853,0.07336354613374507,PBPF,cracker_scene1,10,old
1961,8.469391584396362,0.07333891202496849,PBPF,cracker_scene1,10,old
1962,8.474003076553345,0.07328987667576341,PBPF,cracker_scene1,10,old
1963,8.4785795211792,0.07327212159317545,PBPF,cracker_scene1,10,old
1964,8.48311448097229,0.07646244434486138,PBPF,cracker_scene1,10,old
1965,8.487521171569824,0.0763444827289825,PBPF,cracker_scene1,10,old
1966,8.491527557373047,0.0763444827289825,PBPF,cracker_scene1,10,old
1967,8.495728015899658,0.07642908465367747,PBPF,cracker_scene1,10,old
1968,8.49990200996399,0.07642908465367747,PBPF,cracker_scene1,10,old
1969,8.504280090332031,0.07636279962424974,PBPF,cracker_scene1,10,old
1970,8.508300304412842,0.07636279962424974,PBPF,cracker_scene1,10,old
1971,8.512644290924072,0.07638190224743294,PBPF,cracker_scene1,10,old
1972,8.516662359237671,0.07638190224743294,PBPF,cracker_scene1,10,old
1973,8.521027565002441,0.07626426522495379,PBPF,cracker_scene1,10,old
1974,8.525180101394653,0.07626426522495379,PBPF,cracker_scene1,10,old
1975,8.529430150985718,0.07623119932978403,PBPF,cracker_scene1,10,old
1976,8.53363299369812,0.07623119932978403,PBPF,cracker_scene1,10,old
1977,8.537888050079346,0.07629539390318349,PBPF,cracker_scene1,10,old
1978,8.54202675819397,0.07629539390318349,PBPF,cracker_scene1,10,old
1979,8.546389818191528,0.07631770201764884,PBPF,cracker_scene1,10,old
1980,8.550426006317139,0.07631770201764884,PBPF,cracker_scene1,10,old
1981,8.554741382598877,0.07628597929434058,PBPF,cracker_scene1,10,old
1982,8.558855533599854,0.07628597929434058,PBPF,cracker_scene1,10,old
1983,8.563175678253174,0.07620328809102332,PBPF,cracker_scene1,10,old
1984,8.567371129989624,0.07620328809102332,PBPF,cracker_scene1,10,old
1985,8.571663618087769,0.0761648025960122,PBPF,cracker_scene1,10,old
1986,8.575804948806763,0.0761648025960122,PBPF,cracker_scene1,10,old
1987,8.580146551132202,0.07617442696825072,PBPF,cracker_scene1,10,old
1988,8.584216833114624,0.07617442696825072,PBPF,cracker_scene1,10,old
1989,8.588530540466309,0.07624045428129794,PBPF,cracker_scene1,10,old
1990,8.592602729797363,0.07624045428129794,PBPF,cracker_scene1,10,old
1991,8.59690809249878,0.07618957042429625,PBPF,cracker_scene1,10,old
1992,8.601329565048218,0.07618957042429625,PBPF,cracker_scene1,10,old
1993,8.605273485183716,0.0762679574041265,PBPF,cracker_scene1,10,old
1994,8.609257936477661,0.0762679574041265,PBPF,cracker_scene1,10,old
1995,8.613450050354004,0.07619195465648079,PBPF,cracker_scene1,10,old
1996,8.6174156665802,0.07619195465648079,PBPF,cracker_scene1,10,old
1997,8.621560096740723,0.0761855086322143,PBPF,cracker_scene1,10,old
1998,8.625558614730835,0.0761855086322143,PBPF,cracker_scene1,10,old
1999,8.630194902420044,0.07617920140075696,PBPF,cracker_scene1,10,old
2000,8.634526014328003,0.07625664084112874,PBPF,cracker_scene1,10,old
2001,8.638810634613037,0.07623278183101984,PBPF,cracker_scene1,10,old
2002,8.642927646636963,0.07623278183101984,PBPF,cracker_scene1,10,old
2003,8.647451162338257,0.07525517250860857,PBPF,cracker_scene1,10,old
2004,8.651642560958862,0.07525517250860857,PBPF,cracker_scene1,10,old
2005,8.655897378921509,0.07515070659323063,PBPF,cracker_scene1,10,old
2006,8.660027503967285,0.07511872667032453,PBPF,cracker_scene1,10,old
2007,8.664314985275269,0.07518293796853823,PBPF,cracker_scene1,10,old
2008,8.668650388717651,0.0751933151694787,PBPF,cracker_scene1,10,old
2009,8.672993421554565,0.07511713690000613,PBPF,cracker_scene1,10,old
2010,8.677139043807983,0.07519000092580375,PBPF,cracker_scene1,10,old
2011,8.681367874145508,0.07519000092580375,PBPF,cracker_scene1,10,old
2012,8.685403823852539,0.07512162124113601,PBPF,cracker_scene1,10,old
2013,8.689359664916992,0.07512162124113601,PBPF,cracker_scene1,10,old
2014,8.693763732910156,0.07517184361958426,PBPF,cracker_scene1,10,old
2015,8.698049783706665,0.07517531030622458,PBPF,cracker_scene1,10,old
2016,8.702316522598267,0.0751332197929006,PBPF,cracker_scene1,10,old
2017,8.706547260284424,0.0751332197929006,PBPF,cracker_scene1,10,old
2018,8.710803031921387,0.07505358533837261,PBPF,cracker_scene1,10,old
2019,8.715011596679688,0.07505358533837261,PBPF,cracker_scene1,10,old
2020,8.71914029121399,0.07505134915209606,PBPF,cracker_scene1,10,old
2021,8.723408460617065,0.07505134915209606,PBPF,cracker_scene1,10,old
2022,8.72754979133606,0.07504788521967153,PBPF,cracker_scene1,10,old
2023,8.731803178787231,0.07504788521967153,PBPF,cracker_scene1,10,old
2024,8.736034393310547,0.07508245944015635,PBPF,cracker_scene1,10,old
2025,8.7401864528656,0.07508245944015635,PBPF,cracker_scene1,10,old
2026,8.744473934173584,0.0750619748725219,PBPF,cracker_scene1,10,old
2027,8.748632907867432,0.0750619748725219,PBPF,cracker_scene1,10,old
2028,8.753197431564331,0.07497140787231137,PBPF,cracker_scene1,10,old
2029,8.757229328155518,0.07497140787231137,PBPF,cracker_scene1,10,old
2030,8.761486768722534,0.07500967424645302,PBPF,cracker_scene1,10,old
2031,8.76569128036499,0.07500967424645302,PBPF,cracker_scene1,10,old
2032,8.769914388656616,0.07500015317494477,PBPF,cracker_scene1,10,old
2033,8.774160861968994,0.07500015317494477,PBPF,cracker_scene1,10,old
2034,8.77850341796875,0.07487947825628345,PBPF,cracker_scene1,10,old
2035,8.782603025436401,0.07487947825628345,PBPF,cracker_scene1,10,old
2036,8.7869131565094,0.07494613279024241,PBPF,cracker_scene1,10,old
2037,8.791012048721313,0.07494613279024241,PBPF,cracker_scene1,10,old
2038,8.79535722732544,0.07490568425736155,PBPF,cracker_scene1,10,old
2039,8.7996506690979,0.07490568425736155,PBPF,cracker_scene1,10,old
2040,8.804179668426514,0.07419326895180381,PBPF,cracker_scene1,10,old
2041,8.808303117752075,0.07419326895180381,PBPF,cracker_scene1,10,old
2042,8.81269359588623,0.07415799605314143,PBPF,cracker_scene1,10,old
2043,8.816782712936401,0.07415799605314143,PBPF,cracker_scene1,10,old
2044,8.821159362792969,0.07418522578640693,PBPF,cracker_scene1,10,old
2045,8.825180530548096,0.07418522578640693,PBPF,cracker_scene1,10,old
2046,8.829739809036255,0.07408820489946105,PBPF,cracker_scene1,10,old
2047,8.834176540374756,0.0740945626547205,PBPF,cracker_scene1,10,old
2048,8.838263034820557,0.07406009393066329,PBPF,cracker_scene1,10,old
2049,8.842244863510132,0.07406009393066329,PBPF,cracker_scene1,10,old
2050,8.84638500213623,0.07411736572762015,PBPF,cracker_scene1,10,old
2051,8.850419759750366,0.07411736572762015,PBPF,cracker_scene1,10,old
2052,8.854568243026733,0.07408427503939471,PBPF,cracker_scene1,10,old
2053,8.85860538482666,0.07408427503939471,PBPF,cracker_scene1,10,old
2054,8.863197326660156,0.0740709607630791,PBPF,cracker_scene1,10,old
2055,8.867688417434692,0.0740709607630791,PBPF,cracker_scene1,10,old
2056,8.872023820877075,0.07404316617817705,PBPF,cracker_scene1,10,old
2057,8.876199722290039,0.07402965207112625,PBPF,cracker_scene1,10,old
2058,8.880502462387085,0.07402965207112625,PBPF,cracker_scene1,10,old
2059,8.884628057479858,0.07402899463693058,PBPF,cracker_scene1,10,old
2060,8.88892149925232,0.07405984175549699,PBPF,cracker_scene1,10,old
2061,8.892999649047852,0.07406508850766431,PBPF,cracker_scene1,10,old
2062,8.897342681884766,0.0740322842672301,PBPF,cracker_scene1,10,old
2063,8.90162467956543,0.07400604943668841,PBPF,cracker_scene1,10,old
2064,8.905895948410034,0.07400604943668841,PBPF,cracker_scene1,10,old
2065,8.910034656524658,0.07399070204083197,PBPF,cracker_scene1,10,old
2066,8.914374113082886,0.07399070204083197,PBPF,cracker_scene1,10,old
2067,8.91832709312439,0.07391351548200246,PBPF,cracker_scene1,10,old
2068,8.922725677490234,0.07389991276231132,PBPF,cracker_scene1,10,old
2069,8.9268159866333,0.07395942585395537,PBPF,cracker_scene1,10,old
2070,8.931087493896484,0.07395942585395537,PBPF,cracker_scene1,10,old
2071,8.935271739959717,0.0739246296533975,PBPF,cracker_scene1,10,old
2072,8.939567804336548,0.0739246296533975,PBPF,cracker_scene1,10,old
2073,8.943859338760376,0.0739272379522724,PBPF,cracker_scene1,10,old
2074,8.948166131973267,0.0739272379522724,PBPF,cracker_scene1,10,old
2075,8.952464818954468,0.07394310426724568,PBPF,cracker_scene1,10,old
2076,8.956737518310547,0.07394310426724568,PBPF,cracker_scene1,10,old
2077,8.960927486419678,0.07394571063211541,PBPF,cracker_scene1,10,old
2078,8.96522331237793,0.0750354285102795,PBPF,cracker_scene1,10,old
2079,8.969298362731934,0.07492374197928792,PBPF,cracker_scene1,10,old
2080,8.973320484161377,0.07492374197928792,PBPF,cracker_scene1,10,old
2081,8.977678775787354,0.07494627541780477,PBPF,cracker_scene1,10,old
2082,8.98184084892273,0.07494627541780477,PBPF,cracker_scene1,10,old
2083,8.986250638961792,0.0748476889066385,PBPF,cracker_scene1,10,old
2084,8.990427494049072,0.0748476889066385,PBPF,cracker_scene1,10,old
2085,8.994683027267456,0.07476096827163958,PBPF,cracker_scene1,10,old
2086,8.998927593231201,0.07476096827163958,PBPF,cracker_scene1,10,old
2087,9.003259658813477,0.07474915513767551,PBPF,cracker_scene1,10,old
2088,9.007368087768555,0.07474915513767551,PBPF,cracker_scene1,10,old
2089,9.011622190475464,0.07481049117135005,PBPF,cracker_scene1,10,old
2090,9.015816688537598,0.07481049117135005,PBPF,cracker_scene1,10,old
2091,9.020050287246704,0.07479140265232624,PBPF,cracker_scene1,10,old
2092,9.024237871170044,0.07479140265232624,PBPF,cracker_scene1,10,old
2093,9.028535842895508,0.07479343761787365,PBPF,cracker_scene1,10,old
2094,9.032799243927002,0.07479343761787365,PBPF,cracker_scene1,10,old
2095,9.037031888961792,0.07479403236799442,PBPF,cracker_scene1,10,old
2096,9.041093587875366,0.07479403236799442,PBPF,cracker_scene1,10,old
2097,9.045448303222656,0.07479679967498419,PBPF,cracker_scene1,10,old
2098,9.049523830413818,0.07479679967498419,PBPF,cracker_scene1,10,old
2099,9.053762674331665,0.07472167119918977,PBPF,cracker_scene1,10,old
2100,9.057913303375244,0.07472167119918977,PBPF,cracker_scene1,10,old
2101,9.062205076217651,0.0747126231882441,PBPF,cracker_scene1,10,old
2102,9.066473007202148,0.0747126231882441,PBPF,cracker_scene1,10,old
2103,9.070643186569214,0.07477591679533602,PBPF,cracker_scene1,10,old
2104,9.074658870697021,0.07477591679533602,PBPF,cracker_scene1,10,old
2105,9.078763723373413,0.07465293887757875,PBPF,cracker_scene1,10,old
2106,9.082719802856445,0.07465293887757875,PBPF,cracker_scene1,10,old
2107,9.086910247802734,0.07470042189250205,PBPF,cracker_scene1,10,old
2108,9.090818405151367,0.07470042189250205,PBPF,cracker_scene1,10,old
2109,9.095345497131348,0.07467420402324933,PBPF,cracker_scene1,10,old
2110,9.099533081054688,0.07467420402324933,PBPF,cracker_scene1,10,old
2111,9.10386061668396,0.07467540438172209,PBPF,cracker_scene1,10,old
2112,9.108079433441162,0.07467540438172209,PBPF,cracker_scene1,10,old
2113,9.112232208251953,0.07456910285330048,PBPF,cracker_scene1,10,old
2114,9.116426229476929,0.07456910285330048,PBPF,cracker_scene1,10,old
2115,9.120621919631958,0.07456910285330048,PBPF,cracker_scene1,10,old
2116,9.125091314315796,0.07397527582521503,PBPF,cracker_scene1,10,old
2117,9.129410743713379,0.07388614479291791,PBPF,cracker_scene1,10,old
2118,9.133588075637817,0.07388614479291791,PBPF,cracker_scene1,10,old
2119,9.137923955917358,0.07386954182002724,PBPF,cracker_scene1,10,old
2120,9.142014741897583,0.07386954182002724,PBPF,cracker_scene1,10,old
2121,9.146240949630737,0.07386954182002724,PBPF,cracker_scene1,10,old
2122,9.150460720062256,0.07391666008774113,PBPF,cracker_scene1,10,old
2123,9.154719114303589,0.07391666008774113,PBPF,cracker_scene1,10,old
2124,9.158844232559204,0.07382791606914019,PBPF,cracker_scene1,10,old
2125,9.162909746170044,0.07382791606914019,PBPF,cracker_scene1,10,old
2126,9.167208433151245,0.07386979975816142,PBPF,cracker_scene1,10,old
2127,9.171470880508423,0.07386979975816142,PBPF,cracker_scene1,10,old
2128,9.175795078277588,0.07376667553074208,PBPF,cracker_scene1,10,old
2129,9.180046081542969,0.07376122452355388,PBPF,cracker_scene1,10,old
2130,9.184180974960327,0.07375109864431267,PBPF,cracker_scene1,10,old
2131,9.188420534133911,0.07375109864431267,PBPF,cracker_scene1,10,old
2132,9.192619562149048,0.07375156017925026,PBPF,cracker_scene1,10,old
2133,9.197027921676636,0.07373185407513319,PBPF,cracker_scene1,10,old
2134,9.201297760009766,0.0738254883676087,PBPF,cracker_scene1,10,old
2135,9.205600261688232,0.0738254883676087,PBPF,cracker_scene1,10,old
2136,9.209809303283691,0.07385804179924592,PBPF,cracker_scene1,10,old
2137,9.214053869247437,0.07385804179924592,PBPF,cracker_scene1,10,old
2138,9.21819519996643,0.07385445771590278,PBPF,cracker_scene1,10,old
2139,9.222574472427368,0.07387140479641141,PBPF,cracker_scene1,10,old
2140,9.226844549179077,0.07383696244856307,PBPF,cracker_scene1,10,old
2141,9.23114800453186,0.07383696244856307,PBPF,cracker_scene1,10,old
2142,9.235444784164429,0.07383885693838367,PBPF,cracker_scene1,10,old
2143,9.239612817764282,0.07383885693838367,PBPF,cracker_scene1,10,old
2144,9.243641138076782,0.07383885693838367,PBPF,cracker_scene1,10,old
2145,9.247991561889648,0.07379294416766347,PBPF,cracker_scene1,10,old
2146,9.252116680145264,0.07379294416766347,PBPF,cracker_scene1,10,old
2147,9.256497383117676,0.07366183172908337,PBPF,cracker_scene1,10,old
2148,9.260581731796265,0.07366183172908337,PBPF,cracker_scene1,10,old
2149,9.264869689941406,0.07373848820130134,PBPF,cracker_scene1,10,old
2150,9.269014835357666,0.07373848820130134,PBPF,cracker_scene1,10,old
2151,9.27318549156189,0.073709635943113,PBPF,cracker_scene1,10,old
2152,9.277408838272095,0.07361815093282482,PBPF,cracker_scene1,10,old
2153,9.28166389465332,0.07354523688367844,PBPF,cracker_scene1,10,old
2154,9.286458730697632,0.07390208330330586,PBPF,cracker_scene1,10,old
2155,9.290809392929077,0.07384547135498115,PBPF,cracker_scene1,10,old
2156,9.295054912567139,0.07387878017079537,PBPF,cracker_scene1,10,old
2157,9.299347162246704,0.07387878017079537,PBPF,cracker_scene1,10,old
2158,9.303696632385254,0.0738862274678874,PBPF,cracker_scene1,10,old
2159,9.307754516601562,0.0738862274678874,PBPF,cracker_scene1,10,old
2160,9.312114000320435,0.07388575890017214,PBPF,cracker_scene1,10,old
2161,9.316300392150879,0.07388575890017214,PBPF,cracker_scene1,10,old
2162,9.320733308792114,0.07381486273644172,PBPF,cracker_scene1,10,old
2163,9.324851036071777,0.07381486273644172,PBPF,cracker_scene1,10,old
2164,9.32915711402893,0.07387932963457686,PBPF,cracker_scene1,10,old
2165,9.333389520645142,0.07387932963457686,PBPF,cracker_scene1,10,old
2166,9.337822914123535,0.07383718188455847,PBPF,cracker_scene1,10,old
2167,9.341885566711426,0.07383718188455847,PBPF,cracker_scene1,10,old
2168,9.346331357955933,0.07380357309659069,PBPF,cracker_scene1,10,old
2169,9.350393056869507,0.07380357309659069,PBPF,cracker_scene1,10,old
2170,9.354638576507568,0.0736897986204126,PBPF,cracker_scene1,10,old
2171,9.358810663223267,0.0736897986204126,PBPF,cracker_scene1,10,old
2172,9.36308217048645,0.07372457199745937,PBPF,cracker_scene1,10,old
2173,9.367499113082886,0.07372457199745937,PBPF,cracker_scene1,10,old
2174,9.371951818466187,0.07371091253497197,PBPF,cracker_scene1,10,old
2175,9.376183032989502,0.07371504282841787,PBPF,cracker_scene1,10,old
2176,9.380533695220947,0.07368941650692064,PBPF,cracker_scene1,10,old
2177,9.384777069091797,0.07358007808526647,PBPF,cracker_scene1,10,old
2178,9.389079570770264,0.07358007808526647,PBPF,cracker_scene1,10,old
2179,9.3931884765625,0.07359077234665853,PBPF,cracker_scene1,10,old
2180,9.397541999816895,0.07356454717601621,PBPF,cracker_scene1,10,old
2181,9.401637315750122,0.07342727747687251,PBPF,cracker_scene1,10,old
2182,9.40597414970398,0.07337487662593485,PBPF,cracker_scene1,10,old
2183,9.410121202468872,0.07345844994868966,PBPF,cracker_scene1,10,old
2184,9.414306879043579,0.07345844994868966,PBPF,cracker_scene1,10,old
2185,9.418447732925415,0.07345804506201443,PBPF,cracker_scene1,10,old
2186,9.422836542129517,0.07345804506201443,PBPF,cracker_scene1,10,old
2187,9.427204370498657,0.07336175796197844,PBPF,cracker_scene1,10,old
2188,9.43147087097168,0.07336175796197844,PBPF,cracker_scene1,10,old
2189,9.435699939727783,0.07335266895179243,PBPF,cracker_scene1,10,old
2190,9.440015316009521,0.07335266895179243,PBPF,cracker_scene1,10,old
2191,9.444362878799438,0.07334866967342873,PBPF,cracker_scene1,10,old
2192,9.44870138168335,0.07559339581081016,PBPF,cracker_scene1,10,old
2193,9.45288896560669,0.07555391056009987,PBPF,cracker_scene1,10,old
2194,9.45719599723816,0.07555391056009987,PBPF,cracker_scene1,10,old
2195,9.461507558822632,0.07553826494033168,PBPF,cracker_scene1,10,old
2196,9.465894222259521,0.07553826494033168,PBPF,cracker_scene1,10,old
2197,9.470053434371948,0.07558373644546561,PBPF,cracker_scene1,10,old
2198,9.474027633666992,0.07558373644546561,PBPF,cracker_scene1,10,old
2199,9.47817325592041,0.07543644886810438,PBPF,cracker_scene1,10,old
2200,9.482148170471191,0.07543644886810438,PBPF,cracker_scene1,10,old
2201,9.486316680908203,0.07549622734776178,PBPF,cracker_scene1,10,old
2202,9.490263938903809,0.07549622734776178,PBPF,cracker_scene1,10,old
2203,9.494541883468628,0.07550284461359695,PBPF,cracker_scene1,10,old
2204,9.499077558517456,0.07550284461359695,PBPF,cracker_scene1,10,old
2205,9.503339767456055,0.07550047525418682,PBPF,cracker_scene1,10,old
2206,9.507512331008911,0.07550047525418682,PBPF,cracker_scene1,10,old
2207,9.511702299118042,0.07546524004390813,PBPF,cracker_scene1,10,old
2208,9.515702486038208,0.07546524004390813,PBPF,cracker_scene1,10,old
2209,9.51995849609375,0.07539449299122904,PBPF,cracker_scene1,10,old
2210,9.524169206619263,0.07539072923267347,PBPF,cracker_scene1,10,old
2211,9.528456449508667,0.07539072923267347,PBPF,cracker_scene1,10,old
2212,9.532803535461426,0.07536985570881866,PBPF,cracker_scene1,10,old
2213,9.53706669807434,0.07536985570881866,PBPF,cracker_scene1,10,old
2214,9.54115343093872,0.07536985570881866,PBPF,cracker_scene1,10,old
2215,9.545608043670654,0.07541403273864268,PBPF,cracker_scene1,10,old
2216,9.549726963043213,0.07540524995965733,PBPF,cracker_scene1,10,old
2217,9.553990364074707,0.07540524995965733,PBPF,cracker_scene1,10,old
2218,9.558418273925781,0.07529299350701922,PBPF,cracker_scene1,10,old
2219,9.56248688697815,0.07529299350701922,PBPF,cracker_scene1,10,old
2220,9.567021369934082,0.07530047827588264,PBPF,cracker_scene1,10,old
2221,9.5713632106781,0.07530047827588264,PBPF,cracker_scene1,10,old
2222,9.57577395439148,0.0753593237187573,PBPF,cracker_scene1,10,old
2223,9.580100536346436,0.0753593237187573,PBPF,cracker_scene1,10,old
2224,9.58432388305664,0.07525613305617043,PBPF,cracker_scene1,10,old
2225,9.588853120803833,0.07525613305617043,PBPF,cracker_scene1,10,old
2226,9.593356609344482,0.07529107744328312,PBPF,cracker_scene1,10,old
2227,9.597729206085205,0.07529107744328312,PBPF,cracker_scene1,10,old
2228,9.602054834365845,0.07518076159466533,PBPF,cracker_scene1,10,old
2229,9.6064932346344,0.07518076159466533,PBPF,cracker_scene1,10,old
2230,9.610736846923828,0.07528155474225408,PBPF,cracker_scene1,10,old
2231,9.61501669883728,0.07531486676524135,PBPF,cracker_scene1,10,old
2232,9.619246006011963,0.07531486676524135,PBPF,cracker_scene1,10,old
2233,9.623708724975586,0.07529537408785289,PBPF,cracker_scene1,10,old
2234,9.628342628479004,0.07529537408785289,PBPF,cracker_scene1,10,old
2235,9.63280725479126,0.07520130272053507,PBPF,cracker_scene1,10,old
2236,9.63730001449585,0.07520130272053507,PBPF,cracker_scene1,10,old
2237,9.641420841217041,0.07520333166686526,PBPF,cracker_scene1,10,old
2238,9.645787954330444,0.07525475127305081,PBPF,cracker_scene1,10,old
2239,9.649922132492065,0.07518052321313667,PBPF,cracker_scene1,10,old
2240,9.654213666915894,0.07518052321313667,PBPF,cracker_scene1,10,old
2241,9.658704280853271,0.07525864969490924,PBPF,cracker_scene1,10,old
2242,9.66328477859497,0.07525864969490924,PBPF,cracker_scene1,10,old
2243,9.66776180267334,0.07525864969490924,PBPF,cracker_scene1,10,old
2244,9.671964883804321,0.07517339114592722,PBPF,cracker_scene1,10,old
2245,9.67615008354187,0.07521441428204856,PBPF,cracker_scene1,10,old
2246,9.680362939834595,0.07512031740300537,PBPF,cracker_scene1,10,old
2247,9.68449592590332,0.0751877310802408,PBPF,cracker_scene1,10,old
2248,9.688714265823364,0.0751633446284913,PBPF,cracker_scene1,10,old
2249,9.692813396453857,0.0751633446284913,PBPF,cracker_scene1,10,old
2250,9.697642803192139,0.0751370695364554,PBPF,cracker_scene1,10,old
2251,9.702062368392944,0.07509535728122685,PBPF,cracker_scene1,10,old
2252,9.706507444381714,0.07501594201737792,PBPF,cracker_scene1,10,old
2253,9.710876226425171,0.07503577752229498,PBPF,cracker_scene1,10,old
2254,9.715067386627197,0.07503577752229498,PBPF,cracker_scene1,10,old
2255,9.71932315826416,0.07495203269189644,PBPF,cracker_scene1,10,old
2256,9.723554611206055,0.07495203269189644,PBPF,cracker_scene1,10,old
2257,9.727859020233154,0.07503816691839255,PBPF,cracker_scene1,10,old
2258,9.732157468795776,0.07503816691839255,PBPF,cracker_scene1,10,old
2259,9.736623287200928,0.07503708927446964,PBPF,cracker_scene1,10,old
2260,9.740659475326538,0.07503708927446964,PBPF,cracker_scene1,10,old
2261,9.744999647140503,0.0750365946605016,PBPF,cracker_scene1,10,old
2262,9.749159812927246,0.0750365946605016,PBPF,cracker_scene1,10,old
2263,9.753545999526978,0.07500176852320774,PBPF,cracker_scene1,10,old
2264,9.757776498794556,0.07500176852320774,PBPF,cracker_scene1,10,old
2265,9.762128591537476,0.07500538290559734,PBPF,cracker_scene1,10,old
2266,9.766438484191895,0.07500538290559734,PBPF,cracker_scene1,10,old
2267,9.771274328231812,0.07605820381398282,PBPF,cracker_scene1,10,old
2268,9.775367736816406,0.07605820381398282,PBPF,cracker_scene1,10,old
2269,9.780134439468384,0.07596151522091155,PBPF,cracker_scene1,10,old
2270,9.784154176712036,0.07605016461037634,PBPF,cracker_scene1,10,old
2271,9.788710117340088,0.0760382652955953,PBPF,cracker_scene1,10,old
2272,9.792729139328003,0.0760382652955953,PBPF,cracker_scene1,10,old
2273,9.797288417816162,0.07599320461760832,PBPF,cracker_scene1,10,old
2274,9.801506757736206,0.0759954358393776,PBPF,cracker_scene1,10,old
2275,9.805908203125,0.07594876102086345,PBPF,cracker_scene1,10,old
2276,9.810132265090942,0.07594207604393018,PBPF,cracker_scene1,10,old
2277,9.81442379951477,0.07594207604393018,PBPF,cracker_scene1,10,old
2278,9.818686485290527,0.07582723668307248,PBPF,cracker_scene1,10,old
2279,9.823214769363403,0.07582723668307248,PBPF,cracker_scene1,10,old
2280,9.827479839324951,0.07588749630447977,PBPF,cracker_scene1,10,old
2281,9.831942796707153,0.07588749630447977,PBPF,cracker_scene1,10,old
2282,9.836251735687256,0.07588371952804468,PBPF,cracker_scene1,10,old
2283,9.840530157089233,0.07588371952804468,PBPF,cracker_scene1,10,old
2284,9.844903230667114,0.07590737435536911,PBPF,cracker_scene1,10,old
2285,9.849162817001343,0.07590737435536911,PBPF,cracker_scene1,10,old
2286,9.853650569915771,0.07590326666952046,PBPF,cracker_scene1,10,old
2287,9.857818603515625,0.07590326666952046,PBPF,cracker_scene1,10,old
2288,9.862417221069336,0.07576930152842876,PBPF,cracker_scene1,10,old
2289,9.866937160491943,0.07576930152842876,PBPF,cracker_scene1,10,old
2290,9.871286153793335,0.07581841812219871,PBPF,cracker_scene1,10,old
2291,9.87536358833313,0.07581841812219871,PBPF,cracker_scene1,10,old
2292,9.879570722579956,0.07570836789504745,PBPF,cracker_scene1,10,old
2293,9.88351583480835,0.07570836789504745,PBPF,cracker_scene1,10,old
2294,9.887731075286865,0.07576484689173707,PBPF,cracker_scene1,10,old
2295,9.891731977462769,0.07576484689173707,PBPF,cracker_scene1,10,old
2296,9.896678447723389,0.07565378174413545,PBPF,cracker_scene1,10,old
2297,9.90126085281372,0.07565123123474726,PBPF,cracker_scene1,10,old
2298,9.905687093734741,0.0756274196737479,PBPF,cracker_scene1,10,old
2299,9.90995979309082,0.07569909596278138,PBPF,cracker_scene1,10,old
2300,9.914242267608643,0.07569909596278138,PBPF,cracker_scene1,10,old
2301,9.91851258277893,0.075717032106925,PBPF,cracker_scene1,10,old
2302,9.922878503799438,0.0790029600711119,PBPF,cracker_scene1,10,old
2303,9.927050352096558,0.07889302172304567,PBPF,cracker_scene1,10,old
2304,9.931385040283203,0.07889302172304567,PBPF,cracker_scene1,10,old
2305,9.935648202896118,0.0788583651721748,PBPF,cracker_scene1,10,old
2306,9.939916133880615,0.0788583651721748,PBPF,cracker_scene1,10,old
2307,9.94416856765747,0.07890838377618586,PBPF,cracker_scene1,10,old
2308,9.948363304138184,0.07890838377618586,PBPF,cracker_scene1,10,old
2309,9.952552556991577,0.07879171408575787,PBPF,cracker_scene1,10,old
2310,9.956728219985962,0.07879171408575787,PBPF,cracker_scene1,10,old
2311,9.961027145385742,0.07876246128953365,PBPF,cracker_scene1,10,old
2312,9.965357542037964,0.07876246128953365,PBPF,cracker_scene1,10,old
2313,9.969768285751343,0.0787554276160934,PBPF,cracker_scene1,10,old
2314,9.97386884689331,0.0787554276160934,PBPF,cracker_scene1,10,old
2315,9.978289365768433,0.07882020134130373,PBPF,cracker_scene1,10,old
2316,9.982470989227295,0.07882020134130373,PBPF,cracker_scene1,10,old
2317,9.986766338348389,0.07877769642496145,PBPF,cracker_scene1,10,old
2318,9.990938901901245,0.07877769642496145,PBPF,cracker_scene1,10,old
2319,9.995380401611328,0.0787621821052128,PBPF,cracker_scene1,10,old
2320,9.999714612960815,0.0787621821052128,PBPF,cracker_scene1,10,old
2321,10.004213333129883,0.0786864048650813,PBPF,cracker_scene1,10,old
2322,10.008341550827026,0.0786864048650813,PBPF,cracker_scene1,10,old
2323,10.012893199920654,0.07866338897812951,PBPF,cracker_scene1,10,old
2324,10.01704216003418,0.07866338897812951,PBPF,cracker_scene1,10,old
2325,10.02159595489502,0.07862472695051448,PBPF,cracker_scene1,10,old
2326,10.025660037994385,0.07862472695051448,PBPF,cracker_scene1,10,old
2327,10.030067205429077,0.07863825376430476,PBPF,cracker_scene1,10,old
2328,10.034350633621216,0.07863825376430476,PBPF,cracker_scene1,10,old
2329,10.038818836212158,0.07859455814089371,PBPF,cracker_scene1,10,old
2330,10.04293179512024,0.07859455814089371,PBPF,cracker_scene1,10,old
2331,10.047279834747314,0.07857896302285497,PBPF,cracker_scene1,10,old
2332,10.051531314849854,0.07855956227775168,PBPF,cracker_scene1,10,old
2333,10.055761814117432,0.07855956227775168,PBPF,cracker_scene1,10,old
2334,10.059912919998169,0.07863852765067264,PBPF,cracker_scene1,10,old
2335,10.06438660621643,0.07862054798640829,PBPF,cracker_scene1,10,old
2336,10.068971633911133,0.0785664413094692,PBPF,cracker_scene1,10,old
2337,10.073182582855225,0.0785664413094692,PBPF,cracker_scene1,10,old
2338,10.077433347702026,0.07853658961075814,PBPF,cracker_scene1,10,old
2339,10.081876039505005,0.07943770371924873,PBPF,cracker_scene1,10,old
2340,10.086136817932129,0.0794057762911873,PBPF,cracker_scene1,10,old
2341,10.090391159057617,0.0794057762911873,PBPF,cracker_scene1,10,old
2342,10.094653367996216,0.07939490512187959,PBPF,cracker_scene1,10,old
2343,10.099102973937988,0.07938456620693303,PBPF,cracker_scene1,10,old
2344,10.103524684906006,0.07936464930210321,PBPF,cracker_scene1,10,old
2345,10.107537269592285,0.07936464930210321,PBPF,cracker_scene1,10,old
2346,10.11154580116272,0.07936464930210321,PBPF,cracker_scene1,10,old
2347,10.1156325340271,0.07931898497677672,PBPF,cracker_scene1,10,old
2348,10.1199312210083,0.07927664311368372,PBPF,cracker_scene1,10,old
2349,10.123908758163452,0.07927664311368372,PBPF,cracker_scene1,10,old
2350,10.12814450263977,0.07927334294236581,PBPF,cracker_scene1,10,old
2351,10.132227659225464,0.07927334294236581,PBPF,cracker_scene1,10,old
2352,10.13717770576477,0.07924108842958552,PBPF,cracker_scene1,10,old
2353,10.141434907913208,0.07925258764654589,PBPF,cracker_scene1,10,old
2354,10.145761013031006,0.07928871254317957,PBPF,cracker_scene1,10,old
2355,10.149939775466919,0.07928871254317957,PBPF,cracker_scene1,10,old
2356,10.154312372207642,0.07926831745459856,PBPF,cracker_scene1,10,old
2357,10.158476114273071,0.07926831745459856,PBPF,cracker_scene1,10,old
2358,10.162874460220337,0.07928395384850663,PBPF,cracker_scene1,10,old
2359,10.167121171951294,0.07928395384850663,PBPF,cracker_scene1,10,old
2360,10.171609878540039,0.07929097188911331,PBPF,cracker_scene1,10,old
2361,10.175726652145386,0.07929097188911331,PBPF,cracker_scene1,10,old
2362,10.180160760879517,0.0792622881675258,PBPF,cracker_scene1,10,old
2363,10.184177160263062,0.0792622881675258,PBPF,cracker_scene1,10,old
2364,10.188590049743652,0.07912877395846091,PBPF,cracker_scene1,10,old
2365,10.192802667617798,0.07922022380010224,PBPF,cracker_scene1,10,old
2366,10.197198390960693,0.07920903631169887,PBPF,cracker_scene1,10,old
2367,10.201461553573608,0.07920903631169887,PBPF,cracker_scene1,10,old
2368,10.205799579620361,0.07922228590531033,PBPF,cracker_scene1,10,old
2369,10.210017204284668,0.07920700324650481,PBPF,cracker_scene1,10,old
2370,10.214009284973145,0.07918827616507201,PBPF,cracker_scene1,10,old
2371,10.218371868133545,0.07918827616507201,PBPF,cracker_scene1,10,old
2372,10.222917079925537,0.07916072732837598,PBPF,cracker_scene1,10,old
2373,10.227027416229248,0.07918290063552472,PBPF,cracker_scene1,10,old
2374,10.231513500213623,0.07918290063552472,PBPF,cracker_scene1,10,old
2375,10.235711812973022,0.0791650274514848,PBPF,cracker_scene1,10,old
2376,10.24001955986023,0.0791650274514848,PBPF,cracker_scene1,10,old
2377,10.244352340698242,0.08270233232088492,PBPF,cracker_scene1,10,old
2378,10.248516321182251,0.08270233232088492,PBPF,cracker_scene1,10,old
2379,10.252958297729492,0.08267923308475512,PBPF,cracker_scene1,10,old
2380,10.257028579711914,0.08267923308475512,PBPF,cracker_scene1,10,old
2381,10.261369466781616,0.08269209118275299,PBPF,cracker_scene1,10,old
2382,10.265497207641602,0.08269209118275299,PBPF,cracker_scene1,10,old
2383,10.269803524017334,0.08259430456814641,PBPF,cracker_scene1,10,old
2384,10.274067163467407,0.08259430456814641,PBPF,cracker_scene1,10,old
2385,10.278319835662842,0.08265823614998438,PBPF,cracker_scene1,10,old
2386,10.282604932785034,0.08265823614998438,PBPF,cracker_scene1,10,old
2387,10.286855459213257,0.08262392794168504,PBPF,cracker_scene1,10,old
2388,10.291027545928955,0.08262392794168504,PBPF,cracker_scene1,10,old
2389,10.295085191726685,0.08258898046751038,PBPF,cracker_scene1,10,old
2390,10.299361228942871,0.08258898046751038,PBPF,cracker_scene1,10,old
2391,10.304103136062622,0.08255270508892587,PBPF,cracker_scene1,10,old
2392,10.308207511901855,0.08255270508892587,PBPF,cracker_scene1,10,old
2393,10.312604188919067,0.08254690060144576,PBPF,cracker_scene1,10,old
2394,10.316691398620605,0.08254690060144576,PBPF,cracker_scene1,10,old
2395,10.321054458618164,0.08252276195303729,PBPF,cracker_scene1,10,old
2396,10.325180768966675,0.08252276195303729,PBPF,cracker_scene1,10,old
2397,10.329449653625488,0.08251583897724989,PBPF,cracker_scene1,10,old
2398,10.333745956420898,0.08251583897724989,PBPF,cracker_scene1,10,old
2399,10.337777853012085,0.08251577722285858,PBPF,cracker_scene1,10,old
2400,10.341939687728882,0.08251074430397189,PBPF,cracker_scene1,10,old
2401,10.346029281616211,0.08250585981587606,PBPF,cracker_scene1,10,old
2402,10.350265741348267,0.08246484547393054,PBPF,cracker_scene1,10,old
2403,10.35435438156128,0.0824811715201929,PBPF,cracker_scene1,10,old
2404,10.358392477035522,0.08245829870427843,PBPF,cracker_scene1,10,old
2405,10.362553358078003,0.08245829870427843,PBPF,cracker_scene1,10,old
2406,10.367298603057861,0.08234960183629636,PBPF,cracker_scene1,10,old
2407,10.3717622756958,0.08240993276782052,PBPF,cracker_scene1,10,old
2408,10.37611174583435,0.08240993276782052,PBPF,cracker_scene1,10,old
2409,10.38038682937622,0.08240993276782052,PBPF,cracker_scene1,10,old
2410,10.384493827819824,0.08240002288868632,PBPF,cracker_scene1,10,old
2411,10.38884425163269,0.08240002288868632,PBPF,cracker_scene1,10,old
2412,10.39313292503357,0.08239382492311778,PBPF,cracker_scene1,10,old
2413,10.397142887115479,0.08239382492311778,PBPF,cracker_scene1,10,old
2414,10.401591062545776,0.08239382492311778,PBPF,cracker_scene1,10,old
2415,10.405746698379517,0.08101005982595456,PBPF,cracker_scene1,10,old
2416,10.410140037536621,0.08096199814633054,PBPF,cracker_scene1,10,old
2417,10.414409160614014,0.08098541640148753,PBPF,cracker_scene1,10,old
2418,10.418598890304565,0.08098541640148753,PBPF,cracker_scene1,10,old
2419,10.422860622406006,0.08092891420851363,PBPF,cracker_scene1,10,old
2420,10.42708969116211,0.08085516051161096,PBPF,cracker_scene1,10,old
2421,10.431337356567383,0.08085516051161096,PBPF,cracker_scene1,10,old
2422,10.435547351837158,0.08086182734889903,PBPF,cracker_scene1,10,old
2423,10.439877986907959,0.0808377038475723,PBPF,cracker_scene1,10,old
2424,10.44414734840393,0.0808377038475723,PBPF,cracker_scene1,10,old
2425,10.448358297348022,0.0808377038475723,PBPF,cracker_scene1,10,old
2426,10.45250129699707,0.0808377038475723,PBPF,cracker_scene1,10,old
2427,10.456806421279907,0.08082442196576388,PBPF,cracker_scene1,10,old
2428,10.460960388183594,0.08076386004839323,PBPF,cracker_scene1,10,old
2429,10.46529507637024,0.0807584386674057,PBPF,cracker_scene1,10,old
2430,10.469337224960327,0.0807584386674057,PBPF,cracker_scene1,10,old
2431,10.473624467849731,0.0807584386674057,PBPF,cracker_scene1,10,old
2432,10.478030443191528,0.08075764275253923,PBPF,cracker_scene1,10,old
2433,10.482515573501587,0.08076411180141398,PBPF,cracker_scene1,10,old
2434,10.48693561553955,0.08075299574105572,PBPF,cracker_scene1,10,old
2435,10.491445541381836,0.0806748078788359,PBPF,cracker_scene1,10,old
2436,10.495853662490845,0.08074761043768883,PBPF,cracker_scene1,10,old
2437,10.499938011169434,0.08074761043768883,PBPF,cracker_scene1,10,old
2438,10.504423379898071,0.08071741811036681,PBPF,cracker_scene1,10,old
2439,10.508626937866211,0.08071741811036681,PBPF,cracker_scene1,10,old
2440,10.51304817199707,0.08061189227587098,PBPF,cracker_scene1,10,old
2441,10.517146110534668,0.08061189227587098,PBPF,cracker_scene1,10,old
2442,10.521508932113647,0.08057895463038792,PBPF,cracker_scene1,10,old
2443,10.525610446929932,0.08057895463038792,PBPF,cracker_scene1,10,old
2444,10.53000545501709,0.08062405282786873,PBPF,cracker_scene1,10,old
2445,10.534372329711914,0.08052091028960166,PBPF,cracker_scene1,10,old
2446,10.53861665725708,0.08052091028960166,PBPF,cracker_scene1,10,old
2447,10.542762279510498,0.08052091028960166,PBPF,cracker_scene1,10,old
2448,10.54723310470581,0.08053305933070568,PBPF,cracker_scene1,10,old
2449,10.551380634307861,0.08060576418906427,PBPF,cracker_scene1,10,old
2450,10.55575156211853,0.0805874578133095,PBPF,cracker_scene1,10,old
2451,10.55988883972168,0.08057979822804913,PBPF,cracker_scene1,10,old
2452,10.564513206481934,0.08020527550670631,PBPF,cracker_scene1,10,old
2453,10.568857669830322,0.08011692899966334,PBPF,cracker_scene1,10,old
2454,10.572970390319824,0.08005926113954218,PBPF,cracker_scene1,10,old
2455,10.577120065689087,0.08000949387101117,PBPF,cracker_scene1,10,old
2456,10.581165075302124,0.08000949387101117,PBPF,cracker_scene1,10,old
2457,10.585287094116211,0.07997945185647251,PBPF,cracker_scene1,10,old
2458,10.589318752288818,0.07997945185647251,PBPF,cracker_scene1,10,old
2459,10.593584775924683,0.08005397718422888,PBPF,cracker_scene1,10,old
2460,10.598123550415039,0.08005397718422888,PBPF,cracker_scene1,10,old
2461,10.602423191070557,0.0800418067310683,PBPF,cracker_scene1,10,old
2462,10.606621026992798,0.0800418067310683,PBPF,cracker_scene1,10,old
2463,10.610924005508423,0.08001747170753248,PBPF,cracker_scene1,10,old
2464,10.61514925956726,0.08001747170753248,PBPF,cracker_scene1,10,old
2465,10.6194007396698,0.0799440058668281,PBPF,cracker_scene1,10,old
2466,10.623657703399658,0.0799440058668281,PBPF,cracker_scene1,10,old
2467,10.628123760223389,0.07990357855903686,PBPF,cracker_scene1,10,old
2468,10.632457971572876,0.07990357855903686,PBPF,cracker_scene1,10,old
2469,10.636812210083008,0.07987573770091316,PBPF,cracker_scene1,10,old
2470,10.641027688980103,0.07987573770091316,PBPF,cracker_scene1,10,old
2471,10.64545488357544,0.07987515055094796,PBPF,cracker_scene1,10,old
2472,10.649765491485596,0.07987515055094796,PBPF,cracker_scene1,10,old
2473,10.654032230377197,0.07992525220436225,PBPF,cracker_scene1,10,old
2474,10.658022165298462,0.07992525220436225,PBPF,cracker_scene1,10,old
2475,10.66263723373413,0.07990274292051863,PBPF,cracker_scene1,10,old
2476,10.66691279411316,0.07990274292051863,PBPF,cracker_scene1,10,old
2477,10.671274423599243,0.07986824483567571,PBPF,cracker_scene1,10,old
2478,10.675482034683228,0.07986824483567571,PBPF,cracker_scene1,10,old
2479,10.679861545562744,0.07985009332786737,PBPF,cracker_scene1,10,old
2480,10.68423080444336,0.07983620580694921,PBPF,cracker_scene1,10,old
2481,10.688611507415771,0.07983620580694921,PBPF,cracker_scene1,10,old
2482,10.692875146865845,0.07980499662463918,PBPF,cracker_scene1,10,old
2483,10.697118997573853,0.07980499662463918,PBPF,cracker_scene1,10,old
2484,10.701333284378052,0.07975155316615574,PBPF,cracker_scene1,10,old
2485,10.705709457397461,0.07975155316615574,PBPF,cracker_scene1,10,old
2486,10.709882736206055,0.07976114340089858,PBPF,cracker_scene1,10,old
2487,10.714413166046143,0.07976111067333187,PBPF,cracker_scene1,10,old
2488,10.718624114990234,0.07966280409793959,PBPF,cracker_scene1,10,old
2489,10.723034620285034,0.0797782697869313,PBPF,cracker_scene1,10,old
2490,10.72743558883667,0.07986758971516092,PBPF,cracker_scene1,10,old
2491,10.73163366317749,0.07985490171521771,PBPF,cracker_scene1,10,old
2492,10.735930442810059,0.07982958554544055,PBPF,cracker_scene1,10,old
2493,10.739994287490845,0.07982958554544055,PBPF,cracker_scene1,10,old
2494,10.744398832321167,0.07982958554544055,PBPF,cracker_scene1,10,old
2495,10.748593807220459,0.07979632719921192,PBPF,cracker_scene1,10,old
2496,10.752918243408203,0.07979632719921192,PBPF,cracker_scene1,10,old
2497,10.756938219070435,0.07979632719921192,PBPF,cracker_scene1,10,old
2498,10.761409997940063,0.07976540830581412,PBPF,cracker_scene1,10,old
2499,10.7659592628479,0.07977834402010574,PBPF,cracker_scene1,10,old
2500,10.770061492919922,0.07977834402010574,PBPF,cracker_scene1,10,old
2501,10.774301052093506,0.07975066119668549,PBPF,cracker_scene1,10,old
2502,10.778239727020264,0.07975066119668549,PBPF,cracker_scene1,10,old
2503,10.782309532165527,0.07975066119668549,PBPF,cracker_scene1,10,old
2504,10.786514520645142,0.07969440501575835,PBPF,cracker_scene1,10,old
2505,10.790733098983765,0.07953044446592429,PBPF,cracker_scene1,10,old
2506,10.795243263244629,0.07953044446592429,PBPF,cracker_scene1,10,old
2507,10.799580812454224,0.07953044446592429,PBPF,cracker_scene1,10,old
2508,10.803952693939209,0.07954274874875586,PBPF,cracker_scene1,10,old
2509,10.808189630508423,0.07946473294016425,PBPF,cracker_scene1,10,old
2510,10.812598705291748,0.07953510174449636,PBPF,cracker_scene1,10,old
2511,10.816787004470825,0.07953510174449636,PBPF,cracker_scene1,10,old
2512,10.821144819259644,0.07941719659207176,PBPF,cracker_scene1,10,old
2513,10.825313568115234,0.07941719659207176,PBPF,cracker_scene1,10,old
2514,10.82970142364502,0.07941509843071672,PBPF,cracker_scene1,10,old
2515,10.834038496017456,0.07941509843071672,PBPF,cracker_scene1,10,old
2516,10.838395118713379,0.07941747449445777,PBPF,cracker_scene1,10,old
2517,10.842713117599487,0.07948710727777239,PBPF,cracker_scene1,10,old
2518,10.846940279006958,0.07948710727777239,PBPF,cracker_scene1,10,old
2519,10.851209163665771,0.07948686902764511,PBPF,cracker_scene1,10,old
2520,10.855536699295044,0.07949004596403639,PBPF,cracker_scene1,10,old
2521,10.859736204147339,0.0794526329272903,PBPF,cracker_scene1,10,old
2522,10.863965511322021,0.0794526329272903,PBPF,cracker_scene1,10,old
2523,10.868222951889038,0.0794526329272903,PBPF,cracker_scene1,10,old
2524,10.872599840164185,0.07931678078179889,PBPF,cracker_scene1,10,old
2525,10.877307415008545,0.07921338627491108,PBPF,cracker_scene1,10,old
2526,10.881547927856445,0.07922310812418325,PBPF,cracker_scene1,10,old
2527,10.886295318603516,0.07905725926419459,PBPF,cracker_scene1,10,old
2528,10.890440940856934,0.07905725926419459,PBPF,cracker_scene1,10,old
2529,10.89477276802063,0.07902228109491483,PBPF,cracker_scene1,10,old
2530,10.89893913269043,0.07902228109491483,PBPF,cracker_scene1,10,old
2531,10.903350114822388,0.07899434866716429,PBPF,cracker_scene1,10,old
2532,10.907566547393799,0.0790887235692359,PBPF,cracker_scene1,10,old
2533,10.91189694404602,0.0791163435885293,PBPF,cracker_scene1,10,old
2534,10.916018009185791,0.0791163435885293,PBPF,cracker_scene1,10,old
2535,10.920329093933105,0.07901124272059472,PBPF,cracker_scene1,10,old
2536,10.924535512924194,0.07901124272059472,PBPF,cracker_scene1,10,old
2537,10.928817749023438,0.07898575660534556,PBPF,cracker_scene1,10,old
2538,10.933043956756592,0.07898575660534556,PBPF,cracker_scene1,10,old
2539,10.937488794326782,0.07893920361376351,PBPF,cracker_scene1,10,old
2540,10.941685199737549,0.07893920361376351,PBPF,cracker_scene1,10,old
2541,10.94605541229248,0.07887282648770626,PBPF,cracker_scene1,10,old
2542,10.950181484222412,0.07887282648770626,PBPF,cracker_scene1,10,old
2543,10.954699516296387,0.07884607782941855,PBPF,cracker_scene1,10,old
2544,10.958760976791382,0.07884607782941855,PBPF,cracker_scene1,10,old
2545,10.963183641433716,0.07887749900785003,PBPF,cracker_scene1,10,old
2546,10.967702627182007,0.07887749900785003,PBPF,cracker_scene1,10,old
2547,10.972018003463745,0.07873523974211999,PBPF,cracker_scene1,10,old
2548,10.976206302642822,0.07886943592987855,PBPF,cracker_scene1,10,old
2549,10.98053526878357,0.07886943592987855,PBPF,cracker_scene1,10,old
2550,10.984781980514526,0.07876545269619692,PBPF,cracker_scene1,10,old
2551,10.989094495773315,0.07872966462640392,PBPF,cracker_scene1,10,old
2552,10.993300914764404,0.07872389494202149,PBPF,cracker_scene1,10,old
2553,10.997567176818848,0.07883152919134244,PBPF,cracker_scene1,10,old
2554,11.00197434425354,0.07868898267555861,PBPF,cracker_scene1,10,old
2555,11.006016731262207,0.07868898267555861,PBPF,cracker_scene1,10,old
2556,11.010244131088257,0.07865265183806429,PBPF,cracker_scene1,10,old
2557,11.01429033279419,0.07865265183806429,PBPF,cracker_scene1,10,old
2558,11.018455266952515,0.078596857713149,PBPF,cracker_scene1,10,old
2559,11.022471904754639,0.078596857713149,PBPF,cracker_scene1,10,old
2560,11.026660203933716,0.07867440328036933,PBPF,cracker_scene1,10,old
2561,11.030765533447266,0.07867440328036933,PBPF,cracker_scene1,10,old
2562,11.035122156143188,0.07856611455680573,PBPF,cracker_scene1,10,old
2563,11.040027141571045,0.07856611455680573,PBPF,cracker_scene1,10,old
2564,11.04439663887024,0.07862418967489818,PBPF,cracker_scene1,10,old
2565,11.048879623413086,0.07934090082785555,PBPF,cracker_scene1,10,old
2566,11.053217649459839,0.07930304057024137,PBPF,cracker_scene1,10,old
2567,11.057420253753662,0.07930304057024137,PBPF,cracker_scene1,10,old
2568,11.061742067337036,0.07925121119129402,PBPF,cracker_scene1,10,old
2569,11.066138744354248,0.07925121119129402,PBPF,cracker_scene1,10,old
2570,11.070513248443604,0.07921458955780873,PBPF,cracker_scene1,10,old
2571,11.074645519256592,0.07921458955780873,PBPF,cracker_scene1,10,old
2572,11.07914113998413,0.07911152819110258,PBPF,cracker_scene1,10,old
2573,11.083210468292236,0.07911152819110258,PBPF,cracker_scene1,10,old
2574,11.087693691253662,0.07899333807159557,PBPF,cracker_scene1,10,old
2575,11.09180736541748,0.07899333807159557,PBPF,cracker_scene1,10,old
2576,11.096112251281738,0.07904531160184745,PBPF,cracker_scene1,10,old
2577,11.100234746932983,0.07904531160184745,PBPF,cracker_scene1,10,old
2578,11.104647874832153,0.07899310835345494,PBPF,cracker_scene1,10,old
2579,11.108930110931396,0.07899310835345494,PBPF,cracker_scene1,10,old
2580,11.113265752792358,0.07885820201421667,PBPF,cracker_scene1,10,old
2581,11.117441892623901,0.07885820201421667,PBPF,cracker_scene1,10,old
2582,11.121812105178833,0.07878595798499034,PBPF,cracker_scene1,10,old
2583,11.126094818115234,0.07878595798499034,PBPF,cracker_scene1,10,old
2584,11.130413055419922,0.07885017677922009,PBPF,cracker_scene1,10,old
2585,11.134586811065674,0.07885017677922009,PBPF,cracker_scene1,10,old
2586,11.138962268829346,0.07881581158659055,PBPF,cracker_scene1,10,old
2587,11.14307188987732,0.07881581158659055,PBPF,cracker_scene1,10,old
2588,11.147445917129517,0.07880775859190993,PBPF,cracker_scene1,10,old
2589,11.1515953540802,0.07876102734375327,PBPF,cracker_scene1,10,old
2590,11.156018018722534,0.07876102734375327,PBPF,cracker_scene1,10,old
2591,11.160508632659912,0.07873824184362595,PBPF,cracker_scene1,10,old
2592,11.164777755737305,0.07873824184362595,PBPF,cracker_scene1,10,old
2593,11.169006586074829,0.07856933560328543,PBPF,cracker_scene1,10,old
2594,11.173179864883423,0.07856933560328543,PBPF,cracker_scene1,10,old
2595,11.177211999893188,0.07867771108205768,PBPF,cracker_scene1,10,old
2596,11.181544065475464,0.07861912110359486,PBPF,cracker_scene1,10,old
2597,11.185724258422852,0.07861912110359486,PBPF,cracker_scene1,10,old
2598,11.189895629882812,0.07844219325667796,PBPF,cracker_scene1,10,old
2599,11.193908929824829,0.07844219325667796,PBPF,cracker_scene1,10,old
2600,11.198741436004639,0.07838537589772933,PBPF,cracker_scene1,10,old
2601,11.203034400939941,0.07837842755330629,PBPF,cracker_scene1,10,old
2602,11.207547187805176,0.07634897221855659,PBPF,cracker_scene1,10,old
2603,11.211777687072754,0.0764596782093608,PBPF,cracker_scene1,10,old
2604,11.21588945388794,0.0764596782093608,PBPF,cracker_scene1,10,old
2605,11.220276832580566,0.07639171551462869,PBPF,cracker_scene1,10,old
2606,11.224525690078735,0.07639171551462869,PBPF,cracker_scene1,10,old
2607,11.228930950164795,0.07621792398952397,PBPF,cracker_scene1,10,old
2608,11.233174800872803,0.07621792398952397,PBPF,cracker_scene1,10,old
2609,11.237582921981812,0.07625949532772626,PBPF,cracker_scene1,10,old
2610,11.24152159690857,0.07625949532772626,PBPF,cracker_scene1,10,old
2611,11.245686531066895,0.07608436516824343,PBPF,cracker_scene1,10,old
2612,11.249680519104004,0.07608436516824343,PBPF,cracker_scene1,10,old
2613,11.253907442092896,0.07606931155299851,PBPF,cracker_scene1,10,old
2614,11.257901668548584,0.07606931155299851,PBPF,cracker_scene1,10,old
2615,11.261759757995605,0.07606931155299851,PBPF,cracker_scene1,10,old
2616,11.266018629074097,0.07611710134882933,PBPF,cracker_scene1,10,old
2617,11.270216703414917,0.07597739397985365,PBPF,cracker_scene1,10,old
2618,11.274201393127441,0.07597739397985365,PBPF,cracker_scene1,10,old
2619,11.278671741485596,0.07590659019374962,PBPF,cracker_scene1,10,old
2620,11.282729625701904,0.07590659019374962,PBPF,cracker_scene1,10,old
2621,11.286959648132324,0.07589626276550565,PBPF,cracker_scene1,10,old
2622,11.290902376174927,0.07589626276550565,PBPF,cracker_scene1,10,old
2623,11.295056819915771,0.0759600255466866,PBPF,cracker_scene1,10,old
2624,11.299097299575806,0.0759600255466866,PBPF,cracker_scene1,10,old
2625,11.303248167037964,0.07589060450510429,PBPF,cracker_scene1,10,old
2626,11.307995080947876,0.07589060450510429,PBPF,cracker_scene1,10,old
2627,11.312350034713745,0.07581727352119896,PBPF,cracker_scene1,10,old
2628,11.316444158554077,0.07581727352119896,PBPF,cracker_scene1,10,old
2629,11.320691347122192,0.07567332872880209,PBPF,cracker_scene1,10,old
2630,11.324851036071777,0.07567332872880209,PBPF,cracker_scene1,10,old
2631,11.329263925552368,0.07566506529840111,PBPF,cracker_scene1,10,old
2632,11.33334469795227,0.07566506529840111,PBPF,cracker_scene1,10,old
2633,11.337768793106079,0.0757341427087867,PBPF,cracker_scene1,10,old
2634,11.341830253601074,0.0757341427087867,PBPF,cracker_scene1,10,old
2635,11.346549272537231,0.07558660383332491,PBPF,cracker_scene1,10,old
2636,11.350636720657349,0.07558660383332491,PBPF,cracker_scene1,10,old
2637,11.354959726333618,0.07557813558298723,PBPF,cracker_scene1,10,old
2638,11.359238386154175,0.07558909860828017,PBPF,cracker_scene1,10,old
2639,11.363729000091553,0.07556109815355933,PBPF,cracker_scene1,10,old
2640,11.368438959121704,0.0791720485100049,PBPF,cracker_scene1,10,old
2641,11.372854709625244,0.0791720485100049,PBPF,cracker_scene1,10,old
2642,11.377345323562622,0.07897604684374332,PBPF,cracker_scene1,10,old
2643,11.381653547286987,0.07897604684374332,PBPF,cracker_scene1,10,old
2644,11.38582444190979,0.07905481639137601,PBPF,cracker_scene1,10,old
2645,11.389929294586182,0.07905481639137601,PBPF,cracker_scene1,10,old
2646,11.39470362663269,0.07901670561275666,PBPF,cracker_scene1,10,old
2647,11.399108171463013,0.07901670561275666,PBPF,cracker_scene1,10,old
2648,11.403672456741333,0.07882136842965856,PBPF,cracker_scene1,10,old
2649,11.407754182815552,0.07882136842965856,PBPF,cracker_scene1,10,old
2650,11.412112951278687,0.07887438261999027,PBPF,cracker_scene1,10,old
2651,11.416382312774658,0.07887438261999027,PBPF,cracker_scene1,10,old
2652,11.420854568481445,0.07885017014814898,PBPF,cracker_scene1,10,old
2653,11.424946308135986,0.07885017014814898,PBPF,cracker_scene1,10,old
2654,11.429629802703857,0.07881457064449934,PBPF,cracker_scene1,10,old
2655,11.434144496917725,0.07870568154357581,PBPF,cracker_scene1,10,old
2656,11.43825912475586,0.0786891383467267,PBPF,cracker_scene1,10,old
2657,11.442359447479248,0.0786891383467267,PBPF,cracker_scene1,10,old
2658,11.446679830551147,0.07864433301062067,PBPF,cracker_scene1,10,old
2659,11.451791763305664,0.0787488602751603,PBPF,cracker_scene1,10,old
2660,11.4564049243927,0.0787488602751603,PBPF,cracker_scene1,10,old
2661,11.46070384979248,0.07859919536837189,PBPF,cracker_scene1,10,old
2662,11.464852094650269,0.07859919536837189,PBPF,cracker_scene1,10,old
2663,11.46973991394043,0.07855039294756758,PBPF,cracker_scene1,10,old
2664,11.473961114883423,0.07855039294756758,PBPF,cracker_scene1,10,old
2665,11.478565692901611,0.07851780078301343,PBPF,cracker_scene1,10,old
2666,11.48273229598999,0.07851780078301343,PBPF,cracker_scene1,10,old
2667,11.487216472625732,0.07861730722197972,PBPF,cracker_scene1,10,old
2668,11.491276741027832,0.07861730722197972,PBPF,cracker_scene1,10,old
2669,11.495756149291992,0.07860900396749812,PBPF,cracker_scene1,10,old
2670,11.500137329101562,0.07860900396749812,PBPF,cracker_scene1,10,old
2671,11.504556655883789,0.07856429705083387,PBPF,cracker_scene1,10,old
2672,11.508829832077026,0.07856429705083387,PBPF,cracker_scene1,10,old
2673,11.513378143310547,0.07853530977052539,PBPF,cracker_scene1,10,old
2674,11.517455339431763,0.07853530977052539,PBPF,cracker_scene1,10,old
2675,11.521788358688354,0.0784592327740765,PBPF,cracker_scene1,10,old
2676,11.525914907455444,0.0784592327740765,PBPF,cracker_scene1,10,old
2677,11.530664205551147,0.07911309669236562,PBPF,cracker_scene1,10,old
2678,11.534853458404541,0.07911309669236562,PBPF,cracker_scene1,10,old
2679,11.539338827133179,0.07896430470912846,PBPF,cracker_scene1,10,old
2680,11.543663501739502,0.07896430470912846,PBPF,cracker_scene1,10,old
2681,11.547799348831177,0.0790640687959199,PBPF,cracker_scene1,10,old
2682,11.552019119262695,0.0790640687959199,PBPF,cracker_scene1,10,old
2683,11.556305170059204,0.07904956584794165,PBPF,cracker_scene1,10,old
2684,11.560395002365112,0.07904956584794165,PBPF,cracker_scene1,10,old
2685,11.564674615859985,0.07901658938452112,PBPF,cracker_scene1,10,old
2686,11.569048166275024,0.07892459939471139,PBPF,cracker_scene1,10,old
2687,11.573404312133789,0.07899887919251496,PBPF,cracker_scene1,10,old
2688,11.577545166015625,0.07899887919251496,PBPF,cracker_scene1,10,old
2689,11.581744194030762,0.07890223479206462,PBPF,cracker_scene1,10,old
2690,11.585906028747559,0.0789273207938051,PBPF,cracker_scene1,10,old
2691,11.590267419815063,0.0789273207938051,PBPF,cracker_scene1,10,old
2692,11.594716787338257,0.0788943651658914,PBPF,cracker_scene1,10,old
2693,11.599132299423218,0.0788943651658914,PBPF,cracker_scene1,10,old
2694,11.603272914886475,0.07887533157668966,PBPF,cracker_scene1,10,old
2695,11.60768985748291,0.07887533157668966,PBPF,cracker_scene1,10,old
2696,11.611661911010742,0.07887533157668966,PBPF,cracker_scene1,10,old
2697,11.616318702697754,0.07897575136538675,PBPF,cracker_scene1,10,old
2698,11.620474815368652,0.07897575136538675,PBPF,cracker_scene1,10,old
2699,11.624816179275513,0.07895473012284414,PBPF,cracker_scene1,10,old
2700,11.629224061965942,0.07895473012284414,PBPF,cracker_scene1,10,old
2701,11.63375973701477,0.07883888557085399,PBPF,cracker_scene1,10,old
2702,11.637980222702026,0.07883888557085399,PBPF,cracker_scene1,10,old
2703,11.642348766326904,0.07893801679435054,PBPF,cracker_scene1,10,old
2704,11.646681070327759,0.07893801679435054,PBPF,cracker_scene1,10,old
2705,11.650943040847778,0.07891819074580696,PBPF,cracker_scene1,10,old
2706,11.65515947341919,0.07891819074580696,PBPF,cracker_scene1,10,old
2707,11.659502029418945,0.07891819074580696,PBPF,cracker_scene1,10,old
2708,11.664154291152954,0.07881148602193223,PBPF,cracker_scene1,10,old
2709,11.668524503707886,0.07881148602193223,PBPF,cracker_scene1,10,old
2710,11.672903537750244,0.0789085327717189,PBPF,cracker_scene1,10,old
2711,11.677083969116211,0.0789085327717189,PBPF,cracker_scene1,10,old
2712,11.681393384933472,0.07888197141659282,PBPF,cracker_scene1,10,old
2713,11.68588137626648,0.07876267938941056,PBPF,cracker_scene1,10,old
2714,11.690969705581665,0.07563927668278998,PBPF,cracker_scene1,10,old
2715,11.69540786743164,0.0756252140017958,PBPF,cracker_scene1,10,old
2716,11.699854612350464,0.0756423670196525,PBPF,cracker_scene1,10,old
2717,11.70437479019165,0.07550350220113206,PBPF,cracker_scene1,10,old
2718,11.708557605743408,0.07550350220113206,PBPF,cracker_scene1,10,old
2719,11.71291208267212,0.07549545594773992,PBPF,cracker_scene1,10,old
2720,11.71701979637146,0.07549545594773992,PBPF,cracker_scene1,10,old
2721,11.72162389755249,0.07560788256609151,PBPF,cracker_scene1,10,old
2722,11.725735425949097,0.07560788256609151,PBPF,cracker_scene1,10,old
2723,11.730163335800171,0.07547090285756211,PBPF,cracker_scene1,10,old
2724,11.73442554473877,0.07547090285756211,PBPF,cracker_scene1,10,old
2725,11.738961696624756,0.07546238536320407,PBPF,cracker_scene1,10,old
2726,11.743172645568848,0.07558560797592172,PBPF,cracker_scene1,10,old
2727,11.747596025466919,0.07558416082257143,PBPF,cracker_scene1,10,old
2728,11.752031326293945,0.07558429600314237,PBPF,cracker_scene1,10,old
2729,11.756361484527588,0.07558429600314237,PBPF,cracker_scene1,10,old
2730,11.760707378387451,0.07557202703118622,PBPF,cracker_scene1,10,old
2731,11.765066862106323,0.07557202703118622,PBPF,cracker_scene1,10,old
2732,11.769639730453491,0.07558139946344605,PBPF,cracker_scene1,10,old
2733,11.773880243301392,0.07558139946344605,PBPF,cracker_scene1,10,old
2734,11.77829098701477,0.07559959265944456,PBPF,cracker_scene1,10,old
2735,11.782471895217896,0.07559959265944456,PBPF,cracker_scene1,10,old
2736,11.7867112159729,0.07560533068505226,PBPF,cracker_scene1,10,old
2737,11.79109263420105,0.07560533068505226,PBPF,cracker_scene1,10,old
2738,11.795424222946167,0.07548938458857427,PBPF,cracker_scene1,10,old
2739,11.799516916275024,0.07548938458857427,PBPF,cracker_scene1,10,old
2740,11.80375051498413,0.07548118961930837,PBPF,cracker_scene1,10,old
2741,11.808098554611206,0.07548118961930837,PBPF,cracker_scene1,10,old
2742,11.812384843826294,0.07549067496913298,PBPF,cracker_scene1,10,old
2743,11.816459655761719,0.07549067496913298,PBPF,cracker_scene1,10,old
2744,11.820916414260864,0.07548655699570506,PBPF,cracker_scene1,10,old
2745,11.824960470199585,0.07548655699570506,PBPF,cracker_scene1,10,old
2746,11.829508066177368,0.07559732668343934,PBPF,cracker_scene1,10,old
2747,11.833592653274536,0.07559732668343934,PBPF,cracker_scene1,10,old
2748,11.838132858276367,0.07559740758248644,PBPF,cracker_scene1,10,old
2749,11.84209394454956,0.07559740758248644,PBPF,cracker_scene1,10,old
2750,11.84654426574707,0.0755923503824495,PBPF,cracker_scene1,10,old
2751,11.8506760597229,0.0755923503824495,PBPF,cracker_scene1,10,old
2752,11.855234146118164,0.07559925724956117,PBPF,cracker_scene1,10,old
2753,11.85946273803711,0.075474447236351,PBPF,cracker_scene1,10,old
2754,11.863818645477295,0.07547679792791892,PBPF,cracker_scene1,10,old
2755,11.868091344833374,0.07546951412880352,PBPF,cracker_scene1,10,old
2756,11.872575044631958,0.07547796338621392,PBPF,cracker_scene1,10,old
2757,11.876954555511475,0.07548846676890152,PBPF,cracker_scene1,10,old
2758,11.88121747970581,0.07548846676890152,PBPF,cracker_scene1,10,old
2759,11.885344743728638,0.07560730746635773,PBPF,cracker_scene1,10,old
2760,11.889673709869385,0.07560730746635773,PBPF,cracker_scene1,10,old
2761,11.893894910812378,0.07548720168343287,PBPF,cracker_scene1,10,old
2762,11.898162841796875,0.07548720168343287,PBPF,cracker_scene1,10,old
2763,11.902549743652344,0.07559935556153764,PBPF,cracker_scene1,10,old
2764,11.906535625457764,0.07559935556153764,PBPF,cracker_scene1,10,old
2765,11.910619735717773,0.07560262372026892,PBPF,cracker_scene1,10,old
2766,11.914712190628052,0.07559985394124312,PBPF,cracker_scene1,10,old
2767,11.918838500976562,0.07559985394124312,PBPF,cracker_scene1,10,old
2768,11.923054933547974,0.07559106169542906,PBPF,cracker_scene1,10,old
2769,11.927025556564331,0.07559106169542906,PBPF,cracker_scene1,10,old
2770,11.931192398071289,0.07559615697523815,PBPF,cracker_scene1,10,old
2771,11.93535828590393,0.07559615697523815,PBPF,cracker_scene1,10,old
2772,11.940117835998535,0.07559533253608822,PBPF,cracker_scene1,10,old
2773,11.944323301315308,0.07559533253608822,PBPF,cracker_scene1,10,old
2774,11.948529481887817,0.07547862255117922,PBPF,cracker_scene1,10,old
2775,11.95286250114441,0.07559912082280748,PBPF,cracker_scene1,10,old
2776,11.95694351196289,0.07558307445676472,PBPF,cracker_scene1,10,old
2777,11.96131181716919,0.07557824493481123,PBPF,cracker_scene1,10,old
2778,11.96566653251648,0.07559575651787345,PBPF,cracker_scene1,10,old
2779,11.970080137252808,0.07547875593962142,PBPF,cracker_scene1,10,old
2780,11.974352359771729,0.07547976219355827,PBPF,cracker_scene1,10,old
2781,11.978460550308228,0.07547976219355827,PBPF,cracker_scene1,10,old
2782,11.982957601547241,0.07559684067399593,PBPF,cracker_scene1,10,old
2783,11.987039804458618,0.07548948878122608,PBPF,cracker_scene1,10,old
2784,11.991302490234375,0.07547317372646342,PBPF,cracker_scene1,10,old
2785,11.995612144470215,0.07560234311857225,PBPF,cracker_scene1,10,old
2786,11.999858617782593,0.07560234311857225,PBPF,cracker_scene1,10,old
2787,12.004013538360596,0.07559784185862765,PBPF,cracker_scene1,10,old
2788,12.0082688331604,0.07559607725988472,PBPF,cracker_scene1,10,old
2789,12.012540817260742,0.07559607725988472,PBPF,cracker_scene1,10,old
2790,12.016591548919678,0.07547274254867005,PBPF,cracker_scene1,10,old
2791,12.020850658416748,0.07547293422162223,PBPF,cracker_scene1,10,old
2792,12.025039434432983,0.07547582251237063,PBPF,cracker_scene1,10,old
2793,12.029346227645874,0.07547582251237063,PBPF,cracker_scene1,10,old
2794,12.033608436584473,0.07559439973627544,PBPF,cracker_scene1,10,old
2795,12.037773847579956,0.07559439973627544,PBPF,cracker_scene1,10,old
2796,12.042126893997192,0.07547701954560826,PBPF,cracker_scene1,10,old
2797,12.04635214805603,0.07547701954560826,PBPF,cracker_scene1,10,old
2798,12.050536632537842,0.07559273163349838,PBPF,cracker_scene1,10,old
2799,12.054802656173706,0.07559273163349838,PBPF,cracker_scene1,10,old
2800,12.059072732925415,0.07559284335395278,PBPF,cracker_scene1,10,old
2801,12.063187837600708,0.07559284335395278,PBPF,cracker_scene1,10,old
2802,12.067607402801514,0.07558828654679807,PBPF,cracker_scene1,10,old
2803,12.071722984313965,0.07558828654679807,PBPF,cracker_scene1,10,old
2804,12.075857639312744,0.07558828654679807,PBPF,cracker_scene1,10,old
2805,12.080453634262085,0.07560858844821812,PBPF,cracker_scene1,10,old
2806,12.08493447303772,0.07547885962697984,PBPF,cracker_scene1,10,old
2807,12.089101314544678,0.07547885962697984,PBPF,cracker_scene1,10,old
2808,12.093374967575073,0.07548415401976197,PBPF,cracker_scene1,10,old
2809,12.097627401351929,0.07548415401976197,PBPF,cracker_scene1,10,old
2810,12.102010011672974,0.0755980453454789,PBPF,cracker_scene1,10,old
2811,12.105976819992065,0.0755980453454789,PBPF,cracker_scene1,10,old
2812,12.110262870788574,0.07548067101787576,PBPF,cracker_scene1,10,old
2813,12.11425518989563,0.07548067101787576,PBPF,cracker_scene1,10,old
2814,12.118426322937012,0.07560165687164264,PBPF,cracker_scene1,10,old
2815,12.122454404830933,0.07560165687164264,PBPF,cracker_scene1,10,old
2816,12.126485824584961,0.07548259570717472,PBPF,cracker_scene1,10,old
2817,12.13115906715393,0.07548259570717472,PBPF,cracker_scene1,10,old
2818,12.135633945465088,0.0754882606947649,PBPF,cracker_scene1,10,old
2819,12.139840841293335,0.0754882606947649,PBPF,cracker_scene1,10,old
2820,12.144343852996826,0.07547793581242425,PBPF,cracker_scene1,10,old
2821,12.148494958877563,0.07547793581242425,PBPF,cracker_scene1,10,old
2822,12.152770042419434,0.07559889084979894,PBPF,cracker_scene1,10,old
2823,12.156922101974487,0.07559889084979894,PBPF,cracker_scene1,10,old
2824,12.161215543746948,0.07548647178738718,PBPF,cracker_scene1,10,old
2825,12.165488719940186,0.07548647178738718,PBPF,cracker_scene1,10,old
2826,12.169812202453613,0.07547970031528699,PBPF,cracker_scene1,10,old
2827,12.173942804336548,0.07547970031528699,PBPF,cracker_scene1,10,old
2828,12.178311109542847,0.07547922761828399,PBPF,cracker_scene1,10,old
2829,12.182547807693481,0.07547922761828399,PBPF,cracker_scene1,10,old
2830,12.186843633651733,0.07546202110868482,PBPF,cracker_scene1,10,old
2831,12.19098424911499,0.07546202110868482,PBPF,cracker_scene1,10,old
2832,12.195266246795654,0.0755851513045816,PBPF,cracker_scene1,10,old
2833,12.199454545974731,0.0755851513045816,PBPF,cracker_scene1,10,old
2834,12.203848838806152,0.0755975844863612,PBPF,cracker_scene1,10,old
2835,12.207920789718628,0.0755975844863612,PBPF,cracker_scene1,10,old
2836,12.212436199188232,0.07559487704258232,PBPF,cracker_scene1,10,old
2837,12.216461896896362,0.07559487704258232,PBPF,cracker_scene1,10,old
2838,12.22084665298462,0.07548227451749645,PBPF,cracker_scene1,10,old
2839,12.224992513656616,0.07548227451749645,PBPF,cracker_scene1,10,old
2840,12.229480504989624,0.07555742145087259,PBPF,cracker_scene1,10,old
2841,12.233705282211304,0.07555742145087259,PBPF,cracker_scene1,10,old
2842,12.238070249557495,0.07552709016136736,PBPF,cracker_scene1,10,old
2843,12.242253541946411,0.07552006923017704,PBPF,cracker_scene1,10,old
2844,12.246654987335205,0.07547443358849312,PBPF,cracker_scene1,10,old
2845,12.25084137916565,0.07547443358849312,PBPF,cracker_scene1,10,old
2846,12.255275249481201,0.07533309003562201,PBPF,cracker_scene1,10,old
2847,12.25950002670288,0.07530742836388118,PBPF,cracker_scene1,10,old
2848,12.263882160186768,0.07530742836388118,PBPF,cracker_scene1,10,old
2849,12.268021821975708,0.07543313162048183,PBPF,cracker_scene1,10,old
2850,12.272330045700073,0.07543313162048183,PBPF,cracker_scene1,10,old
2851,12.276486873626709,0.0754126636884653,PBPF,cracker_scene1,10,old
2852,12.280851602554321,0.0754126636884653,PBPF,cracker_scene1,10,old
2853,12.285110473632812,0.0754149630352076,PBPF,cracker_scene1,10,old
2854,12.289370059967041,0.0754149630352076,PBPF,cracker_scene1,10,old
2855,12.293789148330688,0.0753791727043722,PBPF,cracker_scene1,10,old
2856,12.298053979873657,0.0753791727043722,PBPF,cracker_scene1,10,old
2857,12.302514553070068,0.0752665616569279,PBPF,cracker_scene1,10,old
2858,12.30652928352356,0.0752665616569279,PBPF,cracker_scene1,10,old
2859,12.31078553199768,0.07537005959406427,PBPF,cracker_scene1,10,old
2860,12.314815044403076,0.07537005959406427,PBPF,cracker_scene1,10,old
2861,12.31907868385315,0.07521554516524101,PBPF,cracker_scene1,10,old
2862,12.32324504852295,0.0788282844379802,PBPF,cracker_scene1,10,old
2863,12.327356815338135,0.07890717093335822,PBPF,cracker_scene1,10,old
2864,12.331905126571655,0.07890717093335822,PBPF,cracker_scene1,10,old
2865,12.336266994476318,0.07887558194239319,PBPF,cracker_scene1,10,old
2866,12.340320110321045,0.07887558194239319,PBPF,cracker_scene1,10,old
2867,12.344839096069336,0.07882417984264857,PBPF,cracker_scene1,10,old
2868,12.349264144897461,0.07882417984264857,PBPF,cracker_scene1,10,old
2869,12.353384733200073,0.07882692337404712,PBPF,cracker_scene1,10,old
2870,12.35774827003479,0.07875288165763399,PBPF,cracker_scene1,10,old
2871,12.362168073654175,0.07859358140245437,PBPF,cracker_scene1,10,old
2872,12.366307735443115,0.07859358140245437,PBPF,cracker_scene1,10,old
2873,12.372409582138062,0.07864970909243503,PBPF,cracker_scene1,10,old
2874,12.37735915184021,0.07849058522140144,PBPF,cracker_scene1,10,old
2875,12.382144689559937,0.07849058522140144,PBPF,cracker_scene1,10,old
2876,12.38662576675415,0.07855355291950385,PBPF,cracker_scene1,10,old
2877,12.391254425048828,0.07855355291950385,PBPF,cracker_scene1,10,old
2878,12.395771265029907,0.078516115301552,PBPF,cracker_scene1,10,old
2879,12.39985203742981,0.078516115301552,PBPF,cracker_scene1,10,old
2880,12.404263973236084,0.07834682825552383,PBPF,cracker_scene1,10,old
2881,12.40841031074524,0.07834682825552383,PBPF,cracker_scene1,10,old
2882,12.41280460357666,0.07831247818798334,PBPF,cracker_scene1,10,old
2883,12.416987895965576,0.07831247818798334,PBPF,cracker_scene1,10,old
2884,12.421555995941162,0.07838284814455801,PBPF,cracker_scene1,10,old
2885,12.425571203231812,0.07838284814455801,PBPF,cracker_scene1,10,old
2886,12.43010663986206,0.07834838263116943,PBPF,cracker_scene1,10,old
2887,12.434426546096802,0.07834764654920255,PBPF,cracker_scene1,10,old
2888,12.438970565795898,0.07825972611374342,PBPF,cracker_scene1,10,old
2889,12.443232536315918,0.07806866168412507,PBPF,cracker_scene1,10,old
2890,12.447579145431519,0.07806866168412507,PBPF,cracker_scene1,10,old
2891,12.45183253288269,0.07800749250694898,PBPF,cracker_scene1,10,old
2892,12.456239700317383,0.07800742264362863,PBPF,cracker_scene1,10,old
2893,12.460730075836182,0.0780151393239063,PBPF,cracker_scene1,10,old
2894,12.465079307556152,0.0780151393239063,PBPF,cracker_scene1,10,old
2895,12.469500541687012,0.07798488100059954,PBPF,cracker_scene1,10,old
2896,12.473672151565552,0.07798488100059954,PBPF,cracker_scene1,10,old
2897,12.478000164031982,0.07794073018247315,PBPF,cracker_scene1,10,old
2898,12.48244571685791,0.0777420321882982,PBPF,cracker_scene1,10,old
2899,12.486721992492676,0.07780775493105875,PBPF,cracker_scene1,10,old
2900,12.490922451019287,0.07780775493105875,PBPF,cracker_scene1,10,old
2901,12.495326519012451,0.07762740840147206,PBPF,cracker_scene1,10,old
2902,12.499535322189331,0.07762740840147206,PBPF,cracker_scene1,10,old
2903,12.504003286361694,0.07760408132752132,PBPF,cracker_scene1,10,old
2904,12.508026599884033,0.07760408132752132,PBPF,cracker_scene1,10,old
2905,12.512489557266235,0.07744131683796303,PBPF,cracker_scene1,10,old
2906,12.51654577255249,0.07744131683796303,PBPF,cracker_scene1,10,old
2907,12.520892858505249,0.07736536242127967,PBPF,cracker_scene1,10,old
2908,12.525034189224243,0.07736536242127967,PBPF,cracker_scene1,10,old
2909,12.529427289962769,0.07746478988603411,PBPF,cracker_scene1,10,old
2910,12.533753156661987,0.07746478988603411,PBPF,cracker_scene1,10,old
2911,12.537927389144897,0.0774339276240914,PBPF,cracker_scene1,10,old
2912,12.541965007781982,0.0774339276240914,PBPF,cracker_scene1,10,old
2913,12.546147346496582,0.07740127747124896,PBPF,cracker_scene1,10,old
2914,12.550169706344604,0.07740127747124896,PBPF,cracker_scene1,10,old
2915,12.554458379745483,0.07723309826934074,PBPF,cracker_scene1,10,old
2916,12.558549404144287,0.07722712480801228,PBPF,cracker_scene1,10,old
2917,12.56318211555481,0.07714121952218506,PBPF,cracker_scene1,10,old
2918,12.567383527755737,0.07714121952218506,PBPF,cracker_scene1,10,old
2919,12.571798324584961,0.07712127849590404,PBPF,cracker_scene1,10,old
2920,12.576002597808838,0.07712127849590404,PBPF,cracker_scene1,10,old
2921,12.5803861618042,0.07718003068221016,PBPF,cracker_scene1,10,old
2922,12.584622144699097,0.07718451577379466,PBPF,cracker_scene1,10,old
2923,12.588979244232178,0.07716207672918851,PBPF,cracker_scene1,10,old
2924,12.593223094940186,0.0769787432340369,PBPF,cracker_scene1,10,old
2925,12.597492218017578,0.0769787432340369,PBPF,cracker_scene1,10,old
2926,12.601755619049072,0.0769214498815241,PBPF,cracker_scene1,10,old
2927,12.606045246124268,0.0769214498815241,PBPF,cracker_scene1,10,old
2928,12.610240697860718,0.07696220714192434,PBPF,cracker_scene1,10,old
2929,12.614528894424438,0.07696220714192434,PBPF,cracker_scene1,10,old
2930,12.618750095367432,0.0768216063079381,PBPF,cracker_scene1,10,old
2931,12.623285055160522,0.0768216063079381,PBPF,cracker_scene1,10,old
2932,12.62773871421814,0.07692140011716354,PBPF,cracker_scene1,10,old
2933,12.63190746307373,0.07692140011716354,PBPF,cracker_scene1,10,old
2934,12.636099100112915,0.07691531323434152,PBPF,cracker_scene1,10,old
2935,12.640436887741089,0.07684247149551915,PBPF,cracker_scene1,10,old
2936,12.645049095153809,0.0775311227318109,PBPF,cracker_scene1,10,old
2937,12.64918065071106,0.0775311227318109,PBPF,cracker_scene1,10,old
2938,12.653634786605835,0.07747615347622523,PBPF,cracker_scene1,10,old
2939,12.657806158065796,0.07747615347622523,PBPF,cracker_scene1,10,old
2940,12.662272453308105,0.07738261662235515,PBPF,cracker_scene1,10,old
2941,12.666493654251099,0.07738261662235515,PBPF,cracker_scene1,10,old
2942,12.67093276977539,0.07733460068002465,PBPF,cracker_scene1,10,old
2943,12.675048828125,0.07733460068002465,PBPF,cracker_scene1,10,old
2944,12.679504632949829,0.07726581893584095,PBPF,cracker_scene1,10,old
2945,12.683626651763916,0.07726581893584095,PBPF,cracker_scene1,10,old
2946,12.688097715377808,0.07723768649447527,PBPF,cracker_scene1,10,old
2947,12.692189693450928,0.07723768649447527,PBPF,cracker_scene1,10,old
2948,12.696567296981812,0.0770939972484719,PBPF,cracker_scene1,10,old
2949,12.70077633857727,0.07709327022739329,PBPF,cracker_scene1,10,old
2950,12.705191612243652,0.07704260341782183,PBPF,cracker_scene1,10,old
2951,12.709365606307983,0.07697263455306595,PBPF,cracker_scene1,10,old
2952,12.7136812210083,0.07708762784906198,PBPF,cracker_scene1,10,old
2953,12.717852354049683,0.07709354603580139,PBPF,cracker_scene1,10,old
2954,12.72207498550415,0.07704796489847088,PBPF,cracker_scene1,10,old
2955,12.726322174072266,0.07704796489847088,PBPF,cracker_scene1,10,old
2956,12.730678081512451,0.07699804076596183,PBPF,cracker_scene1,10,old
2957,12.73503589630127,0.07699804076596183,PBPF,cracker_scene1,10,old
2958,12.739315509796143,0.07683203988496816,PBPF,cracker_scene1,10,old
2959,12.743597745895386,0.07683203988496816,PBPF,cracker_scene1,10,old
2960,12.747935056686401,0.07683203988496816,PBPF,cracker_scene1,10,old
2961,12.752106428146362,0.0769281409379129,PBPF,cracker_scene1,10,old
2962,12.756579160690308,0.07692113561275629,PBPF,cracker_scene1,10,old
2963,12.760674953460693,0.0768611772402634,PBPF,cracker_scene1,10,old
2964,12.76511836051941,0.0767583701239201,PBPF,cracker_scene1,10,old
2965,12.769423484802246,0.07673712740031781,PBPF,cracker_scene1,10,old
2966,12.773678302764893,0.07679354316283518,PBPF,cracker_scene1,10,old
2967,12.777665138244629,0.07679354316283518,PBPF,cracker_scene1,10,old
2968,12.782010316848755,0.076734021404626,PBPF,cracker_scene1,10,old
2969,12.786092281341553,0.076734021404626,PBPF,cracker_scene1,10,old
2970,12.790141820907593,0.076734021404626,PBPF,cracker_scene1,10,old
2971,12.794872283935547,0.07656873854346244,PBPF,cracker_scene1,10,old
2972,12.799208879470825,0.07653693778676843,PBPF,cracker_scene1,10,old
2973,12.803855180740356,0.07653693778676843,PBPF,cracker_scene1,10,old
2974,12.80842137336731,0.07753578809531247,PBPF,cracker_scene1,10,old
2975,12.812700510025024,0.07753578809531247,PBPF,cracker_scene1,10,old
2976,12.817080974578857,0.07741606964097937,PBPF,cracker_scene1,10,old
2977,12.821372747421265,0.07741606964097937,PBPF,cracker_scene1,10,old
2978,12.825722932815552,0.07748639063939165,PBPF,cracker_scene1,10,old
2979,12.829917907714844,0.07748639063939165,PBPF,cracker_scene1,10,old
2980,12.83441710472107,0.07748639063939165,PBPF,cracker_scene1,10,old
2981,12.83850884437561,0.0774844892611616,PBPF,cracker_scene1,10,old
2982,12.842570781707764,0.0774844892611616,PBPF,cracker_scene1,10,old
2983,12.847455024719238,0.0772274749818474,PBPF,cracker_scene1,10,old
2984,12.85182785987854,0.07714446979357041,PBPF,cracker_scene1,10,old
2985,12.85616159439087,0.07714446979357041,PBPF,cracker_scene1,10,old
2986,12.860574960708618,0.07702031922712935,PBPF,cracker_scene1,10,old
2987,12.864899396896362,0.07702031922712935,PBPF,cracker_scene1,10,old
2988,12.869279623031616,0.07703655319196044,PBPF,cracker_scene1,10,old
2989,12.873380899429321,0.07703655319196044,PBPF,cracker_scene1,10,old
2990,12.87765908241272,0.07703655319196044,PBPF,cracker_scene1,10,old
2991,12.88245415687561,0.07708973221183758,PBPF,cracker_scene1,10,old
2992,12.887099027633667,0.0768782388746735,PBPF,cracker_scene1,10,old
2993,12.891445875167847,0.0768782388746735,PBPF,cracker_scene1,10,old
2994,12.896015167236328,0.07682029125792035,PBPF,cracker_scene1,10,old
2995,12.90022087097168,0.07682029125792035,PBPF,cracker_scene1,10,old
2996,12.904480457305908,0.076768565284657,PBPF,cracker_scene1,10,old
2997,12.908653974533081,0.076768565284657,PBPF,cracker_scene1,10,old
2998,12.913071155548096,0.07683522011189178,PBPF,cracker_scene1,10,old
2999,12.91724681854248,0.07683522011189178,PBPF,cracker_scene1,10,old
3000,12.921704292297363,0.07677943400696641,PBPF,cracker_scene1,10,old
3001,12.926066160202026,0.07674516356414732,PBPF,cracker_scene1,10,old
3002,12.930443048477173,0.07662402503855457,PBPF,cracker_scene1,10,old
3003,12.934651374816895,0.07655573212041895,PBPF,cracker_scene1,10,old
3004,12.938989162445068,0.07655573212041895,PBPF,cracker_scene1,10,old
3005,12.943099021911621,0.07655243633672301,PBPF,cracker_scene1,10,old
3006,12.947449684143066,0.07648308930596696,PBPF,cracker_scene1,10,old
3007,12.951819658279419,0.07648598152165176,PBPF,cracker_scene1,10,old
3008,12.956159591674805,0.07640912922137684,PBPF,cracker_scene1,10,old
3009,12.9604172706604,0.07636446631516505,PBPF,cracker_scene1,10,old
3010,12.964777946472168,0.07636446631516505,PBPF,cracker_scene1,10,old
3011,12.969371795654297,0.07660042010006626,PBPF,cracker_scene1,10,old
3012,12.973411083221436,0.07660042010006626,PBPF,cracker_scene1,10,old
3013,12.977635145187378,0.07655041832043663,PBPF,cracker_scene1,10,old
3014,12.981653213500977,0.07655041832043663,PBPF,cracker_scene1,10,old
3015,12.98592472076416,0.07663812546294113,PBPF,cracker_scene1,10,old
3016,12.989927053451538,0.07663812546294113,PBPF,cracker_scene1,10,old
3017,12.994175434112549,0.07663570206845631,PBPF,cracker_scene1,10,old
3018,12.998298406600952,0.07660591225080761,PBPF,cracker_scene1,10,old
3019,13.002899169921875,0.07646118058540186,PBPF,cracker_scene1,10,old
3020,13.007141351699829,0.07646118058540186,PBPF,cracker_scene1,10,old
3021,13.011362791061401,0.07639150093506335,PBPF,cracker_scene1,10,old
3022,13.015570402145386,0.07639150093506335,PBPF,cracker_scene1,10,old
3023,13.0199716091156,0.07638758593873664,PBPF,cracker_scene1,10,old
3024,13.024020671844482,0.07638758593873664,PBPF,cracker_scene1,10,old
3025,13.028347492218018,0.07622143262580523,PBPF,cracker_scene1,10,old
3026,13.0325927734375,0.07622143262580523,PBPF,cracker_scene1,10,old
3027,13.0370032787323,0.07617879914297646,PBPF,cracker_scene1,10,old
3028,13.040982961654663,0.07617879914297646,PBPF,cracker_scene1,10,old
3029,13.045442581176758,0.07614894087064808,PBPF,cracker_scene1,10,old
3030,13.049469470977783,0.07614894087064808,PBPF,cracker_scene1,10,old
3031,13.053739070892334,0.07621244626640435,PBPF,cracker_scene1,10,old
3032,13.057840347290039,0.07621244626640435,PBPF,cracker_scene1,10,old
3033,13.062317371368408,0.07596504375944288,PBPF,cracker_scene1,10,old
3034,13.066453695297241,0.07596504375944288,PBPF,cracker_scene1,10,old
3035,13.070879459381104,0.07595515008963884,PBPF,cracker_scene1,10,old
3036,13.075065612792969,0.07595515008963884,PBPF,cracker_scene1,10,old
3037,13.079609394073486,0.07593639913345332,PBPF,cracker_scene1,10,old
3038,13.083708047866821,0.07593639913345332,PBPF,cracker_scene1,10,old
3039,13.088193416595459,0.07589694272496963,PBPF,cracker_scene1,10,old
3040,13.092346906661987,0.07589694272496963,PBPF,cracker_scene1,10,old
3041,13.096789360046387,0.07601840931902337,PBPF,cracker_scene1,10,old
3042,13.10095500946045,0.07597613190528381,PBPF,cracker_scene1,10,old
3043,13.105257987976074,0.07597613190528381,PBPF,cracker_scene1,10,old
3044,13.109469175338745,0.07597825194213878,PBPF,cracker_scene1,10,old
3045,13.113724946975708,0.07593208953733885,PBPF,cracker_scene1,10,old
3046,13.117798328399658,0.07593208953733885,PBPF,cracker_scene1,10,old
3047,13.122246503829956,0.07590154580689314,PBPF,cracker_scene1,10,old
3048,13.126443147659302,0.07590154580689314,PBPF,cracker_scene1,10,old
3049,13.130988597869873,0.07641915887843409,PBPF,cracker_scene1,10,old
3050,13.135443925857544,0.07623207407984933,PBPF,cracker_scene1,10,old
3051,13.139630556106567,0.07623207407984933,PBPF,cracker_scene1,10,old
3052,13.144128322601318,0.07629923172315327,PBPF,cracker_scene1,10,old
3053,13.148200035095215,0.07629923172315327,PBPF,cracker_scene1,10,old
3054,13.152836084365845,0.07614568600365149,PBPF,cracker_scene1,10,old
3055,13.156989574432373,0.07614568600365149,PBPF,cracker_scene1,10,old
3056,13.161356210708618,0.0762073133381772,PBPF,cracker_scene1,10,old
3057,13.165648221969604,0.0762073133381772,PBPF,cracker_scene1,10,old
3058,13.169947147369385,0.07612718283326453,PBPF,cracker_scene1,10,old
3059,13.174050569534302,0.07612718283326453,PBPF,cracker_scene1,10,old
3060,13.178335189819336,0.07593300594755373,PBPF,cracker_scene1,10,old
3061,13.18246078491211,0.07593300594755373,PBPF,cracker_scene1,10,old
3062,13.186766147613525,0.07602767535621634,PBPF,cracker_scene1,10,old
3063,13.190920114517212,0.07602767535621634,PBPF,cracker_scene1,10,old
3064,13.195119857788086,0.07602762403402685,PBPF,cracker_scene1,10,old
3065,13.199433326721191,0.07597769592558212,PBPF,cracker_scene1,10,old
3066,13.203718423843384,0.07597769592558212,PBPF,cracker_scene1,10,old
3067,13.208054304122925,0.07594036426391897,PBPF,cracker_scene1,10,old
3068,13.212297677993774,0.07594036426391897,PBPF,cracker_scene1,10,old
3069,13.216398000717163,0.07594036426391897,PBPF,cracker_scene1,10,old
3070,13.220676898956299,0.07592521963737199,PBPF,cracker_scene1,10,old
3071,13.224765300750732,0.07592521963737199,PBPF,cracker_scene1,10,old
3072,13.229122161865234,0.07575146550086223,PBPF,cracker_scene1,10,old
3073,13.233625173568726,0.07580556829840768,PBPF,cracker_scene1,10,old
3074,13.237754583358765,0.07580556829840768,PBPF,cracker_scene1,10,old
3075,13.242013931274414,0.0755835560717098,PBPF,cracker_scene1,10,old
3076,13.246201276779175,0.0755835560717098,PBPF,cracker_scene1,10,old
3077,13.250424146652222,0.0756493047969907,PBPF,cracker_scene1,10,old
3078,13.254570722579956,0.0756493047969907,PBPF,cracker_scene1,10,old
3079,13.258771181106567,0.0756493047969907,PBPF,cracker_scene1,10,old
3080,13.263071775436401,0.07563840640943686,PBPF,cracker_scene1,10,old
3081,13.267467737197876,0.07563840640943686,PBPF,cracker_scene1,10,old
3082,13.271697521209717,0.07548600435938094,PBPF,cracker_scene1,10,old
3083,13.27587890625,0.07548600435938094,PBPF,cracker_scene1,10,old
3084,13.280221700668335,0.07548600435938094,PBPF,cracker_scene1,10,old
3085,13.284356355667114,0.07560109061885957,PBPF,cracker_scene1,10,old
3086,13.28931450843811,0.07708211912462898,PBPF,cracker_scene1,10,old
3087,13.293672323226929,0.07708757243820957,PBPF,cracker_scene1,10,old
3088,13.298158884048462,0.07688426615910958,PBPF,cracker_scene1,10,old
3089,13.302526950836182,0.07682354631911156,PBPF,cracker_scene1,10,old
3090,13.306959629058838,0.07690948872580844,PBPF,cracker_scene1,10,old
3091,13.311206579208374,0.07676960170906696,PBPF,cracker_scene1,10,old
3092,13.315374612808228,0.07676960170906696,PBPF,cracker_scene1,10,old
3093,13.31961727142334,0.07682926580426026,PBPF,cracker_scene1,10,old
3094,13.323772668838501,0.07682926580426026,PBPF,cracker_scene1,10,old
3095,13.328096389770508,0.07664329629127953,PBPF,cracker_scene1,10,old
3096,13.332291603088379,0.07664329629127953,PBPF,cracker_scene1,10,old
3097,13.33657455444336,0.07661843385470338,PBPF,cracker_scene1,10,old
3098,13.340677261352539,0.07661843385470338,PBPF,cracker_scene1,10,old
3099,13.344980001449585,0.07668170755388974,PBPF,cracker_scene1,10,old
3100,13.349118709564209,0.07668170755388974,PBPF,cracker_scene1,10,old
3101,13.353390455245972,0.07652391230727369,PBPF,cracker_scene1,10,old
3102,13.357676982879639,0.07652391230727369,PBPF,cracker_scene1,10,old
3103,13.361908674240112,0.07650417065414347,PBPF,cracker_scene1,10,old
3104,13.366086483001709,0.07650417065414347,PBPF,cracker_scene1,10,old
3105,13.370575666427612,0.07644747244738519,PBPF,cracker_scene1,10,old
3106,13.374579429626465,0.07644747244738519,PBPF,cracker_scene1,10,old
3107,13.37894582748413,0.07634669836074107,PBPF,cracker_scene1,10,old
3108,13.38307785987854,0.07634669836074107,PBPF,cracker_scene1,10,old
3109,13.38754940032959,0.07630759308334219,PBPF,cracker_scene1,10,old
3110,13.39154863357544,0.07630759308334219,PBPF,cracker_scene1,10,old
3111,13.395927429199219,0.07624367555611906,PBPF,cracker_scene1,10,old
3112,13.400221586227417,0.07624367555611906,PBPF,cracker_scene1,10,old
3113,13.404357433319092,0.07620951145180098,PBPF,cracker_scene1,10,old
3114,13.408372402191162,0.07620951145180098,PBPF,cracker_scene1,10,old
3115,13.412503480911255,0.07619975546257432,PBPF,cracker_scene1,10,old
3116,13.416585445404053,0.07619975546257432,PBPF,cracker_scene1,10,old
3117,13.42077898979187,0.07625490779811324,PBPF,cracker_scene1,10,old
3118,13.424777269363403,0.07625490779811324,PBPF,cracker_scene1,10,old
3119,13.428990840911865,0.07608938120895913,PBPF,cracker_scene1,10,old
3120,13.433563947677612,0.07608938120895913,PBPF,cracker_scene1,10,old
3121,13.437992334365845,0.07616586072791619,PBPF,cracker_scene1,10,old
3122,13.442241907119751,0.07616586072791619,PBPF,cracker_scene1,10,old
3123,13.446605920791626,0.07608622033621826,PBPF,cracker_scene1,10,old
3124,13.451068639755249,0.0677343564078269,PBPF,cracker_scene1,10,old
3125,13.45547342300415,0.06756864117675085,PBPF,cracker_scene1,10,old
3126,13.459681272506714,0.06751463730653344,PBPF,cracker_scene1,10,old
3127,13.463915824890137,0.06751463730653344,PBPF,cracker_scene1,10,old
3128,13.46844220161438,0.06756192440428481,PBPF,cracker_scene1,10,old
3129,13.472625255584717,0.06756192440428481,PBPF,cracker_scene1,10,old
3130,13.477014303207397,0.06739930389180566,PBPF,cracker_scene1,10,old
3131,13.481168508529663,0.06739930389180566,PBPF,cracker_scene1,10,old
3132,13.485371828079224,0.0674745720629514,PBPF,cracker_scene1,10,old
3133,13.489723682403564,0.0674745720629514,PBPF,cracker_scene1,10,old
3134,13.493896961212158,0.06746149021659541,PBPF,cracker_scene1,10,old
3135,13.498262405395508,0.06746149021659541,PBPF,cracker_scene1,10,old
3136,13.50254201889038,0.0674392177016311,PBPF,cracker_scene1,10,old
3137,13.50683069229126,0.0674392177016311,PBPF,cracker_scene1,10,old
3138,13.511168479919434,0.06723768880151934,PBPF,cracker_scene1,10,old
3139,13.515358448028564,0.06723768880151934,PBPF,cracker_scene1,10,old
3140,13.519677639007568,0.06713598836514514,PBPF,cracker_scene1,10,old
3141,13.523836374282837,0.06713598836514514,PBPF,cracker_scene1,10,old
3142,13.528226852416992,0.06725399646275004,PBPF,cracker_scene1,10,old
3143,13.532391548156738,0.06725399646275004,PBPF,cracker_scene1,10,old
3144,13.536534070968628,0.06710003500364134,PBPF,cracker_scene1,10,old
3145,13.540806531906128,0.06710003500364134,PBPF,cracker_scene1,10,old
3146,13.544972658157349,0.06718614995906758,PBPF,cracker_scene1,10,old
3147,13.549167394638062,0.06718614995906758,PBPF,cracker_scene1,10,old
3148,13.553447008132935,0.06714767128477292,PBPF,cracker_scene1,10,old
3149,13.557548999786377,0.06714767128477292,PBPF,cracker_scene1,10,old
3150,13.561954498291016,0.06698227526560341,PBPF,cracker_scene1,10,old
3151,13.566143035888672,0.06698227526560341,PBPF,cracker_scene1,10,old
3152,13.570436477661133,0.06705214867509962,PBPF,cracker_scene1,10,old
3153,13.57457160949707,0.06705214867509962,PBPF,cracker_scene1,10,old
3154,13.578935384750366,0.06687189976170822,PBPF,cracker_scene1,10,old
3155,13.583043575286865,0.06687189976170822,PBPF,cracker_scene1,10,old
3156,13.5875084400177,0.06700726167657073,PBPF,cracker_scene1,10,old
3157,13.591596126556396,0.06700726167657073,PBPF,cracker_scene1,10,old
3158,13.595928192138672,0.06697130603332739,PBPF,cracker_scene1,10,old
3159,13.600471496582031,0.06671475749453788,PBPF,cracker_scene1,10,old
3160,13.604737520217896,0.06651678078459487,PBPF,cracker_scene1,10,old
3161,13.608933448791504,0.06651678078459487,PBPF,cracker_scene1,10,old
3162,13.61330270767212,0.06649894520598376,PBPF,cracker_scene1,10,old
3163,13.61738133430481,0.06649894520598376,PBPF,cracker_scene1,10,old
3164,13.62174654006958,0.06644278794568059,PBPF,cracker_scene1,10,old
3165,13.625859260559082,0.06655878215952833,PBPF,cracker_scene1,10,old
3166,13.630171537399292,0.06651572277055913,PBPF,cracker_scene1,10,old
3167,13.634546756744385,0.06638937009058854,PBPF,cracker_scene1,10,old
3168,13.638629913330078,0.06638937009058854,PBPF,cracker_scene1,10,old
3169,13.642677783966064,0.06638937009058854,PBPF,cracker_scene1,10,old
3170,13.646843671798706,0.06644308210788143,PBPF,cracker_scene1,10,old
3171,13.650966167449951,0.06613901875429637,PBPF,cracker_scene1,10,old
3172,13.655132293701172,0.06613901875429637,PBPF,cracker_scene1,10,old
3173,13.659347534179688,0.06622732073186822,PBPF,cracker_scene1,10,old
3174,13.663822412490845,0.06622732073186822,PBPF,cracker_scene1,10,old
3175,13.66813063621521,0.06626362024723145,PBPF,cracker_scene1,10,old
3176,13.67247724533081,0.06626362024723145,PBPF,cracker_scene1,10,old
3177,13.676724433898926,0.06622871554247123,PBPF,cracker_scene1,10,old
3178,13.681015729904175,0.06622871554247123,PBPF,cracker_scene1,10,old
3179,13.68528699874878,0.06623360551280023,PBPF,cracker_scene1,10,old
3180,13.689555168151855,0.06623360551280023,PBPF,cracker_scene1,10,old
3181,13.693789720535278,0.06615593482604877,PBPF,cracker_scene1,10,old
3182,13.698030471801758,0.06615593482604877,PBPF,cracker_scene1,10,old
3183,13.702407836914062,0.06601269473413209,PBPF,cracker_scene1,10,old
3184,13.706628322601318,0.06601269473413209,PBPF,cracker_scene1,10,old
3185,13.710875511169434,0.06616364316544351,PBPF,cracker_scene1,10,old
3186,13.7150559425354,0.06616364316544351,PBPF,cracker_scene1,10,old
3187,13.719320297241211,0.06602554181623069,PBPF,cracker_scene1,10,old
3188,13.723495960235596,0.06602554181623069,PBPF,cracker_scene1,10,old
3189,13.72798466682434,0.06627667039147032,PBPF,cracker_scene1,10,old
3190,13.732274532318115,0.06627667039147032,PBPF,cracker_scene1,10,old
3191,13.736582279205322,0.0660988891144455,PBPF,cracker_scene1,10,old
3192,13.740800619125366,0.0660988891144455,PBPF,cracker_scene1,10,old
3193,13.74531888961792,0.06600546222273276,PBPF,cracker_scene1,10,old
3194,13.74949860572815,0.06600546222273276,PBPF,cracker_scene1,10,old
3195,13.75379467010498,0.06610010535371452,PBPF,cracker_scene1,10,old
3196,13.758034944534302,0.06610010535371452,PBPF,cracker_scene1,10,old
3197,13.762442350387573,0.06699456532617047,PBPF,cracker_scene1,10,old
3198,13.766634941101074,0.06699456532617047,PBPF,cracker_scene1,10,old
3199,13.770951271057129,0.06703366340926394,PBPF,cracker_scene1,10,old
3200,13.775318622589111,0.06703366340926394,PBPF,cracker_scene1,10,old
3201,13.779779195785522,0.06697982493910364,PBPF,cracker_scene1,10,old
3202,13.783858060836792,0.06697982493910364,PBPF,cracker_scene1,10,old
3203,13.788395881652832,0.06699555398325277,PBPF,cracker_scene1,10,old
3204,13.792443752288818,0.06699555398325277,PBPF,cracker_scene1,10,old
3205,13.796776294708252,0.06694442355534376,PBPF,cracker_scene1,10,old
3206,13.801159858703613,0.06690470112212697,PBPF,cracker_scene1,10,old
3207,13.805487871170044,0.06690470112212697,PBPF,cracker_scene1,10,old
3208,13.809792041778564,0.0667016008343243,PBPF,cracker_scene1,10,old
3209,13.814030408859253,0.0667016008343243,PBPF,cracker_scene1,10,old
3210,13.818394184112549,0.06665777852533139,PBPF,cracker_scene1,10,old
3211,13.822632074356079,0.06665777852533139,PBPF,cracker_scene1,10,old
3212,13.826802253723145,0.06661520066326575,PBPF,cracker_scene1,10,old
3213,13.83109736442566,0.06661520066326575,PBPF,cracker_scene1,10,old
3214,13.835404872894287,0.06681336903966358,PBPF,cracker_scene1,10,old
3215,13.839641809463501,0.06681336903966358,PBPF,cracker_scene1,10,old
3216,13.843973636627197,0.06660345304166976,PBPF,cracker_scene1,10,old
3217,13.848134279251099,0.06660345304166976,PBPF,cracker_scene1,10,old
3218,13.852441787719727,0.06651331717525671,PBPF,cracker_scene1,10,old
3219,13.856639862060547,0.06651331717525671,PBPF,cracker_scene1,10,old
3220,13.86101770401001,0.06650016288782543,PBPF,cracker_scene1,10,old
3221,13.865275144577026,0.06650016288782543,PBPF,cracker_scene1,10,old
3222,13.869745254516602,0.06663790624745959,PBPF,cracker_scene1,10,old
3223,13.87375283241272,0.06663790624745959,PBPF,cracker_scene1,10,old
3224,13.878087997436523,0.06670299248505247,PBPF,cracker_scene1,10,old
3225,13.88217806816101,0.06670299248505247,PBPF,cracker_scene1,10,old
3226,13.886470556259155,0.06650619528502247,PBPF,cracker_scene1,10,old
3227,13.890570878982544,0.06650619528502247,PBPF,cracker_scene1,10,old
3228,13.894742012023926,0.06667056426917264,PBPF,cracker_scene1,10,old
3229,13.899235248565674,0.06667056426917264,PBPF,cracker_scene1,10,old
3230,13.903671026229858,0.06653811634786985,PBPF,cracker_scene1,10,old
3231,13.907778263092041,0.06653811634786985,PBPF,cracker_scene1,10,old
3232,13.912256956100464,0.0664966680204112,PBPF,cracker_scene1,10,old
3233,13.916404247283936,0.0664966680204112,PBPF,cracker_scene1,10,old
3234,13.920582294464111,0.06633600983340965,PBPF,cracker_scene1,10,old
3235,13.924768924713135,0.06633600983340965,PBPF,cracker_scene1,10,old
3236,13.92919635772705,0.0605615100912335,PBPF,cracker_scene1,10,old
3237,13.933496952056885,0.060536794894897175,PBPF,cracker_scene1,10,old
3238,13.937798738479614,0.06053885928189552,PBPF,cracker_scene1,10,old
3239,13.942174196243286,0.06053885928189552,PBPF,cracker_scene1,10,old
3240,13.946289777755737,0.06053885928189552,PBPF,cracker_scene1,10,old
3241,13.950563430786133,0.06061474819298038,PBPF,cracker_scene1,10,old
3242,13.954835653305054,0.06069482422596795,PBPF,cracker_scene1,10,old
3243,13.958991050720215,0.06069482422596795,PBPF,cracker_scene1,10,old
3244,13.96320128440857,0.06069482422596795,PBPF,cracker_scene1,10,old
3245,13.967539548873901,0.060676664290595525,PBPF,cracker_scene1,10,old
3246,13.971904277801514,0.060676664290595525,PBPF,cracker_scene1,10,old
3247,13.976212739944458,0.060405102962409626,PBPF,cracker_scene1,10,old
3248,13.980547428131104,0.060405102962409626,PBPF,cracker_scene1,10,old
3249,13.984720706939697,0.06037621721644764,PBPF,cracker_scene1,10,old
3250,13.988973140716553,0.06037621721644764,PBPF,cracker_scene1,10,old
3251,13.993258953094482,0.06051484142953313,PBPF,cracker_scene1,10,old
3252,13.997486352920532,0.060491107362713,PBPF,cracker_scene1,10,old
3253,14.001735210418701,0.060491107362713,PBPF,cracker_scene1,10,old
3254,14.005977153778076,0.060427624140114565,PBPF,cracker_scene1,10,old
3255,14.010353326797485,0.06042438607296841,PBPF,cracker_scene1,10,old
3256,14.014591932296753,0.06040664671981253,PBPF,cracker_scene1,10,old
3257,14.018749475479126,0.06026273619259867,PBPF,cracker_scene1,10,old
3258,14.02303957939148,0.060248040649370456,PBPF,cracker_scene1,10,old
3259,14.027191638946533,0.060248040649370456,PBPF,cracker_scene1,10,old
3260,14.031522512435913,0.06020413041400305,PBPF,cracker_scene1,10,old
3261,14.035730361938477,0.06020413041400305,PBPF,cracker_scene1,10,old
3262,14.040292024612427,0.06038269626587588,PBPF,cracker_scene1,10,old
3263,14.04432988166809,0.06038269626587588,PBPF,cracker_scene1,10,old
3264,14.048971891403198,0.06022933489218899,PBPF,cracker_scene1,10,old
3265,14.053291320800781,0.06018208849517512,PBPF,cracker_scene1,10,old
3266,14.0576171875,0.060331113173891025,PBPF,cracker_scene1,10,old
3267,14.061872243881226,0.060331113173891025,PBPF,cracker_scene1,10,old
3268,14.0662362575531,0.060296251104224055,PBPF,cracker_scene1,10,old
3269,14.070427894592285,0.060296251104224055,PBPF,cracker_scene1,10,old
3270,14.074444770812988,0.060296251104224055,PBPF,cracker_scene1,10,old
3271,14.078615427017212,0.06014895894821685,PBPF,cracker_scene1,10,old
3272,14.082750797271729,0.06014895894821685,PBPF,cracker_scene1,10,old
3273,14.087432622909546,0.053901870114063624,PBPF,cracker_scene1,10,old
3274,14.091803073883057,0.05375024673245923,PBPF,cracker_scene1,10,old
3275,14.096349716186523,0.053903151238730705,PBPF,cracker_scene1,10,old
3276,14.100856304168701,0.053903797632869656,PBPF,cracker_scene1,10,old
3277,14.105159521102905,0.05389329912327545,PBPF,cracker_scene1,10,old
3278,14.109251260757446,0.05389452518827404,PBPF,cracker_scene1,10,old
3279,14.113579034805298,0.053838036420892674,PBPF,cracker_scene1,10,old
3280,14.117771625518799,0.05384171639056359,PBPF,cracker_scene1,10,old
3281,14.122187852859497,0.053805983441350486,PBPF,cracker_scene1,10,old
3282,14.12636113166809,0.0536117714906461,PBPF,cracker_scene1,10,old
3283,14.130687952041626,0.0536117714906461,PBPF,cracker_scene1,10,old
3284,14.135013818740845,0.0535800029168386,PBPF,cracker_scene1,10,old
3285,14.139228105545044,0.0535800029168386,PBPF,cracker_scene1,10,old
3286,14.14342451095581,0.05357515214546729,PBPF,cracker_scene1,10,old
3287,14.14771056175232,0.05372502157320648,PBPF,cracker_scene1,10,old
3288,14.152051448822021,0.05373250270627186,PBPF,cracker_scene1,10,old
3289,14.156267881393433,0.05373250270627186,PBPF,cracker_scene1,10,old
3290,14.16089940071106,0.05352984458368662,PBPF,cracker_scene1,10,old
3291,14.165092945098877,0.05352984458368662,PBPF,cracker_scene1,10,old
3292,14.169394254684448,0.05349212054728359,PBPF,cracker_scene1,10,old
3293,14.173604249954224,0.05349212054728359,PBPF,cracker_scene1,10,old
3294,14.177972078323364,0.053629653057507685,PBPF,cracker_scene1,10,old
3295,14.182345151901245,0.053629653057507685,PBPF,cracker_scene1,10,old
3296,14.186612606048584,0.053624830149717834,PBPF,cracker_scene1,10,old
3297,14.190894365310669,0.053624830149717834,PBPF,cracker_scene1,10,old
3298,14.195202589035034,0.053407401294697655,PBPF,cracker_scene1,10,old
3299,14.199395179748535,0.053407401294697655,PBPF,cracker_scene1,10,old
3300,14.203816175460815,0.05340864429991928,PBPF,cracker_scene1,10,old
3301,14.207892656326294,0.05340864429991928,PBPF,cracker_scene1,10,old
3302,14.212486743927002,0.05360139049642633,PBPF,cracker_scene1,10,old
3303,14.216618061065674,0.05360139049642633,PBPF,cracker_scene1,10,old
3304,14.221167087554932,0.053581772214935944,PBPF,cracker_scene1,10,old
3305,14.225431680679321,0.053581772214935944,PBPF,cracker_scene1,10,old
3306,14.229921102523804,0.05340310605367229,PBPF,cracker_scene1,10,old
3307,14.23422646522522,0.053400390785229145,PBPF,cracker_scene1,10,old
3308,14.238722085952759,0.05340099424402292,PBPF,cracker_scene1,10,old
3309,14.243103981018066,0.0535748961719322,PBPF,cracker_scene1,10,old
3310,14.247568130493164,0.05552826181710123,PBPF,cracker_scene1,10,old
3311,14.251971960067749,0.05537658248949069,PBPF,cracker_scene1,10,old
3312,14.256312608718872,0.05537658248949069,PBPF,cracker_scene1,10,old
3313,14.260570049285889,0.055377734142846594,PBPF,cracker_scene1,10,old
3314,14.264972686767578,0.055377734142846594,PBPF,cracker_scene1,10,old
3315,14.26945447921753,0.055312886561720585,PBPF,cracker_scene1,10,old
3316,14.273565292358398,0.055312886561720585,PBPF,cracker_scene1,10,old
3317,14.277592420578003,0.055312886561720585,PBPF,cracker_scene1,10,old
3318,14.281821727752686,0.055312886561720585,PBPF,cracker_scene1,10,old
3319,14.286180019378662,0.055347268618325986,PBPF,cracker_scene1,10,old
3320,14.290224075317383,0.055347268618325986,PBPF,cracker_scene1,10,old
3321,14.29455280303955,0.055215613664807504,PBPF,cracker_scene1,10,old
3322,14.298637390136719,0.055215613664807504,PBPF,cracker_scene1,10,old
3323,14.302985429763794,0.05515259014140825,PBPF,cracker_scene1,10,old
3324,14.307576894760132,0.05515259014140825,PBPF,cracker_scene1,10,old
3325,14.311701774597168,0.05529579098923035,PBPF,cracker_scene1,10,old
3326,14.315933227539062,0.055272505865790175,PBPF,cracker_scene1,10,old
3327,14.320328950881958,0.0552738575374821,PBPF,cracker_scene1,10,old
3328,14.324428081512451,0.0552738575374821,PBPF,cracker_scene1,10,old
3329,14.32884669303894,0.05512212071029733,PBPF,cracker_scene1,10,old
3330,14.333309650421143,0.05512212071029733,PBPF,cracker_scene1,10,old
3331,14.337459564208984,0.05512212071029733,PBPF,cracker_scene1,10,old
3332,14.341859579086304,0.05510353651310303,PBPF,cracker_scene1,10,old
3333,14.345885515213013,0.05510353651310303,PBPF,cracker_scene1,10,old
3334,14.349919557571411,0.05510353651310303,PBPF,cracker_scene1,10,old
3335,14.354554176330566,0.05522069522590969,PBPF,cracker_scene1,10,old
3336,14.35884976387024,0.05520152716406981,PBPF,cracker_scene1,10,old
3337,14.363142251968384,0.05520152716406981,PBPF,cracker_scene1,10,old
3338,14.367370367050171,0.05520152716406981,PBPF,cracker_scene1,10,old
3339,14.371540784835815,0.05520139206499372,PBPF,cracker_scene1,10,old
3340,14.376014232635498,0.0550978412795627,PBPF,cracker_scene1,10,old
3341,14.380407094955444,0.05506821548044522,PBPF,cracker_scene1,10,old
3342,14.384955406188965,0.05504077408668996,PBPF,cracker_scene1,10,old
3343,14.389287948608398,0.05504077408668996,PBPF,cracker_scene1,10,old
3344,14.393734693527222,0.055018874400678736,PBPF,cracker_scene1,10,old
3345,14.398155927658081,0.055018874400678736,PBPF,cracker_scene1,10,old
3346,14.402415752410889,0.055018874400678736,PBPF,cracker_scene1,10,old
3347,14.40708875656128,0.05537008314888593,PBPF,cracker_scene1,10,old
3348,14.411269426345825,0.05527496095069251,PBPF,cracker_scene1,10,old
3349,14.415551900863647,0.05523489816404282,PBPF,cracker_scene1,10,old
3350,14.419692277908325,0.05523489816404282,PBPF,cracker_scene1,10,old
3351,14.424322605133057,0.055323065552836635,PBPF,cracker_scene1,10,old
3352,14.428502082824707,0.055323065552836635,PBPF,cracker_scene1,10,old
3353,14.432655334472656,0.05532286908423586,PBPF,cracker_scene1,10,old
3354,14.437081813812256,0.05529654141390416,PBPF,cracker_scene1,10,old
3355,14.441205739974976,0.055297694717105904,PBPF,cracker_scene1,10,old
3356,14.445638656616211,0.05525604423083326,PBPF,cracker_scene1,10,old
3357,14.449922800064087,0.055264845412368716,PBPF,cracker_scene1,10,old
3358,14.454189777374268,0.055264845412368716,PBPF,cracker_scene1,10,old
3359,14.45859670639038,0.0552777389064208,PBPF,cracker_scene1,10,old
3360,14.462940692901611,0.0552777389064208,PBPF,cracker_scene1,10,old
3361,14.467482089996338,0.05511648160133983,PBPF,cracker_scene1,10,old
3362,14.471634864807129,0.05512712124361097,PBPF,cracker_scene1,10,old
3363,14.47579026222229,0.05512712124361097,PBPF,cracker_scene1,10,old
3364,14.479880809783936,0.05512712124361097,PBPF,cracker_scene1,10,old
3365,14.48423433303833,0.055188998659946385,PBPF,cracker_scene1,10,old
3366,14.488610029220581,0.05511624085718702,PBPF,cracker_scene1,10,old
3367,14.493557214736938,0.055211131901025036,PBPF,cracker_scene1,10,old
3368,14.498173236846924,0.05505246744047403,PBPF,cracker_scene1,10,old
3369,14.5026376247406,0.05523868104877484,PBPF,cracker_scene1,10,old
3370,14.506901741027832,0.05523868104877484,PBPF,cracker_scene1,10,old
3371,14.511276721954346,0.05522401185318583,PBPF,cracker_scene1,10,old
3372,14.51551628112793,0.05522401185318583,PBPF,cracker_scene1,10,old
3373,14.519994735717773,0.055059434876568725,PBPF,cracker_scene1,10,old
3374,14.524207830429077,0.055059434876568725,PBPF,cracker_scene1,10,old
3375,14.52868103981018,0.05505956533952696,PBPF,cracker_scene1,10,old
3376,14.533068895339966,0.05505956533952696,PBPF,cracker_scene1,10,old
3377,14.537491083145142,0.055034189115580376,PBPF,cracker_scene1,10,old
3378,14.541597366333008,0.055034189115580376,PBPF,cracker_scene1,10,old
3379,14.546234130859375,0.05495714710591273,PBPF,cracker_scene1,10,old
3380,14.550359964370728,0.05495714710591273,PBPF,cracker_scene1,10,old
3381,14.554840326309204,0.054964658479829155,PBPF,cracker_scene1,10,old
3382,14.559122323989868,0.055089143564197744,PBPF,cracker_scene1,10,old
3383,14.563588619232178,0.05509304632865521,PBPF,cracker_scene1,10,old
3384,14.568054676055908,0.05754062115452328,PBPF,cracker_scene1,10,old
3385,14.572355508804321,0.05754062115452328,PBPF,cracker_scene1,10,old
3386,14.576789855957031,0.057423966041579386,PBPF,cracker_scene1,10,old
3387,14.581077575683594,0.057423966041579386,PBPF,cracker_scene1,10,old
3388,14.585395336151123,0.05751030146625026,PBPF,cracker_scene1,10,old
3389,14.589761734008789,0.05751030146625026,PBPF,cracker_scene1,10,old
3390,14.594245195388794,0.05737563218066688,PBPF,cracker_scene1,10,old
3391,14.598451375961304,0.05737563218066688,PBPF,cracker_scene1,10,old
3392,14.602916955947876,0.057327736893387646,PBPF,cracker_scene1,10,old
3393,14.60714602470398,0.057327736893387646,PBPF,cracker_scene1,10,old
3394,14.611602306365967,0.0572952448270291,PBPF,cracker_scene1,10,old
3395,14.615799188613892,0.0572952448270291,PBPF,cracker_scene1,10,old
3396,14.620131731033325,0.057396621707832704,PBPF,cracker_scene1,10,old
3397,14.624518394470215,0.057396621707832704,PBPF,cracker_scene1,10,old
3398,14.628995656967163,0.057299438371184695,PBPF,cracker_scene1,10,old
3399,14.633132696151733,0.057299438371184695,PBPF,cracker_scene1,10,old
3400,14.637554168701172,0.057282954106066986,PBPF,cracker_scene1,10,old
3401,14.641637325286865,0.057282954106066986,PBPF,cracker_scene1,10,old
3402,14.646145582199097,0.05732668910146241,PBPF,cracker_scene1,10,old
3403,14.650269746780396,0.05732668910146241,PBPF,cracker_scene1,10,old
3404,14.65483283996582,0.057295635296279894,PBPF,cracker_scene1,10,old
3405,14.659038066864014,0.057295635296279894,PBPF,cracker_scene1,10,old
3406,14.66354489326477,0.057376700542566585,PBPF,cracker_scene1,10,old
3407,14.667937755584717,0.057250545217915706,PBPF,cracker_scene1,10,old
3408,14.672115325927734,0.05722663417407999,PBPF,cracker_scene1,10,old
3409,14.676467180252075,0.05722838524792787,PBPF,cracker_scene1,10,old
3410,14.68052363395691,0.05722838524792787,PBPF,cracker_scene1,10,old
3411,14.684767007827759,0.05725074322138146,PBPF,cracker_scene1,10,old
3412,14.6888747215271,0.05725074322138146,PBPF,cracker_scene1,10,old
3413,14.693180561065674,0.05735813876642662,PBPF,cracker_scene1,10,old
3414,14.69770359992981,0.05735813876642662,PBPF,cracker_scene1,10,old
3415,14.702121019363403,0.05723543772776814,PBPF,cracker_scene1,10,old
3416,14.706591844558716,0.05723543772776814,PBPF,cracker_scene1,10,old
3417,14.710862398147583,0.05731629567652056,PBPF,cracker_scene1,10,old
3418,14.715261697769165,0.05731629567652056,PBPF,cracker_scene1,10,old
3419,14.719629049301147,0.05724887343825389,PBPF,cracker_scene1,10,old
3420,14.72380518913269,0.05724887343825389,PBPF,cracker_scene1,10,old
3421,14.728012323379517,0.05772130842077153,PBPF,cracker_scene1,10,old
3422,14.732194900512695,0.05772130842077153,PBPF,cracker_scene1,10,old
3423,14.736897468566895,0.05763356970555801,PBPF,cracker_scene1,10,old
3424,14.740924596786499,0.05763356970555801,PBPF,cracker_scene1,10,old
3425,14.745189189910889,0.05763657485520714,PBPF,cracker_scene1,10,old
3426,14.74936819076538,0.05763747567220466,PBPF,cracker_scene1,10,old
3427,14.753719329833984,0.0577158743752575,PBPF,cracker_scene1,10,old
3428,14.758174896240234,0.057673266128602435,PBPF,cracker_scene1,10,old
3429,14.762441873550415,0.05755101185293632,PBPF,cracker_scene1,10,old
3430,14.766920804977417,0.057551601122124534,PBPF,cracker_scene1,10,old
3431,14.771242380142212,0.0574274933089233,PBPF,cracker_scene1,10,old
3432,14.775544881820679,0.0574274933089233,PBPF,cracker_scene1,10,old
3433,14.781514167785645,0.05742588551427153,PBPF,cracker_scene1,10,old
3434,14.787371397018433,0.057521289511248457,PBPF,cracker_scene1,10,old
3435,14.792978286743164,0.057521289511248457,PBPF,cracker_scene1,10,old
3436,14.798941373825073,0.05743007561399893,PBPF,cracker_scene1,10,old
3437,14.804574966430664,0.05750309371836965,PBPF,cracker_scene1,10,old
3438,14.810523271560669,0.057404371216534085,PBPF,cracker_scene1,10,old
3439,14.815601348876953,0.057404371216534085,PBPF,cracker_scene1,10,old
3440,14.820005416870117,0.0573797019489478,PBPF,cracker_scene1,10,old
3441,14.824141263961792,0.0573797019489478,PBPF,cracker_scene1,10,old
3442,14.828859329223633,0.05732620788145812,PBPF,cracker_scene1,10,old
3443,14.833258628845215,0.05732620788145812,PBPF,cracker_scene1,10,old
3444,14.837376832962036,0.057410119426600126,PBPF,cracker_scene1,10,old
3445,14.841825246810913,0.057410119426600126,PBPF,cracker_scene1,10,old
3446,14.846288442611694,0.05740824201061004,PBPF,cracker_scene1,10,old
3447,14.8505380153656,0.05740824201061004,PBPF,cracker_scene1,10,old
3448,14.855045080184937,0.05748720047123815,PBPF,cracker_scene1,10,old
3449,14.859423875808716,0.0574598258299022,PBPF,cracker_scene1,10,old
3450,14.864227056503296,0.0574598258299022,PBPF,cracker_scene1,10,old
3451,14.86860466003418,0.057457241155356734,PBPF,cracker_scene1,10,old
3452,14.8729567527771,0.05739035594823001,PBPF,cracker_scene1,10,old
3453,14.877310037612915,0.05743783419525911,PBPF,cracker_scene1,10,old
3454,14.88168978691101,0.05743783419525911,PBPF,cracker_scene1,10,old
3455,14.886578559875488,0.057391250923507386,PBPF,cracker_scene1,10,old
3456,14.890993356704712,0.05845499793351328,PBPF,cracker_scene1,10,old
3457,14.895790815353394,0.058407268707471774,PBPF,cracker_scene1,10,old
3458,14.90021800994873,0.058407268707471774,PBPF,cracker_scene1,10,old
3459,14.904428005218506,0.0584094586767501,PBPF,cracker_scene1,10,old
3460,14.908540964126587,0.0584094586767501,PBPF,cracker_scene1,10,old
3461,14.912667751312256,0.058398860579062475,PBPF,cracker_scene1,10,old
3462,14.916724920272827,0.058398860579062475,PBPF,cracker_scene1,10,old
3463,14.92089581489563,0.05839555835410367,PBPF,cracker_scene1,10,old
3464,14.924966096878052,0.05839555835410367,PBPF,cracker_scene1,10,old
3465,14.929681777954102,0.05834198966634758,PBPF,cracker_scene1,10,old
3466,14.934077262878418,0.05826034718339426,PBPF,cracker_scene1,10,old
3467,14.938701391220093,0.05823380720124045,PBPF,cracker_scene1,10,old
3468,14.942919254302979,0.05822443661815742,PBPF,cracker_scene1,10,old
3469,14.94744348526001,0.05822443661815742,PBPF,cracker_scene1,10,old
3470,14.951701641082764,0.05831861058604023,PBPF,cracker_scene1,10,old
3471,14.956121444702148,0.05831861058604023,PBPF,cracker_scene1,10,old
3472,14.960482597351074,0.05827182334314457,PBPF,cracker_scene1,10,old
3473,14.964848279953003,0.05827182334314457,PBPF,cracker_scene1,10,old
3474,14.969597339630127,0.05813686844747404,PBPF,cracker_scene1,10,old
3475,14.97385025024414,0.05813686844747404,PBPF,cracker_scene1,10,old
3476,14.978515863418579,0.05821350100957727,PBPF,cracker_scene1,10,old
3477,14.982628583908081,0.05821350100957727,PBPF,cracker_scene1,10,old
3478,14.987285614013672,0.05811866783288291,PBPF,cracker_scene1,10,old
3479,14.99137806892395,0.05811866783288291,PBPF,cracker_scene1,10,old
3480,14.996057748794556,0.058190567290542915,PBPF,cracker_scene1,10,old
3481,15.000359535217285,0.058190567290542915,PBPF,cracker_scene1,10,old
3482,15.004523992538452,0.058210024164439364,PBPF,cracker_scene1,10,old
3483,15.009345054626465,0.058210024164439364,PBPF,cracker_scene1,10,old
3484,15.01439619064331,0.05805028854076876,PBPF,cracker_scene1,10,old
3485,15.01865291595459,0.05806128411950759,PBPF,cracker_scene1,10,old
3486,15.022985696792603,0.05806128411950759,PBPF,cracker_scene1,10,old
3487,15.027451992034912,0.058012472278666675,PBPF,cracker_scene1,10,old
3488,15.03172254562378,0.058012472278666675,PBPF,cracker_scene1,10,old
3489,15.036320447921753,0.05814675239622936,PBPF,cracker_scene1,10,old
3490,15.040549039840698,0.05814675239622936,PBPF,cracker_scene1,10,old
3491,15.044955730438232,0.05810108547351733,PBPF,cracker_scene1,10,old
3492,15.049334049224854,0.05480792929215859,PBPF,cracker_scene1,10,old
3493,15.05379581451416,0.054892537564248646,PBPF,cracker_scene1,10,old
3494,15.058051824569702,0.054892537564248646,PBPF,cracker_scene1,10,old
3495,15.062498807907104,0.054831303260806374,PBPF,cracker_scene1,10,old
3496,15.066773653030396,0.054831303260806374,PBPF,cracker_scene1,10,old
3497,15.071367740631104,0.054817700974894884,PBPF,cracker_scene1,10,old
3498,15.07561707496643,0.05481571898020111,PBPF,cracker_scene1,10,old
3499,15.080008506774902,0.0547812532253394,PBPF,cracker_scene1,10,old
3500,15.084154844284058,0.0547812532253394,PBPF,cracker_scene1,10,old
3501,15.088689088821411,0.05461884706733282,PBPF,cracker_scene1,10,old
3502,15.092850923538208,0.05475799465700442,PBPF,cracker_scene1,10,old
3503,15.09740400314331,0.05477477772723454,PBPF,cracker_scene1,10,old
3504,15.101731538772583,0.054777088990332984,PBPF,cracker_scene1,10,old
3505,15.106313943862915,0.054777088990332984,PBPF,cracker_scene1,10,old
3506,15.110596895217896,0.054602827539011155,PBPF,cracker_scene1,10,old
3507,15.114793062210083,0.054602827539011155,PBPF,cracker_scene1,10,old
3508,15.11914873123169,0.054590541029634294,PBPF,cracker_scene1,10,old
3509,15.123310804367065,0.054590541029634294,PBPF,cracker_scene1,10,old
3510,15.127557039260864,0.054590541029634294,PBPF,cracker_scene1,10,old
3511,15.131981134414673,0.054735787667211135,PBPF,cracker_scene1,10,old
3512,15.136184930801392,0.054735787667211135,PBPF,cracker_scene1,10,old
3513,15.14063286781311,0.05458788814234573,PBPF,cracker_scene1,10,old
3514,15.145054340362549,0.05458883923275859,PBPF,cracker_scene1,10,old
3515,15.149285316467285,0.054630360187002784,PBPF,cracker_scene1,10,old
3516,15.153483390808105,0.054630360187002784,PBPF,cracker_scene1,10,old
3517,15.157728910446167,0.05477117527667125,PBPF,cracker_scene1,10,old
3518,15.162166833877563,0.054627094250453645,PBPF,cracker_scene1,10,old
3519,15.166563987731934,0.054627094250453645,PBPF,cracker_scene1,10,old
3520,15.170917272567749,0.05463034460284416,PBPF,cracker_scene1,10,old
3521,15.175116777420044,0.054584909691498526,PBPF,cracker_scene1,10,old
3522,15.179500579833984,0.054584909691498526,PBPF,cracker_scene1,10,old
3523,15.183837652206421,0.05469641609565218,PBPF,cracker_scene1,10,old
3524,15.18820333480835,0.05469641609565218,PBPF,cracker_scene1,10,old
3525,15.19247317314148,0.05470567573992959,PBPF,cracker_scene1,10,old
3526,15.196962594985962,0.05476397809468484,PBPF,cracker_scene1,10,old
3527,15.201392889022827,0.05476397809468484,PBPF,cracker_scene1,10,old
3528,15.20578670501709,0.05479369709250867,PBPF,cracker_scene1,10,old
3529,15.210450410842896,0.054076605562842946,PBPF,cracker_scene1,10,old
3530,15.214638948440552,0.054093567867947896,PBPF,cracker_scene1,10,old
3531,15.218973398208618,0.054093567867947896,PBPF,cracker_scene1,10,old
3532,15.22327971458435,0.054060523081433186,PBPF,cracker_scene1,10,old
3533,15.227680444717407,0.054060523081433186,PBPF,cracker_scene1,10,old
3534,15.231986999511719,0.05405136439599313,PBPF,cracker_scene1,10,old
3535,15.236434698104858,0.05400573591786116,PBPF,cracker_scene1,10,old
3536,15.24058222770691,0.05400573591786116,PBPF,cracker_scene1,10,old
3537,15.245048761367798,0.053987081568169296,PBPF,cracker_scene1,10,old
3538,15.249539613723755,0.05387619636663582,PBPF,cracker_scene1,10,old
3539,15.253779172897339,0.05387619636663582,PBPF,cracker_scene1,10,old
3540,15.258172750473022,0.053985072653469746,PBPF,cracker_scene1,10,old
3541,15.262342929840088,0.053985072653469746,PBPF,cracker_scene1,10,old
3542,15.266614198684692,0.053985072653469746,PBPF,cracker_scene1,10,old
3543,15.271024227142334,0.0539094503290444,PBPF,cracker_scene1,10,old
3544,15.275309324264526,0.05389415442634454,PBPF,cracker_scene1,10,old
3545,15.279457092285156,0.05389415442634454,PBPF,cracker_scene1,10,old
3546,15.28383469581604,0.05389415442634454,PBPF,cracker_scene1,10,old
3547,15.28838062286377,0.05379778182957408,PBPF,cracker_scene1,10,old
3548,15.292974710464478,0.0538383542660802,PBPF,cracker_scene1,10,old
3549,15.297922372817993,0.05396928565585608,PBPF,cracker_scene1,10,old
3550,15.302570343017578,0.05386063984052509,PBPF,cracker_scene1,10,old
3551,15.307002067565918,0.05386063984052509,PBPF,cracker_scene1,10,old
3552,15.311394929885864,0.05378389379464867,PBPF,cracker_scene1,10,old
3553,15.315545797348022,0.05378389379464867,PBPF,cracker_scene1,10,old
3554,15.320142269134521,0.05383035023992891,PBPF,cracker_scene1,10,old
3555,15.32431173324585,0.05383035023992891,PBPF,cracker_scene1,10,old
3556,15.329020738601685,0.05388938455038801,PBPF,cracker_scene1,10,old
3557,15.333390712738037,0.05388938455038801,PBPF,cracker_scene1,10,old
3558,15.337865591049194,0.053881547800303006,PBPF,cracker_scene1,10,old
3559,15.342070579528809,0.053881547800303006,PBPF,cracker_scene1,10,old
3560,15.346460103988647,0.05384986725155509,PBPF,cracker_scene1,10,old
3561,15.350622177124023,0.05384986725155509,PBPF,cracker_scene1,10,old
3562,15.354953289031982,0.05395892789118519,PBPF,cracker_scene1,10,old
3563,15.35923171043396,0.05395892789118519,PBPF,cracker_scene1,10,old
3564,15.364170551300049,0.05392047864360915,PBPF,cracker_scene1,10,old
3565,15.368762493133545,0.05401160265101816,PBPF,cracker_scene1,10,old
3566,15.373367071151733,0.05731851755739669,PBPF,cracker_scene1,10,old
3567,15.37793755531311,0.05732056591195918,PBPF,cracker_scene1,10,old
3568,15.382248163223267,0.05732056591195918,PBPF,cracker_scene1,10,old
3569,15.38675332069397,0.0573069715671119,PBPF,cracker_scene1,10,old
3570,15.391032695770264,0.0573069715671119,PBPF,cracker_scene1,10,old
3571,15.395517826080322,0.05721306094591978,PBPF,cracker_scene1,10,old
3572,15.399883508682251,0.05721306094591978,PBPF,cracker_scene1,10,old
3573,15.404425144195557,0.057198586634766256,PBPF,cracker_scene1,10,old
3574,15.408802032470703,0.05722421780557527,PBPF,cracker_scene1,10,old
3575,15.413288593292236,0.057188077064484,PBPF,cracker_scene1,10,old
3576,15.417671203613281,0.05728495024501585,PBPF,cracker_scene1,10,old
3577,15.422155380249023,0.05729121227357425,PBPF,cracker_scene1,10,old
3578,15.426333904266357,0.05729121227357425,PBPF,cracker_scene1,10,old
3579,15.430855989456177,0.05718404646932634,PBPF,cracker_scene1,10,old
3580,15.435081481933594,0.057269870370223394,PBPF,cracker_scene1,10,old
3581,15.439416408538818,0.057269870370223394,PBPF,cracker_scene1,10,old
3582,15.443799018859863,0.05716593678058113,PBPF,cracker_scene1,10,old
3583,15.448093175888062,0.05716593678058113,PBPF,cracker_scene1,10,old
3584,15.45242166519165,0.05721753684161364,PBPF,cracker_scene1,10,old
3585,15.456626415252686,0.05721753684161364,PBPF,cracker_scene1,10,old
3586,15.460966110229492,0.05720596752842098,PBPF,cracker_scene1,10,old
3587,15.465257406234741,0.05720596752842098,PBPF,cracker_scene1,10,old
3588,15.469687700271606,0.057097175934682234,PBPF,cracker_scene1,10,old
3589,15.473865985870361,0.057097175934682234,PBPF,cracker_scene1,10,old
3590,15.478290557861328,0.05719040934973635,PBPF,cracker_scene1,10,old
3591,15.482434034347534,0.05719040934973635,PBPF,cracker_scene1,10,old
3592,15.486745595932007,0.05718511260476585,PBPF,cracker_scene1,10,old
3593,15.491000890731812,0.05718511260476585,PBPF,cracker_scene1,10,old
3594,15.495424747467041,0.057106147741739784,PBPF,cracker_scene1,10,old
3595,15.4996919631958,0.057106147741739784,PBPF,cracker_scene1,10,old
3596,15.504188060760498,0.057241657240494036,PBPF,cracker_scene1,10,old
3597,15.508391380310059,0.057241657240494036,PBPF,cracker_scene1,10,old
3598,15.512694597244263,0.05724553281199578,PBPF,cracker_scene1,10,old
3599,15.516931056976318,0.05724553281199578,PBPF,cracker_scene1,10,old
3600,15.521725177764893,0.059032047941335715,PBPF,cracker_scene1,10,old
3601,15.52585768699646,0.059032047941335715,PBPF,cracker_scene1,10,old
3602,15.530250072479248,0.05901756077026925,PBPF,cracker_scene1,10,old
3603,15.535009145736694,0.05901756077026925,PBPF,cracker_scene1,10,old
3604,15.539578914642334,0.058931103119815934,PBPF,cracker_scene1,10,old
3605,15.544052600860596,0.058931103119815934,PBPF,cracker_scene1,10,old
3606,15.548239469528198,0.058931103119815934,PBPF,cracker_scene1,10,old
3607,15.552709102630615,0.05893098703346315,PBPF,cracker_scene1,10,old
3608,15.55699896812439,0.05893828848245807,PBPF,cracker_scene1,10,old
3609,15.561372995376587,0.058943011318765386,PBPF,cracker_scene1,10,old
3610,15.565589904785156,0.058943011318765386,PBPF,cracker_scene1,10,old
3611,15.57001280784607,0.05904508923273386,PBPF,cracker_scene1,10,old
3612,15.574122428894043,0.05904508923273386,PBPF,cracker_scene1,10,old
3613,15.578486919403076,0.05903719677159029,PBPF,cracker_scene1,10,old
3614,15.582972526550293,0.05903719677159029,PBPF,cracker_scene1,10,old
3615,15.58737301826477,0.05903409583078962,PBPF,cracker_scene1,10,old
3616,15.59171748161316,0.05903409583078962,PBPF,cracker_scene1,10,old
3617,15.595879793167114,0.05903409583078962,PBPF,cracker_scene1,10,old
3618,15.600477457046509,0.058948318638739915,PBPF,cracker_scene1,10,old
3619,15.60486650466919,0.05903093748530992,PBPF,cracker_scene1,10,old
3620,15.609142780303955,0.05903093748530992,PBPF,cracker_scene1,10,old
3621,15.613736391067505,0.05894332544026451,PBPF,cracker_scene1,10,old
3622,15.618164300918579,0.05894332544026451,PBPF,cracker_scene1,10,old
3623,15.622590780258179,0.05902214392180123,PBPF,cracker_scene1,10,old
3624,15.626857995986938,0.05902214392180123,PBPF,cracker_scene1,10,old
3625,15.631355285644531,0.05902332707957022,PBPF,cracker_scene1,10,old
3626,15.635775327682495,0.05902332707957022,PBPF,cracker_scene1,10,old
3627,15.639912843704224,0.05902332707957022,PBPF,cracker_scene1,10,old
3628,15.644279479980469,0.05902468558493448,PBPF,cracker_scene1,10,old
3629,15.64875054359436,0.059029523931561696,PBPF,cracker_scene1,10,old
3630,15.653160810470581,0.05902801813164266,PBPF,cracker_scene1,10,old
3631,15.65728235244751,0.05902801813164266,PBPF,cracker_scene1,10,old
3632,15.661828994750977,0.05894973193081455,PBPF,cracker_scene1,10,old
3633,15.666186809539795,0.05903678042036656,PBPF,cracker_scene1,10,old
3634,15.67056393623352,0.05903678042036656,PBPF,cracker_scene1,10,old
3635,15.674883127212524,0.059038803662181456,PBPF,cracker_scene1,10,old
3636,15.679267644882202,0.059038803662181456,PBPF,cracker_scene1,10,old
3637,15.683834075927734,0.05904170451734731,PBPF,cracker_scene1,10,old
3638,15.688488483428955,0.059015484261785545,PBPF,cracker_scene1,10,old
3639,15.69280743598938,0.059015484261785545,PBPF,cracker_scene1,10,old
3640,15.697428941726685,0.058930900264851344,PBPF,cracker_scene1,10,old
3641,15.702070236206055,0.058935112212858264,PBPF,cracker_scene1,10,old
3642,15.706347465515137,0.058935112212858264,PBPF,cracker_scene1,10,old
3643,15.710753202438354,0.058955553449046565,PBPF,cracker_scene1,10,old
3644,15.715029001235962,0.058955553449046565,PBPF,cracker_scene1,10,old
3645,15.719553470611572,0.05901745129211126,PBPF,cracker_scene1,10,old
3646,15.7237229347229,0.05901745129211126,PBPF,cracker_scene1,10,old
3647,15.728351354598999,0.059014324280114674,PBPF,cracker_scene1,10,old
3648,15.73270297050476,0.059014324280114674,PBPF,cracker_scene1,10,old
3649,15.737247467041016,0.058949341347365146,PBPF,cracker_scene1,10,old
3650,15.741518259048462,0.058949341347365146,PBPF,cracker_scene1,10,old
3651,15.745959043502808,0.05893851263649519,PBPF,cracker_scene1,10,old
3652,15.750323295593262,0.05893851263649519,PBPF,cracker_scene1,10,old
3653,15.75491189956665,0.05892455057562486,PBPF,cracker_scene1,10,old
3654,15.759170532226562,0.05892455057562486,PBPF,cracker_scene1,10,old
3655,15.763803958892822,0.0590154840272877,PBPF,cracker_scene1,10,old
3656,15.768415212631226,0.05892495990974576,PBPF,cracker_scene1,10,old
3657,15.772545576095581,0.05892495990974576,PBPF,cracker_scene1,10,old
3658,15.776954650878906,0.058917274861170064,PBPF,cracker_scene1,10,old
3659,15.781078577041626,0.058936728509944886,PBPF,cracker_scene1,10,old
3660,15.785123109817505,0.058936728509944886,PBPF,cracker_scene1,10,old
3661,15.789524793624878,0.05901436384613826,PBPF,cracker_scene1,10,old
3662,15.793869256973267,0.05901630106217935,PBPF,cracker_scene1,10,old
3663,15.798033952713013,0.05901630106217935,PBPF,cracker_scene1,10,old
3664,15.80238151550293,0.058923611898968914,PBPF,cracker_scene1,10,old
3665,15.807151556015015,0.058923611898968914,PBPF,cracker_scene1,10,old
3666,15.811747550964355,0.05901390570529577,PBPF,cracker_scene1,10,old
3667,15.815967321395874,0.05901390570529577,PBPF,cracker_scene1,10,old
3668,15.820559024810791,0.05893463853773696,PBPF,cracker_scene1,10,old
3669,15.824817419052124,0.05893463853773696,PBPF,cracker_scene1,10,old
3670,15.829371690750122,0.059030936660429245,PBPF,cracker_scene1,10,old
3671,15.833805561065674,0.059030936660429245,PBPF,cracker_scene1,10,old
3672,15.838273048400879,0.05895545370586539,PBPF,cracker_scene1,10,old
3673,15.84251356124878,0.05895545370586539,PBPF,cracker_scene1,10,old
3674,15.84700083732605,0.05893995198736855,PBPF,cracker_scene1,10,old
3675,15.851380825042725,0.05893395242425607,PBPF,cracker_scene1,10,old
3676,15.855706214904785,0.05893395242425607,PBPF,cracker_scene1,10,old
3677,15.859904050827026,0.05893395242425607,PBPF,cracker_scene1,10,old
3678,15.864389657974243,0.0590216648451022,PBPF,cracker_scene1,10,old
3679,15.868783235549927,0.059024137026047314,PBPF,cracker_scene1,10,old
3680,15.873138904571533,0.059024137026047314,PBPF,cracker_scene1,10,old
3681,15.877881288528442,0.05902237906296515,PBPF,cracker_scene1,10,old
3682,15.882333040237427,0.05902237906296515,PBPF,cracker_scene1,10,old
3683,15.886701822280884,0.05893983076277426,PBPF,cracker_scene1,10,old
3684,15.891106128692627,0.05893983076277426,PBPF,cracker_scene1,10,old
3685,15.895634412765503,0.05893689458309127,PBPF,cracker_scene1,10,old
3686,15.899928331375122,0.05893689458309127,PBPF,cracker_scene1,10,old
3687,15.904408693313599,0.05902436915803172,PBPF,cracker_scene1,10,old
3688,15.90851092338562,0.05902436915803172,PBPF,cracker_scene1,10,old
3689,15.91292142868042,0.05901972697715923,PBPF,cracker_scene1,10,old
3690,15.917008876800537,0.05901972697715923,PBPF,cracker_scene1,10,old
3691,15.921714544296265,0.0590190752484921,PBPF,cracker_scene1,10,old
3692,15.925907850265503,0.0590190752484921,PBPF,cracker_scene1,10,old
3693,15.930584192276001,0.05893147423236972,PBPF,cracker_scene1,10,old
3694,15.934832334518433,0.05892782139685517,PBPF,cracker_scene1,10,old
3695,15.93934178352356,0.05893216506571141,PBPF,cracker_scene1,10,old
3696,15.943605422973633,0.05902073009086581,PBPF,cracker_scene1,10,old
3697,15.948056936264038,0.05902073009086581,PBPF,cracker_scene1,10,old
3698,15.9525728225708,0.05893434416193238,PBPF,cracker_scene1,10,old
3699,15.95681643486023,0.05893434416193238,PBPF,cracker_scene1,10,old
3700,15.96127724647522,0.059011591257615945,PBPF,cracker_scene1,10,old
3701,15.965696573257446,0.059011591257615945,PBPF,cracker_scene1,10,old
3702,15.970149517059326,0.05891536625225314,PBPF,cracker_scene1,10,old
3703,15.974275827407837,0.05891536625225314,PBPF,cracker_scene1,10,old
3704,15.978591680526733,0.0590094642762346,PBPF,cracker_scene1,10,old
3705,15.9827401638031,0.0590094642762346,PBPF,cracker_scene1,10,old
3706,15.987056255340576,0.05901236245975931,PBPF,cracker_scene1,10,old
3707,15.991215467453003,0.05901236245975931,PBPF,cracker_scene1,10,old
3708,15.995948553085327,0.05904321605324896,PBPF,cracker_scene1,10,old
3709,16.00033712387085,0.0590367410498568,PBPF,cracker_scene1,10,old
3710,16.00481867790222,0.059055711114669,PBPF,cracker_scene1,10,old
3711,16.00895357131958,0.059055711114669,PBPF,cracker_scene1,10,old
3712,16.013525247573853,0.058988923692916494,PBPF,cracker_scene1,10,old
3713,16.017679452896118,0.058981779378982926,PBPF,cracker_scene1,10,old
3714,16.022311210632324,0.05897286844557101,PBPF,cracker_scene1,10,old
3715,16.02663230895996,0.058986953525269156,PBPF,cracker_scene1,10,old
3716,16.030933618545532,0.058986953525269156,PBPF,cracker_scene1,10,old
3717,16.035274982452393,0.058986953525269156,PBPF,cracker_scene1,10,old
3718,16.039698123931885,0.058931224838089324,PBPF,cracker_scene1,10,old
3719,16.044156312942505,0.058905781015601164,PBPF,cracker_scene1,10,old
3720,16.048468828201294,0.058905781015601164,PBPF,cracker_scene1,10,old
3721,16.0529363155365,0.05888602499808416,PBPF,cracker_scene1,10,old
3722,16.057230234146118,0.05888602499808416,PBPF,cracker_scene1,10,old
3723,16.061689853668213,0.05889070338414591,PBPF,cracker_scene1,10,old
3724,16.065932750701904,0.05889070338414591,PBPF,cracker_scene1,10,old
3725,16.070224285125732,0.05887111133675791,PBPF,cracker_scene1,10,old
3726,16.074305772781372,0.05887111133675791,PBPF,cracker_scene1,10,old
3727,16.078596591949463,0.05887111133675791,PBPF,cracker_scene1,10,old
3728,16.083327293395996,0.05887083968583054,PBPF,cracker_scene1,10,old
3729,16.087841510772705,0.05896751846491003,PBPF,cracker_scene1,10,old
3730,16.092110633850098,0.05887340027498269,PBPF,cracker_scene1,10,old
3731,16.096663236618042,0.0588742780157253,PBPF,cracker_scene1,10,old
3732,16.10090446472168,0.0588742780157253,PBPF,cracker_scene1,10,old
3733,16.105449438095093,0.05894336337910906,PBPF,cracker_scene1,10,old
3734,16.10973334312439,0.058849286633395975,PBPF,cracker_scene1,10,old
3735,16.11439538002014,0.058849286633395975,PBPF,cracker_scene1,10,old
3736,16.11873483657837,0.058960287577707084,PBPF,cracker_scene1,10,old
3737,16.123235940933228,0.058960287577707084,PBPF,cracker_scene1,10,old
3738,16.127673625946045,0.05888423921997199,PBPF,cracker_scene1,10,old
3739,16.13205599784851,0.05888423921997199,PBPF,cracker_scene1,10,old
3740,16.136472463607788,0.05897065176201567,PBPF,cracker_scene1,10,old
3741,16.140748500823975,0.05897065176201567,PBPF,cracker_scene1,10,old
3742,16.14530086517334,0.05886705270520799,PBPF,cracker_scene1,10,old
3743,16.149481773376465,0.05886705270520799,PBPF,cracker_scene1,10,old
3744,16.15411639213562,0.05885277689040872,PBPF,cracker_scene1,10,old
3745,16.15826439857483,0.05885277689040872,PBPF,cracker_scene1,10,old
3746,16.163109302520752,0.06042107569779532,PBPF,cracker_scene1,10,old
3747,16.167423009872437,0.06048894030418864,PBPF,cracker_scene1,10,old
3748,16.171875953674316,0.06044564496457979,PBPF,cracker_scene1,10,old
3749,16.176149129867554,0.060462871396134134,PBPF,cracker_scene1,10,old
3750,16.180492877960205,0.060462871396134134,PBPF,cracker_scene1,10,old
3751,16.18487238883972,0.060409947526404544,PBPF,cracker_scene1,10,old
3752,16.189231872558594,0.060409947526404544,PBPF,cracker_scene1,10,old
3753,16.193557024002075,0.06032574859018191,PBPF,cracker_scene1,10,old
3754,16.197974681854248,0.06032574859018191,PBPF,cracker_scene1,10,old
3755,16.202510118484497,0.06038600566881859,PBPF,cracker_scene1,10,old
3756,16.20664668083191,0.06038600566881859,PBPF,cracker_scene1,10,old
3757,16.21099090576172,0.06037859996595407,PBPF,cracker_scene1,10,old
3758,16.21509075164795,0.06037859996595407,PBPF,cracker_scene1,10,old
3759,16.219245672225952,0.06029668643572055,PBPF,cracker_scene1,10,old
3760,16.223539352416992,0.06029668643572055,PBPF,cracker_scene1,10,old
3761,16.227977752685547,0.06029973550723902,PBPF,cracker_scene1,10,old
3762,16.232696533203125,0.06029973550723902,PBPF,cracker_scene1,10,old
3763,16.237242221832275,0.06031191891052906,PBPF,cracker_scene1,10,old
3764,16.241482734680176,0.06031191891052906,PBPF,cracker_scene1,10,old
3765,16.24609637260437,0.06032497407376497,PBPF,cracker_scene1,10,old
3766,16.250218629837036,0.06032497407376497,PBPF,cracker_scene1,10,old
3767,16.254806995391846,0.0603219426875628,PBPF,cracker_scene1,10,old
3768,16.258933067321777,0.0603219426875628,PBPF,cracker_scene1,10,old
3769,16.263663053512573,0.060237148225372794,PBPF,cracker_scene1,10,old
3770,16.268105030059814,0.06031714428253003,PBPF,cracker_scene1,10,old
3771,16.272547960281372,0.06031714428253003,PBPF,cracker_scene1,10,old
3772,16.276845932006836,0.06021316507027545,PBPF,cracker_scene1,10,old
3773,16.28127884864807,0.06021316507027545,PBPF,cracker_scene1,10,old
3774,16.285612106323242,0.060207475948562315,PBPF,cracker_scene1,10,old
3775,16.28995418548584,0.060207475948562315,PBPF,cracker_scene1,10,old
3776,16.29454755783081,0.06021514169213274,PBPF,cracker_scene1,10,old
3777,16.298895120620728,0.06021514169213274,PBPF,cracker_scene1,10,old
3778,16.303319215774536,0.06025461314323021,PBPF,cracker_scene1,10,old
3779,16.307686805725098,0.06025461314323021,PBPF,cracker_scene1,10,old
3780,16.312344551086426,0.06017205606446271,PBPF,cracker_scene1,10,old
3781,16.31649160385132,0.06017205606446271,PBPF,cracker_scene1,10,old
3782,16.321122646331787,0.06022274367978669,PBPF,cracker_scene1,10,old
3783,16.325389623641968,0.059610357127336,PBPF,cracker_scene1,10,old
3784,16.329684257507324,0.05954503973499616,PBPF,cracker_scene1,10,old
3785,16.334240198135376,0.059542710114267275,PBPF,cracker_scene1,10,old
3786,16.338472604751587,0.059542710114267275,PBPF,cracker_scene1,10,old
3787,16.342941284179688,0.05953788234478802,PBPF,cracker_scene1,10,old
3788,16.347311973571777,0.05953788234478802,PBPF,cracker_scene1,10,old
3789,16.351579189300537,0.0595411675281111,PBPF,cracker_scene1,10,old
3790,16.356255769729614,0.0594726621496904,PBPF,cracker_scene1,10,old
3791,16.360520124435425,0.0594726621496904,PBPF,cracker_scene1,10,old
3792,16.36509394645691,0.059468209127360186,PBPF,cracker_scene1,10,old
3793,16.369549036026,0.059468209127360186,PBPF,cracker_scene1,10,old
3794,16.37381100654602,0.059468209127360186,PBPF,cracker_scene1,10,old
3795,16.378043174743652,0.059467117196124075,PBPF,cracker_scene1,10,old
3796,16.382580518722534,0.059467117196124075,PBPF,cracker_scene1,10,old
3797,16.386693477630615,0.05953551413846615,PBPF,cracker_scene1,10,old
3798,16.391026258468628,0.05951100609307128,PBPF,cracker_scene1,10,old
3799,16.395945072174072,0.059427572702798546,PBPF,cracker_scene1,10,old
3800,16.400545835494995,0.05952419359318432,PBPF,cracker_scene1,10,old
3801,16.40476703643799,0.05948666959356723,PBPF,cracker_scene1,10,old
3802,16.409191608428955,0.05948666959356723,PBPF,cracker_scene1,10,old
3803,16.413516521453857,0.05940550642130578,PBPF,cracker_scene1,10,old
3804,16.417919635772705,0.05940550642130578,PBPF,cracker_scene1,10,old
3805,16.422380208969116,0.059482593307720384,PBPF,cracker_scene1,10,old
3806,16.426729917526245,0.059482593307720384,PBPF,cracker_scene1,10,old
3807,16.431230545043945,0.05948250147052356,PBPF,cracker_scene1,10,old
3808,16.435750484466553,0.05949662654046985,PBPF,cracker_scene1,10,old
3809,16.44020938873291,0.05943474809575965,PBPF,cracker_scene1,10,old
3810,16.44454264640808,0.05943474809575965,PBPF,cracker_scene1,10,old
3811,16.44910740852356,0.05941200830720999,PBPF,cracker_scene1,10,old
3812,16.45336937904358,0.05941200830720999,PBPF,cracker_scene1,10,old
3813,16.457854509353638,0.05944274586794054,PBPF,cracker_scene1,10,old
3814,16.462077379226685,0.05944274586794054,PBPF,cracker_scene1,10,old
3815,16.466830492019653,0.05950545048824655,PBPF,cracker_scene1,10,old
3816,16.471182823181152,0.05941762807498901,PBPF,cracker_scene1,10,old
3817,16.47544550895691,0.05941762807498901,PBPF,cracker_scene1,10,old
3818,16.479716300964355,0.05941762807498901,PBPF,cracker_scene1,10,old
3819,16.48448657989502,0.059493596501496805,PBPF,cracker_scene1,10,old
3820,16.48909282684326,0.06100941294284096,PBPF,cracker_scene1,10,old
3821,16.493720531463623,0.060966290040386874,PBPF,cracker_scene1,10,old
3822,16.49843430519104,0.06088340846465668,PBPF,cracker_scene1,10,old
3823,16.50285792350769,0.0608520621926061,PBPF,cracker_scene1,10,old
3824,16.50714898109436,0.0608520621926061,PBPF,cracker_scene1,10,old
3825,16.51162838935852,0.06085592962060423,PBPF,cracker_scene1,10,old
3826,16.515928268432617,0.06085592962060423,PBPF,cracker_scene1,10,old
3827,16.520172595977783,0.06082270223929923,PBPF,cracker_scene1,10,old
3828,16.52458095550537,0.06082270223929923,PBPF,cracker_scene1,10,old
3829,16.529227018356323,0.060828214475896834,PBPF,cracker_scene1,10,old
3830,16.533628463745117,0.06079567747033742,PBPF,cracker_scene1,10,old
3831,16.538290977478027,0.06080160200133831,PBPF,cracker_scene1,10,old
3832,16.542641639709473,0.06088014006458767,PBPF,cracker_scene1,10,old
3833,16.547186136245728,0.060867563437913275,PBPF,cracker_scene1,10,old
3834,16.551527976989746,0.060799541612019226,PBPF,cracker_scene1,10,old
3835,16.555881023406982,0.060799541612019226,PBPF,cracker_scene1,10,old
3836,16.56035566329956,0.06085228614352936,PBPF,cracker_scene1,10,old
3837,16.564899682998657,0.06085228614352936,PBPF,cracker_scene1,10,old
3838,16.56938910484314,0.060750007213459786,PBPF,cracker_scene1,10,old
3839,16.573572635650635,0.060750007213459786,PBPF,cracker_scene1,10,old
3840,16.57798457145691,0.060743039578165015,PBPF,cracker_scene1,10,old
3841,16.582863807678223,0.060743039578165015,PBPF,cracker_scene1,10,old
3842,16.587865352630615,0.06072342795128217,PBPF,cracker_scene1,10,old
3843,16.59207057952881,0.060803064654999926,PBPF,cracker_scene1,10,old
3844,16.596539974212646,0.06076540455967552,PBPF,cracker_scene1,10,old
3845,16.600772857666016,0.06076540455967552,PBPF,cracker_scene1,10,old
3846,16.60515284538269,0.06070307633576577,PBPF,cracker_scene1,10,old
3847,16.609452486038208,0.06068586090878751,PBPF,cracker_scene1,10,old
3848,16.613507986068726,0.06068586090878751,PBPF,cracker_scene1,10,old
3849,16.617955923080444,0.06075379487313166,PBPF,cracker_scene1,10,old
3850,16.622262477874756,0.06075379487313166,PBPF,cracker_scene1,10,old
3851,16.626561880111694,0.06076141142779382,PBPF,cracker_scene1,10,old
3852,16.631110429763794,0.06076141142779382,PBPF,cracker_scene1,10,old
3853,16.63564443588257,0.06075401572762571,PBPF,cracker_scene1,10,old
3854,16.639923095703125,0.06075401572762571,PBPF,cracker_scene1,10,old
3855,16.644227981567383,0.060757235589877646,PBPF,cracker_scene1,10,old
3856,16.648662567138672,0.06250977485514447,PBPF,cracker_scene1,10,old
3857,16.653026819229126,0.06251673556120318,PBPF,cracker_scene1,10,old
3858,16.657212734222412,0.06251673556120318,PBPF,cracker_scene1,10,old
3859,16.661554098129272,0.062470005987197506,PBPF,cracker_scene1,10,old
3860,16.66570734977722,0.062470005987197506,PBPF,cracker_scene1,10,old
3861,16.6703462600708,0.06251219161151321,PBPF,cracker_scene1,10,old
3862,16.674524784088135,0.06251219161151321,PBPF,cracker_scene1,10,old
3863,16.678954362869263,0.06245631518240699,PBPF,cracker_scene1,10,old
3864,16.683055639266968,0.06245631518240699,PBPF,cracker_scene1,10,old
3865,16.687485456466675,0.06242103992063918,PBPF,cracker_scene1,10,old
3866,16.69154644012451,0.06242103992063918,PBPF,cracker_scene1,10,old
3867,16.69598913192749,0.06246362181216388,PBPF,cracker_scene1,10,old
3868,16.700239658355713,0.06246362181216388,PBPF,cracker_scene1,10,old
3869,16.704697847366333,0.0623861743297631,PBPF,cracker_scene1,10,old
3870,16.708937406539917,0.06244248668281041,PBPF,cracker_scene1,10,old
3871,16.71331810951233,0.06244248668281041,PBPF,cracker_scene1,10,old
3872,16.717416048049927,0.06244248668281041,PBPF,cracker_scene1,10,old
3873,16.721882581710815,0.06238714089763147,PBPF,cracker_scene1,10,old
3874,16.725974559783936,0.06238714089763147,PBPF,cracker_scene1,10,old
3875,16.73016881942749,0.06237260021356307,PBPF,cracker_scene1,10,old
3876,16.734748363494873,0.06237260021356307,PBPF,cracker_scene1,10,old
3877,16.73890256881714,0.06237260021356307,PBPF,cracker_scene1,10,old
3878,16.74342703819275,0.06236661243584,PBPF,cracker_scene1,10,old
3879,16.74785614013672,0.062421650800560384,PBPF,cracker_scene1,10,old
3880,16.75204300880432,0.062421650800560384,PBPF,cracker_scene1,10,old
3881,16.756484508514404,0.062421650800560384,PBPF,cracker_scene1,10,old
3882,16.760762214660645,0.06244379397830975,PBPF,cracker_scene1,10,old
3883,16.765185356140137,0.062383015279099424,PBPF,cracker_scene1,10,old
3884,16.769559621810913,0.06236882186677164,PBPF,cracker_scene1,10,old
3885,16.773829698562622,0.06236882186677164,PBPF,cracker_scene1,10,old
3886,16.77837324142456,0.06244947003548965,PBPF,cracker_scene1,10,old
3887,16.782603979110718,0.0623731951138144,PBPF,cracker_scene1,10,old
3888,16.787134170532227,0.0623731951138144,PBPF,cracker_scene1,10,old
3889,16.79143190383911,0.0623731951138144,PBPF,cracker_scene1,10,old
3890,16.795703411102295,0.0623731951138144,PBPF,cracker_scene1,10,old
3891,16.800273180007935,0.0623464883517703,PBPF,cracker_scene1,10,old
3892,16.804672718048096,0.0623464883517703,PBPF,cracker_scene1,10,old
3893,16.809369325637817,0.06312891938015945,PBPF,cracker_scene1,10,old
3894,16.813562154769897,0.06316496284786706,PBPF,cracker_scene1,10,old
3895,16.818102836608887,0.06313563535966327,PBPF,cracker_scene1,10,old
3896,16.822365522384644,0.06313563535966327,PBPF,cracker_scene1,10,old
3897,16.82676410675049,0.0630811350121477,PBPF,cracker_scene1,10,old
3898,16.831114768981934,0.0630811350121477,PBPF,cracker_scene1,10,old
3899,16.83547019958496,0.06309543916111623,PBPF,cracker_scene1,10,old
3900,16.83980369567871,0.06309543916111623,PBPF,cracker_scene1,10,old
3901,16.844236612319946,0.06303722499526333,PBPF,cracker_scene1,10,old
3902,16.848456144332886,0.06303722499526333,PBPF,cracker_scene1,10,old
3903,16.85272240638733,0.06297446490695796,PBPF,cracker_scene1,10,old
3904,16.85704255104065,0.06297446490695796,PBPF,cracker_scene1,10,old
3905,16.861242294311523,0.0630037609635406,PBPF,cracker_scene1,10,old
3906,16.865708589553833,0.0630037609635406,PBPF,cracker_scene1,10,old
3907,16.870036363601685,0.06294418285276304,PBPF,cracker_scene1,10,old
3908,16.87418031692505,0.06294418285276304,PBPF,cracker_scene1,10,old
3909,16.878398418426514,0.06297628074799938,PBPF,cracker_scene1,10,old
3910,16.882601976394653,0.06298235815540712,PBPF,cracker_scene1,10,old
3911,16.886953830718994,0.06296162912547691,PBPF,cracker_scene1,10,old
3912,16.89118528366089,0.06294081250579149,PBPF,cracker_scene1,10,old
3913,16.896111249923706,0.06296180569644455,PBPF,cracker_scene1,10,old
3914,16.900758266448975,0.06293540126851707,PBPF,cracker_scene1,10,old
3915,16.905263423919678,0.06292305202987171,PBPF,cracker_scene1,10,old
3916,16.909557580947876,0.06292305202987171,PBPF,cracker_scene1,10,old
3917,16.913934230804443,0.06291570282092078,PBPF,cracker_scene1,10,old
3918,16.918354272842407,0.06284904473035995,PBPF,cracker_scene1,10,old
3919,16.922508001327515,0.06284904473035995,PBPF,cracker_scene1,10,old
3920,16.926879167556763,0.06281270224390208,PBPF,cracker_scene1,10,old
3921,16.93112826347351,0.06281270224390208,PBPF,cracker_scene1,10,old
3922,16.93575382232666,0.06281119203539308,PBPF,cracker_scene1,10,old
3923,16.940067529678345,0.06279518484445806,PBPF,cracker_scene1,10,old
3924,16.94442319869995,0.06277456147269343,PBPF,cracker_scene1,10,old
3925,16.948694467544556,0.06277456147269343,PBPF,cracker_scene1,10,old
3926,16.953130960464478,0.06280999083423966,PBPF,cracker_scene1,10,old
3927,16.95745277404785,0.06280999083423966,PBPF,cracker_scene1,10,old
3928,16.961849689483643,0.06277102005443987,PBPF,cracker_scene1,10,old
3929,16.966202974319458,0.06277102005443987,PBPF,cracker_scene1,10,old
3930,16.970694065093994,0.061373200154097196,PBPF,cracker_scene1,10,old
3931,16.97491693496704,0.061373200154097196,PBPF,cracker_scene1,10,old
3932,16.979506492614746,0.06137521055371532,PBPF,cracker_scene1,10,old
3933,16.98366665840149,0.06137521055371532,PBPF,cracker_scene1,10,old
3934,16.988080978393555,0.061342906346888756,PBPF,cracker_scene1,10,old
3935,16.99225878715515,0.061342906346888756,PBPF,cracker_scene1,10,old
3936,16.996692419052124,0.06136549520779342,PBPF,cracker_scene1,10,old
3937,17.000761032104492,0.06136549520779342,PBPF,cracker_scene1,10,old
3938,17.00545644760132,0.061335382238641864,PBPF,cracker_scene1,10,old
3939,17.009901523590088,0.06134714086856142,PBPF,cracker_scene1,10,old
3940,17.014240980148315,0.06134714086856142,PBPF,cracker_scene1,10,old
3941,17.018592834472656,0.06131983794118538,PBPF,cracker_scene1,10,old
3942,17.022987842559814,0.06131983794118538,PBPF,cracker_scene1,10,old
3943,17.027408123016357,0.06134501783579363,PBPF,cracker_scene1,10,old
3944,17.03167748451233,0.06134501783579363,PBPF,cracker_scene1,10,old
3945,17.03623914718628,0.06133810872047364,PBPF,cracker_scene1,10,old
3946,17.040578603744507,0.06133810872047364,PBPF,cracker_scene1,10,old
3947,17.045007467269897,0.061315441883660365,PBPF,cracker_scene1,10,old
3948,17.049152612686157,0.061315441883660365,PBPF,cracker_scene1,10,old
3949,17.053349256515503,0.061334097794368436,PBPF,cracker_scene1,10,old
3950,17.057767868041992,0.061334097794368436,PBPF,cracker_scene1,10,old
3951,17.06231665611267,0.061309132531342396,PBPF,cracker_scene1,10,old
3952,17.066734790802002,0.061309132531342396,PBPF,cracker_scene1,10,old
3953,17.07112216949463,0.061306772061199784,PBPF,cracker_scene1,10,old
3954,17.07529854774475,0.061306772061199784,PBPF,cracker_scene1,10,old
3955,17.07957887649536,0.06131014973535264,PBPF,cracker_scene1,10,old
3956,17.0836079120636,0.06131014973535264,PBPF,cracker_scene1,10,old
3957,17.087977170944214,0.061285641381662155,PBPF,cracker_scene1,10,old
3958,17.092121124267578,0.061305066809553825,PBPF,cracker_scene1,10,old
3959,17.09634518623352,0.06125840202119535,PBPF,cracker_scene1,10,old
3960,17.101243019104004,0.061241243135661996,PBPF,cracker_scene1,10,old
3961,17.105681896209717,0.06123114422761498,PBPF,cracker_scene1,10,old
3962,17.110069036483765,0.06124367502118767,PBPF,cracker_scene1,10,old
3963,17.114565134048462,0.06124204729951215,PBPF,cracker_scene1,10,old
3964,17.118945360183716,0.0611999069670151,PBPF,cracker_scene1,10,old
3965,17.12344241142273,0.0611999069670151,PBPF,cracker_scene1,10,old
3966,17.12799906730652,0.06160461864753999,PBPF,cracker_scene1,10,old
3967,17.132262706756592,0.06160461864753999,PBPF,cracker_scene1,10,old
3968,17.13668704032898,0.06156143651061996,PBPF,cracker_scene1,10,old
3969,17.140971899032593,0.06156143651061996,PBPF,cracker_scene1,10,old
3970,17.14550805091858,0.0615844646906245,PBPF,cracker_scene1,10,old
3971,17.149650812149048,0.0615844646906245,PBPF,cracker_scene1,10,old
3972,17.153788566589355,0.0615844646906245,PBPF,cracker_scene1,10,old
3973,17.15852928161621,0.06154968405757702,PBPF,cracker_scene1,10,old
3974,17.1633243560791,0.06156573217132452,PBPF,cracker_scene1,10,old
3975,17.167627811431885,0.06157593461880823,PBPF,cracker_scene1,10,old
3976,17.17220377922058,0.06153108205328711,PBPF,cracker_scene1,10,old
3977,17.176868677139282,0.06146610513453147,PBPF,cracker_scene1,10,old
3978,17.18132257461548,0.061457588842060436,PBPF,cracker_scene1,10,old
3979,17.18558359146118,0.061430664145078334,PBPF,cracker_scene1,10,old
3980,17.189998149871826,0.061430664145078334,PBPF,cracker_scene1,10,old
3981,17.19428277015686,0.061414604898487025,PBPF,cracker_scene1,10,old
3982,17.198715448379517,0.061414604898487025,PBPF,cracker_scene1,10,old
3983,17.2033634185791,0.06138938505098787,PBPF,cracker_scene1,10,old
3984,17.207741022109985,0.06138938505098787,PBPF,cracker_scene1,10,old
3985,17.21192693710327,0.06134705818244014,PBPF,cracker_scene1,10,old
3986,17.216327905654907,0.06134705818244014,PBPF,cracker_scene1,10,old
3987,17.220782995224,0.06133009225554387,PBPF,cracker_scene1,10,old
3988,17.22487187385559,0.06133009225554387,PBPF,cracker_scene1,10,old
3989,17.22946810722351,0.061310115938350784,PBPF,cracker_scene1,10,old
3990,17.233972787857056,0.061310115938350784,PBPF,cracker_scene1,10,old
3991,17.238441467285156,0.06130219348696109,PBPF,cracker_scene1,10,old
3992,17.242603540420532,0.06130219348696109,PBPF,cracker_scene1,10,old
3993,17.24710440635681,0.06130652030556731,PBPF,cracker_scene1,10,old
3994,17.25150990486145,0.0613100002821378,PBPF,cracker_scene1,10,old
3995,17.25587821006775,0.0613100002821378,PBPF,cracker_scene1,10,old
3996,17.260197639465332,0.06130764499902529,PBPF,cracker_scene1,10,old
3997,17.264747619628906,0.06130764499902529,PBPF,cracker_scene1,10,old
3998,17.269070625305176,0.06128938177468626,PBPF,cracker_scene1,10,old
3999,17.27450919151306,0.06128938177468626,PBPF,cracker_scene1,10,old
4000,17.279026985168457,0.06124707461507201,PBPF,cracker_scene1,10,old
4001,17.283299207687378,0.06124707461507201,PBPF,cracker_scene1,10,old
4002,17.287981748580933,0.06121597679302891,PBPF,cracker_scene1,10,old
4003,17.29222822189331,0.06718299572832974,PBPF,cracker_scene1,10,old
4004,17.296728372573853,0.06716284790869342,PBPF,cracker_scene1,10,old
4005,17.301132917404175,0.06716368971819353,PBPF,cracker_scene1,10,old
4006,17.30526852607727,0.06714049727916595,PBPF,cracker_scene1,10,old
4007,17.309544324874878,0.06711318883816048,PBPF,cracker_scene1,10,old
4008,17.31375026702881,0.06711241779399085,PBPF,cracker_scene1,10,old
4009,17.317991971969604,0.06711415906168744,PBPF,cracker_scene1,10,old
4010,17.322185516357422,0.06709330604436901,PBPF,cracker_scene1,10,old
4011,17.326424837112427,0.06706884821798978,PBPF,cracker_scene1,10,old
4012,17.33099341392517,0.06706884821798978,PBPF,cracker_scene1,10,old
4013,17.335501432418823,0.0670748219810792,PBPF,cracker_scene1,10,old
4014,17.339714527130127,0.0670748219810792,PBPF,cracker_scene1,10,old
4015,17.34406018257141,0.06708633642699138,PBPF,cracker_scene1,10,old
4016,17.348396062850952,0.06708633642699138,PBPF,cracker_scene1,10,old
4017,17.352734804153442,0.06703208767968441,PBPF,cracker_scene1,10,old
4018,17.356976747512817,0.06703208767968441,PBPF,cracker_scene1,10,old
4019,17.361376523971558,0.06708308805953601,PBPF,cracker_scene1,10,old
4020,17.365631103515625,0.06708308805953601,PBPF,cracker_scene1,10,old
4021,17.37011408805847,0.06703355369519602,PBPF,cracker_scene1,10,old
4022,17.374295473098755,0.06703355369519602,PBPF,cracker_scene1,10,old
4023,17.378806591033936,0.06705867659497476,PBPF,cracker_scene1,10,old
4024,17.3830144405365,0.06705867659497476,PBPF,cracker_scene1,10,old
4025,17.38750982284546,0.06703380247109922,PBPF,cracker_scene1,10,old
4026,17.39168882369995,0.06703380247109922,PBPF,cracker_scene1,10,old
4027,17.396146535873413,0.06699596936899196,PBPF,cracker_scene1,10,old
4028,17.40049934387207,0.06699596936899196,PBPF,cracker_scene1,10,old
4029,17.404935836791992,0.0670112434190105,PBPF,cracker_scene1,10,old
4030,17.40937376022339,0.06695936619591723,PBPF,cracker_scene1,10,old
4031,17.41372513771057,0.06695936619591723,PBPF,cracker_scene1,10,old
4032,17.418052196502686,0.06694390680434892,PBPF,cracker_scene1,10,old
4033,17.42236828804016,0.06694390680434892,PBPF,cracker_scene1,10,old
4034,17.426636695861816,0.06695587065068359,PBPF,cracker_scene1,10,old
4035,17.431130409240723,0.06695587065068359,PBPF,cracker_scene1,10,old
4036,17.43545889854431,0.06688443275811054,PBPF,cracker_scene1,10,old
4037,17.439998149871826,0.07113035131133179,PBPF,cracker_scene1,10,old
4038,17.44450306892395,0.07109795205880622,PBPF,cracker_scene1,10,old
4039,17.448843955993652,0.07109795205880622,PBPF,cracker_scene1,10,old
4040,17.453436136245728,0.07110763682151539,PBPF,cracker_scene1,10,old
4041,17.45760178565979,0.07110763682151539,PBPF,cracker_scene1,10,old
4042,17.462040185928345,0.07107840340079372,PBPF,cracker_scene1,10,old
4043,17.466222524642944,0.07107840340079372,PBPF,cracker_scene1,10,old
4044,17.470633268356323,0.0710470648731721,PBPF,cracker_scene1,10,old
4045,17.474782466888428,0.0710470648731721,PBPF,cracker_scene1,10,old
4046,17.47933554649353,0.07103271131643892,PBPF,cracker_scene1,10,old
4047,17.48347043991089,0.07103271131643892,PBPF,cracker_scene1,10,old
4048,17.48788285255432,0.07100171192339877,PBPF,cracker_scene1,10,old
4049,17.49212145805359,0.07100171192339877,PBPF,cracker_scene1,10,old
4050,17.496642112731934,0.07103279122774403,PBPF,cracker_scene1,10,old
4051,17.50094723701477,0.07104149367275485,PBPF,cracker_scene1,10,old
4052,17.50526261329651,0.07104149367275485,PBPF,cracker_scene1,10,old
4053,17.509477615356445,0.0710043958734845,PBPF,cracker_scene1,10,old
4054,17.513819694519043,0.0710043958734845,PBPF,cracker_scene1,10,old
4055,17.518187522888184,0.07095886656352321,PBPF,cracker_scene1,10,old
4056,17.52246594429016,0.07095886656352321,PBPF,cracker_scene1,10,old
4057,17.526602506637573,0.07095886656352321,PBPF,cracker_scene1,10,old
4058,17.53082299232483,0.07094735983720357,PBPF,cracker_scene1,10,old
4059,17.535322904586792,0.07094735983720357,PBPF,cracker_scene1,10,old
4060,17.539679288864136,0.07094380016061926,PBPF,cracker_scene1,10,old
4061,17.54390025138855,0.07094380016061926,PBPF,cracker_scene1,10,old
4062,17.548205375671387,0.07094386145116748,PBPF,cracker_scene1,10,old
4063,17.552507162094116,0.07093603743305883,PBPF,cracker_scene1,10,old
4064,17.55680775642395,0.07093603743305883,PBPF,cracker_scene1,10,old
4065,17.561119318008423,0.07094387989246571,PBPF,cracker_scene1,10,old
4066,17.565537691116333,0.07096446109043562,PBPF,cracker_scene1,10,old
4067,17.569947719573975,0.07096446109043562,PBPF,cracker_scene1,10,old
4068,17.574265956878662,0.07090588344216493,PBPF,cracker_scene1,10,old
4069,17.578533172607422,0.07090588344216493,PBPF,cracker_scene1,10,old
4070,17.58279299736023,0.07090639418433856,PBPF,cracker_scene1,10,old
4071,17.587125062942505,0.07088866718056555,PBPF,cracker_scene1,10,old
4072,17.591521739959717,0.07088866718056555,PBPF,cracker_scene1,10,old
4073,17.595893144607544,0.0708840380749812,PBPF,cracker_scene1,10,old
4074,17.60048484802246,0.07547382916270044,PBPF,cracker_scene1,10,old
4075,17.604846954345703,0.0754490693129183,PBPF,cracker_scene1,10,old
4076,17.60914659500122,0.0754490693129183,PBPF,cracker_scene1,10,old
4077,17.61339831352234,0.07543263114089847,PBPF,cracker_scene1,10,old
4078,17.617634773254395,0.07543263114089847,PBPF,cracker_scene1,10,old
4079,17.621920824050903,0.07543263114089847,PBPF,cracker_scene1,10,old
4080,17.62641978263855,0.07541014444643777,PBPF,cracker_scene1,10,old
4081,17.630742073059082,0.07538205205011989,PBPF,cracker_scene1,10,old
4082,17.635014533996582,0.07539577995160537,PBPF,cracker_scene1,10,old
4083,17.639333724975586,0.07539577995160537,PBPF,cracker_scene1,10,old
4084,17.643878936767578,0.07533884556090517,PBPF,cracker_scene1,10,old
4085,17.648186206817627,0.07533884556090517,PBPF,cracker_scene1,10,old
4086,17.65247368812561,0.07532050718366122,PBPF,cracker_scene1,10,old
4087,17.65682101249695,0.07532050718366122,PBPF,cracker_scene1,10,old
4088,17.661113500595093,0.07532046203532573,PBPF,cracker_scene1,10,old
4089,17.665536403656006,0.07529393778393673,PBPF,cracker_scene1,10,old
4090,17.669860124588013,0.07526964700380316,PBPF,cracker_scene1,10,old
4091,17.67409586906433,0.07526315939681272,PBPF,cracker_scene1,10,old
4092,17.678454160690308,0.07526188914590075,PBPF,cracker_scene1,10,old
4093,17.682595014572144,0.07526188914590075,PBPF,cracker_scene1,10,old
4094,17.686771154403687,0.07526188914590075,PBPF,cracker_scene1,10,old
4095,17.691208124160767,0.07520808992012326,PBPF,cracker_scene1,10,old
4096,17.695838689804077,0.07518233070059248,PBPF,cracker_scene1,10,old
4097,17.700395822525024,0.07518632061886817,PBPF,cracker_scene1,10,old
4098,17.70501208305359,0.07516290194970565,PBPF,cracker_scene1,10,old
4099,17.70955801010132,0.07517171675206373,PBPF,cracker_scene1,10,old
4100,17.714295864105225,0.07509816103558153,PBPF,cracker_scene1,10,old
4101,17.71872043609619,0.07509264115328557,PBPF,cracker_scene1,10,old
4102,17.723052263259888,0.07509264115328557,PBPF,cracker_scene1,10,old
4103,17.727383613586426,0.07509573744772502,PBPF,cracker_scene1,10,old
4104,17.731745719909668,0.07509573744772502,PBPF,cracker_scene1,10,old
4105,17.736286163330078,0.07513314123313407,PBPF,cracker_scene1,10,old
4106,17.740488290786743,0.07513314123313407,PBPF,cracker_scene1,10,old
4107,17.74513053894043,0.07503549916106758,PBPF,cracker_scene1,10,old
4108,17.749268770217896,0.07503549916106758,PBPF,cracker_scene1,10,old
4109,17.753921270370483,0.07507175861561727,PBPF,cracker_scene1,10,old
4110,17.758198499679565,0.07507175861561727,PBPF,cracker_scene1,10,old
4111,17.76300621032715,0.07505573045585431,PBPF,cracker_scene1,10,old
4112,17.767431259155273,0.07505573045585431,PBPF,cracker_scene1,10,old
4113,17.77170991897583,0.07504646750294294,PBPF,cracker_scene1,10,old
4114,17.77582025527954,0.0750742342841385,PBPF,cracker_scene1,10,old
4115,17.78012776374817,0.07506020695832756,PBPF,cracker_scene1,10,old
4116,17.78440022468567,0.0749996499597785,PBPF,cracker_scene1,10,old
4117,17.78854537010193,0.0749996499597785,PBPF,cracker_scene1,10,old
4118,17.792853355407715,0.07496550685666863,PBPF,cracker_scene1,10,old
4119,17.797316551208496,0.07496550685666863,PBPF,cracker_scene1,10,old
4120,17.801799297332764,0.07493975388803098,PBPF,cracker_scene1,10,old
4121,17.80618190765381,0.07493975388803098,PBPF,cracker_scene1,10,old
4122,17.810508012771606,0.07494338168860355,PBPF,cracker_scene1,10,old
4123,17.814870834350586,0.07494338168860355,PBPF,cracker_scene1,10,old
4124,17.819268465042114,0.07494728806517931,PBPF,cracker_scene1,10,old
4125,17.823495626449585,0.07494728806517931,PBPF,cracker_scene1,10,old
4126,17.82802724838257,0.07494858674870322,PBPF,cracker_scene1,10,old
4127,17.832355260849,0.07494858674870322,PBPF,cracker_scene1,10,old
4128,17.836798906326294,0.07491043221694577,PBPF,cracker_scene1,10,old
4129,17.840986728668213,0.07491043221694577,PBPF,cracker_scene1,10,old
4130,17.845422983169556,0.0748972101125967,PBPF,cracker_scene1,10,old
4131,17.849462747573853,0.0748972101125967,PBPF,cracker_scene1,10,old
4132,17.85395383834839,0.07488904412056425,PBPF,cracker_scene1,10,old
4133,17.858038902282715,0.07488904412056425,PBPF,cracker_scene1,10,old
4134,17.862555980682373,0.07484991839413573,PBPF,cracker_scene1,10,old
4135,17.86691975593567,0.0748646864113192,PBPF,cracker_scene1,10,old
4136,17.871317625045776,0.0748646864113192,PBPF,cracker_scene1,10,old
4137,17.875563383102417,0.0748646864113192,PBPF,cracker_scene1,10,old
4138,17.879990339279175,0.07483345612678297,PBPF,cracker_scene1,10,old
4139,17.8840913772583,0.07472668574253706,PBPF,cracker_scene1,10,old
4140,17.888484954833984,0.0747120108125682,PBPF,cracker_scene1,10,old
4141,17.89286470413208,0.07473306277944894,PBPF,cracker_scene1,10,old
4142,17.897296667099,0.07471542279733175,PBPF,cracker_scene1,10,old
4143,17.901747703552246,0.07472558949220143,PBPF,cracker_scene1,10,old
4144,17.906248331069946,0.07470874970032805,PBPF,cracker_scene1,10,old
4145,17.910440683364868,0.07468194919155262,PBPF,cracker_scene1,10,old
4146,17.914637088775635,0.07468194919155262,PBPF,cracker_scene1,10,old
4147,17.919256925582886,0.07470433002404872,PBPF,cracker_scene1,10,old
4148,17.923909664154053,0.07559476397737123,PBPF,cracker_scene1,10,old
4149,17.9280526638031,0.07559476397737123,PBPF,cracker_scene1,10,old
4150,17.932434797286987,0.07559112842029997,PBPF,cracker_scene1,10,old
4151,17.93667769432068,0.07559112842029997,PBPF,cracker_scene1,10,old
4152,17.94098997116089,0.07555073206096828,PBPF,cracker_scene1,10,old
4153,17.945136070251465,0.07555073206096828,PBPF,cracker_scene1,10,old
4154,17.949379920959473,0.07556098872263715,PBPF,cracker_scene1,10,old
4155,17.95369029045105,0.07555966247714851,PBPF,cracker_scene1,10,old
4156,17.9578697681427,0.07555966247714851,PBPF,cracker_scene1,10,old
4157,17.962186098098755,0.07558433562623364,PBPF,cracker_scene1,10,old
4158,17.96675205230713,0.07558433562623364,PBPF,cracker_scene1,10,old
4159,17.971023082733154,0.07556151998114037,PBPF,cracker_scene1,10,old
4160,17.97524070739746,0.07546408301025659,PBPF,cracker_scene1,10,old
4161,17.979360580444336,0.07546408301025659,PBPF,cracker_scene1,10,old
4162,17.983458757400513,0.07546408301025659,PBPF,cracker_scene1,10,old
4163,17.987757921218872,0.07549751710737165,PBPF,cracker_scene1,10,old
4164,17.991883277893066,0.07549751710737165,PBPF,cracker_scene1,10,old
4165,17.99620819091797,0.07545841925036342,PBPF,cracker_scene1,10,old
4166,18.000951051712036,0.07548689545976511,PBPF,cracker_scene1,10,old
4167,18.005059480667114,0.07543467052865066,PBPF,cracker_scene1,10,old
4168,18.009474754333496,0.07540270406802539,PBPF,cracker_scene1,10,old
4169,18.013712406158447,0.07538647772101435,PBPF,cracker_scene1,10,old
4170,18.01804804801941,0.07538647772101435,PBPF,cracker_scene1,10,old
4171,18.02224326133728,0.07538647772101435,PBPF,cracker_scene1,10,old
4172,18.026651859283447,0.07540637914768412,PBPF,cracker_scene1,10,old
4173,18.030993223190308,0.07540637914768412,PBPF,cracker_scene1,10,old
4174,18.035415172576904,0.07535152517064635,PBPF,cracker_scene1,10,old
4175,18.039868116378784,0.07539657802304914,PBPF,cracker_scene1,10,old
4176,18.044262409210205,0.0753972402142751,PBPF,cracker_scene1,10,old
4177,18.048567056655884,0.07540250536515995,PBPF,cracker_scene1,10,old
4178,18.052950620651245,0.07537665539797297,PBPF,cracker_scene1,10,old
4179,18.057185888290405,0.07537665539797297,PBPF,cracker_scene1,10,old
4180,18.061549186706543,0.07532639558721482,PBPF,cracker_scene1,10,old
4181,18.065966367721558,0.07532639558721482,PBPF,cracker_scene1,10,old
4182,18.07024383544922,0.07538515871977235,PBPF,cracker_scene1,10,old
4183,18.074792623519897,0.07534086572803164,PBPF,cracker_scene1,10,old
4184,18.07910180091858,0.07528113884453605,PBPF,cracker_scene1,10,old
4185,18.08353018760681,0.07750053204942248,PBPF,cracker_scene1,10,old
4186,18.08805775642395,0.07747231763101725,PBPF,cracker_scene1,10,old
4187,18.09263300895691,0.07753264583123115,PBPF,cracker_scene1,10,old
4188,18.09718370437622,0.077410696810372,PBPF,cracker_scene1,10,old
4189,18.10198712348938,0.0773647982682734,PBPF,cracker_scene1,10,old
4190,18.10629653930664,0.0773647982682734,PBPF,cracker_scene1,10,old
4191,18.110607147216797,0.07733237496245171,PBPF,cracker_scene1,10,old
4192,18.114784240722656,0.07733237496245171,PBPF,cracker_scene1,10,old
4193,18.119160413742065,0.07742036747017693,PBPF,cracker_scene1,10,old
4194,18.12351083755493,0.07742036747017693,PBPF,cracker_scene1,10,old
4195,18.1279456615448,0.07732898134533892,PBPF,cracker_scene1,10,old
4196,18.132214307785034,0.07732898134533892,PBPF,cracker_scene1,10,old
4197,18.136743545532227,0.07726858507970412,PBPF,cracker_scene1,10,old
4198,18.140926599502563,0.07726858507970412,PBPF,cracker_scene1,10,old
4199,18.14576005935669,0.07733665409530642,PBPF,cracker_scene1,10,old
4200,18.149864196777344,0.07733665409530642,PBPF,cracker_scene1,10,old
4201,18.154408931732178,0.0772199742182196,PBPF,cracker_scene1,10,old
4202,18.158531427383423,0.0772199742182196,PBPF,cracker_scene1,10,old
4203,18.16316556930542,0.07721309727107284,PBPF,cracker_scene1,10,old
4204,18.167616605758667,0.07721309727107284,PBPF,cracker_scene1,10,old
4205,18.171905517578125,0.07714905954108615,PBPF,cracker_scene1,10,old
4206,18.17604923248291,0.07714905954108615,PBPF,cracker_scene1,10,old
4207,18.180418968200684,0.07714563905530875,PBPF,cracker_scene1,10,old
4208,18.18489646911621,0.07711649464203224,PBPF,cracker_scene1,10,old
4209,18.188990592956543,0.07711649464203224,PBPF,cracker_scene1,10,old
4210,18.193464279174805,0.07709156348258339,PBPF,cracker_scene1,10,old
4211,18.19768500328064,0.07709156348258339,PBPF,cracker_scene1,10,old
4212,18.202619791030884,0.07706726198233381,PBPF,cracker_scene1,10,old
4213,18.2068932056427,0.07706726198233381,PBPF,cracker_scene1,10,old
4214,18.211358070373535,0.07703253998161216,PBPF,cracker_scene1,10,old
4215,18.215556859970093,0.07703253998161216,PBPF,cracker_scene1,10,old
4216,18.220114946365356,0.07705364353802116,PBPF,cracker_scene1,10,old
4217,18.224344730377197,0.07705364353802116,PBPF,cracker_scene1,10,old
4218,18.228893041610718,0.07699012537987535,PBPF,cracker_scene1,10,old
4219,18.233405828475952,0.07699012537987535,PBPF,cracker_scene1,10,old
4220,18.23800039291382,0.0769618094888437,PBPF,cracker_scene1,10,old
4221,18.242419242858887,0.07691432880654787,PBPF,cracker_scene1,10,old
4222,18.246886491775513,0.07691432880654787,PBPF,cracker_scene1,10,old
4223,18.25113010406494,0.07694392055700844,PBPF,cracker_scene1,10,old
4224,18.255587100982666,0.07691928950062477,PBPF,cracker_scene1,10,old
4225,18.259888887405396,0.07689163133482084,PBPF,cracker_scene1,10,old
4226,18.264238595962524,0.07689163133482084,PBPF,cracker_scene1,10,old
4227,18.268766164779663,0.07694071535416677,PBPF,cracker_scene1,10,old
4228,18.273008584976196,0.07694071535416677,PBPF,cracker_scene1,10,old
4229,18.27745294570923,0.07686248607262554,PBPF,cracker_scene1,10,old
4230,18.281816720962524,0.07686248607262554,PBPF,cracker_scene1,10,old
4231,18.286438703536987,0.07684916701752123,PBPF,cracker_scene1,10,old
4232,18.290664434432983,0.07684916701752123,PBPF,cracker_scene1,10,old
4233,18.294997453689575,0.0768367376805383,PBPF,cracker_scene1,10,old
4234,18.299084186553955,0.0768367376805383,PBPF,cracker_scene1,10,old
4235,18.30325412750244,0.0768367376805383,PBPF,cracker_scene1,10,old
4236,18.307838439941406,0.07682999680378996,PBPF,cracker_scene1,10,old
4237,18.31235647201538,0.07678201762707634,PBPF,cracker_scene1,10,old
4238,18.316440105438232,0.07678201762707634,PBPF,cracker_scene1,10,old
4239,18.321061611175537,0.07680130132124009,PBPF,cracker_scene1,10,old
4240,18.325218439102173,0.07680130132124009,PBPF,cracker_scene1,10,old
4241,18.32983946800232,0.0767973714588634,PBPF,cracker_scene1,10,old
4242,18.334298849105835,0.0767973714588634,PBPF,cracker_scene1,10,old
4243,18.338894605636597,0.07680244255769438,PBPF,cracker_scene1,10,old
4244,18.343273401260376,0.07677024548804845,PBPF,cracker_scene1,10,old
4245,18.34761643409729,0.07677024548804845,PBPF,cracker_scene1,10,old
4246,18.3519606590271,0.07674495926271344,PBPF,cracker_scene1,10,old
4247,18.356317043304443,0.0767198352552718,PBPF,cracker_scene1,10,old
4248,18.360766649246216,0.07665812318549009,PBPF,cracker_scene1,10,old
4249,18.364917755126953,0.07665812318549009,PBPF,cracker_scene1,10,old
4250,18.368986129760742,0.07665812318549009,PBPF,cracker_scene1,10,old
4251,18.373040199279785,0.07665812318549009,PBPF,cracker_scene1,10,old
4252,18.37784481048584,0.07669107717437604,PBPF,cracker_scene1,10,old
4253,18.382110357284546,0.07669107717437604,PBPF,cracker_scene1,10,old
4254,18.38653326034546,0.07668833353073967,PBPF,cracker_scene1,10,old
4255,18.390617609024048,0.07668833353073967,PBPF,cracker_scene1,10,old
4256,18.39498782157898,0.07668250044193779,PBPF,cracker_scene1,10,old
4257,18.39906072616577,0.07668250044193779,PBPF,cracker_scene1,10,old
4258,18.403305530548096,0.07668250044193779,PBPF,cracker_scene1,10,old
4259,18.40777087211609,0.07835455558638796,PBPF,cracker_scene1,10,old
4260,18.412449598312378,0.07831821089896294,PBPF,cracker_scene1,10,old
4261,18.416535139083862,0.07831821089896294,PBPF,cracker_scene1,10,old
4262,18.420851707458496,0.07828224197504037,PBPF,cracker_scene1,10,old
4263,18.42497992515564,0.07828224197504037,PBPF,cracker_scene1,10,old
4264,18.42933678627014,0.07827131963899531,PBPF,cracker_scene1,10,old
4265,18.43354868888855,0.07827131963899531,PBPF,cracker_scene1,10,old
4266,18.437847137451172,0.07824256760541896,PBPF,cracker_scene1,10,old
4267,18.442590713500977,0.07820216982580568,PBPF,cracker_scene1,10,old
4268,18.446847200393677,0.07820216982580568,PBPF,cracker_scene1,10,old
4269,18.451018571853638,0.07820216982580568,PBPF,cracker_scene1,10,old
4270,18.455504655838013,0.07813946532105302,PBPF,cracker_scene1,10,old
4271,18.460046529769897,0.07814977489581602,PBPF,cracker_scene1,10,old
4272,18.464433193206787,0.07814977489581602,PBPF,cracker_scene1,10,old
4273,18.468682527542114,0.07813172840642256,PBPF,cracker_scene1,10,old
4274,18.473173141479492,0.07813172840642256,PBPF,cracker_scene1,10,old
4275,18.477628469467163,0.07809545556037509,PBPF,cracker_scene1,10,old
4276,18.48173213005066,0.07809545556037509,PBPF,cracker_scene1,10,old
4277,18.4864284992218,0.07800771582203439,PBPF,cracker_scene1,10,old
4278,18.490594387054443,0.07800771582203439,PBPF,cracker_scene1,10,old
4279,18.495052099227905,0.07795059389177472,PBPF,cracker_scene1,10,old
4280,18.499173164367676,0.07795059389177472,PBPF,cracker_scene1,10,old
4281,18.50365161895752,0.07799733154566564,PBPF,cracker_scene1,10,old
4282,18.507668495178223,0.07799733154566564,PBPF,cracker_scene1,10,old
4283,18.51197338104248,0.07791291121654693,PBPF,cracker_scene1,10,old
4284,18.516397714614868,0.07791291121654693,PBPF,cracker_scene1,10,old
4285,18.520418167114258,0.07791291121654693,PBPF,cracker_scene1,10,old
4286,18.52511715888977,0.07788874901139879,PBPF,cracker_scene1,10,old
4287,18.529704570770264,0.07786270150101503,PBPF,cracker_scene1,10,old
4288,18.534217357635498,0.07783343428124086,PBPF,cracker_scene1,10,old
4289,18.53845739364624,0.07783343428124086,PBPF,cracker_scene1,10,old
4290,18.54286026954651,0.07787471527590782,PBPF,cracker_scene1,10,old
4291,18.547160863876343,0.07783637702970843,PBPF,cracker_scene1,10,old
4292,18.551535606384277,0.07780852455937104,PBPF,cracker_scene1,10,old
4293,18.556220531463623,0.0777902853667297,PBPF,cracker_scene1,10,old
4294,18.560572385787964,0.07786458481663354,PBPF,cracker_scene1,10,old
4295,18.565165519714355,0.07786458481663354,PBPF,cracker_scene1,10,old
4296,18.569877862930298,0.07826760956793961,PBPF,cracker_scene1,10,old
4297,18.574079275131226,0.07826760956793961,PBPF,cracker_scene1,10,old
4298,18.578407049179077,0.07829355023970913,PBPF,cracker_scene1,10,old
4299,18.58242964744568,0.07829355023970913,PBPF,cracker_scene1,10,old
4300,18.586772203445435,0.07825058039137345,PBPF,cracker_scene1,10,old
4301,18.59078884124756,0.07825058039137345,PBPF,cracker_scene1,10,old
4302,18.595162868499756,0.07826779823032495,PBPF,cracker_scene1,10,old
4303,18.599748373031616,0.07826779823032495,PBPF,cracker_scene1,10,old
4304,18.60438871383667,0.07817389841837596,PBPF,cracker_scene1,10,old
4305,18.60858464241028,0.07817389841837596,PBPF,cracker_scene1,10,old
4306,18.613043785095215,0.0782418393328065,PBPF,cracker_scene1,10,old
4307,18.617396116256714,0.07816016256294553,PBPF,cracker_scene1,10,old
4308,18.621746301651,0.07814355364202819,PBPF,cracker_scene1,10,old
4309,18.626084566116333,0.07819399534492895,PBPF,cracker_scene1,10,old
4310,18.630403518676758,0.07819399534492895,PBPF,cracker_scene1,10,old
4311,18.634970664978027,0.0781797617886391,PBPF,cracker_scene1,10,old
4312,18.63933253288269,0.0781797617886391,PBPF,cracker_scene1,10,old
4313,18.64375376701355,0.07806166360195776,PBPF,cracker_scene1,10,old
4314,18.648107051849365,0.07806166360195776,PBPF,cracker_scene1,10,old
4315,18.652419328689575,0.07805250148532115,PBPF,cracker_scene1,10,old
4316,18.656681299209595,0.07805250148532115,PBPF,cracker_scene1,10,old
4317,18.66113591194153,0.07809539573871595,PBPF,cracker_scene1,10,old
4318,18.665399074554443,0.07809539573871595,PBPF,cracker_scene1,10,old
4319,18.669898509979248,0.07806136929111426,PBPF,cracker_scene1,10,old
4320,18.674115657806396,0.07806136929111426,PBPF,cracker_scene1,10,old
4321,18.678709506988525,0.07801463295294343,PBPF,cracker_scene1,10,old
4322,18.682767629623413,0.07801463295294343,PBPF,cracker_scene1,10,old
4323,18.687228441238403,0.07803752989734536,PBPF,cracker_scene1,10,old
4324,18.69133710861206,0.07803752989734536,PBPF,cracker_scene1,10,old
4325,18.695796966552734,0.07806171144502227,PBPF,cracker_scene1,10,old
4326,18.69996976852417,0.07806171144502227,PBPF,cracker_scene1,10,old
4327,18.704440355300903,0.07807006462234647,PBPF,cracker_scene1,10,old
4328,18.708646774291992,0.07807006462234647,PBPF,cracker_scene1,10,old
4329,18.71311354637146,0.07804046095746163,PBPF,cracker_scene1,10,old
4330,18.717396020889282,0.07805574607488154,PBPF,cracker_scene1,10,old
4331,18.721863508224487,0.07805574607488154,PBPF,cracker_scene1,10,old
4332,18.72622585296631,0.08226616166354411,PBPF,cracker_scene1,10,old
4333,18.730311393737793,0.08226616166354411,PBPF,cracker_scene1,10,old
4334,18.734726905822754,0.08226616166354411,PBPF,cracker_scene1,10,old
4335,18.7389976978302,0.08219314404723994,PBPF,cracker_scene1,10,old
4336,18.7433922290802,0.08219314404723994,PBPF,cracker_scene1,10,old
4337,18.747737407684326,0.08226580909538161,PBPF,cracker_scene1,10,old
4338,18.752322912216187,0.0822502785383388,PBPF,cracker_scene1,10,old
4339,18.756465196609497,0.0822502785383388,PBPF,cracker_scene1,10,old
4340,18.760902404785156,0.0822502785383388,PBPF,cracker_scene1,10,old
4341,18.765238046646118,0.0822502785383388,PBPF,cracker_scene1,10,old
4342,18.769714832305908,0.0821894137594579,PBPF,cracker_scene1,10,old
4343,18.774105072021484,0.08225958997465796,PBPF,cracker_scene1,10,old
4344,18.778393030166626,0.08219473562149207,PBPF,cracker_scene1,10,old
4345,18.782659769058228,0.08219473562149207,PBPF,cracker_scene1,10,old
4346,18.786942958831787,0.08219473562149207,PBPF,cracker_scene1,10,old
4347,18.791324853897095,0.082245639732495,PBPF,cracker_scene1,10,old
4348,18.79551124572754,0.082245639732495,PBPF,cracker_scene1,10,old
4349,18.79990243911743,0.08226033177031306,PBPF,cracker_scene1,10,old
4350,18.8043475151062,0.08223843101721316,PBPF,cracker_scene1,10,old
4351,18.80854296684265,0.08223843101721316,PBPF,cracker_scene1,10,old
4352,18.812957048416138,0.08225814454776233,PBPF,cracker_scene1,10,old
4353,18.81726598739624,0.08225814454776233,PBPF,cracker_scene1,10,old
4354,18.821595430374146,0.08229718766410421,PBPF,cracker_scene1,10,old
4355,18.825802087783813,0.08229718766410421,PBPF,cracker_scene1,10,old
4356,18.830246448516846,0.08212294709890934,PBPF,cracker_scene1,10,old
4357,18.834795475006104,0.0818787225847735,PBPF,cracker_scene1,10,old
4358,18.839115858078003,0.08189509818978873,PBPF,cracker_scene1,10,old
4359,18.84353518486023,0.08189509818978873,PBPF,cracker_scene1,10,old
4360,18.84796142578125,0.08185769970463731,PBPF,cracker_scene1,10,old
4361,18.852240324020386,0.08185769970463731,PBPF,cracker_scene1,10,old
4362,18.85642671585083,0.08185769970463731,PBPF,cracker_scene1,10,old
4363,18.860939025878906,0.08183372276824499,PBPF,cracker_scene1,10,old
4364,18.865156412124634,0.08182231765664488,PBPF,cracker_scene1,10,old
4365,18.869750499725342,0.08178559247576069,PBPF,cracker_scene1,10,old
4366,18.87417435646057,0.08178782267518536,PBPF,cracker_scene1,10,old
4367,18.878493309020996,0.08178782267518536,PBPF,cracker_scene1,10,old
4368,18.88282799720764,0.08176255479828887,PBPF,cracker_scene1,10,old
4369,18.887437105178833,0.08835846348014982,PBPF,cracker_scene1,10,old
4370,18.891724109649658,0.08835846348014982,PBPF,cracker_scene1,10,old
4371,18.89632749557495,0.08828730335086171,PBPF,cracker_scene1,10,old
4372,18.90046453475952,0.08828730335086171,PBPF,cracker_scene1,10,old
4373,18.905040740966797,0.08831373248550416,PBPF,cracker_scene1,10,old
4374,18.909466981887817,0.08822258969374866,PBPF,cracker_scene1,10,old
4375,18.913795471191406,0.08822258969374866,PBPF,cracker_scene1,10,old
4376,18.918133020401,0.08822592646933601,PBPF,cracker_scene1,10,old
4377,18.92248821258545,0.08822592646933601,PBPF,cracker_scene1,10,old
4378,18.926912546157837,0.08818266962629424,PBPF,cracker_scene1,10,old
4379,18.93123435974121,0.08818266962629424,PBPF,cracker_scene1,10,old
4380,18.935699701309204,0.08822399099047558,PBPF,cracker_scene1,10,old
4381,18.93997550010681,0.08822399099047558,PBPF,cracker_scene1,10,old
4382,18.94448685646057,0.0881921157213025,PBPF,cracker_scene1,10,old
4383,18.948792457580566,0.0881921157213025,PBPF,cracker_scene1,10,old
4384,18.95300054550171,0.08816193931544866,PBPF,cracker_scene1,10,old
4385,18.95752477645874,0.08816193931544866,PBPF,cracker_scene1,10,old
4386,18.9621741771698,0.08818284831129362,PBPF,cracker_scene1,10,old
4387,18.966336965560913,0.08818284831129362,PBPF,cracker_scene1,10,old
4388,18.97096300125122,0.0881663980730822,PBPF,cracker_scene1,10,old
4389,18.975183486938477,0.0881663980730822,PBPF,cracker_scene1,10,old
4390,18.979729890823364,0.08814349653569993,PBPF,cracker_scene1,10,old
4391,18.983932971954346,0.08814748136381502,PBPF,cracker_scene1,10,old
4392,18.98844337463379,0.0881370878890942,PBPF,cracker_scene1,10,old
4393,18.992722272872925,0.08804809444776729,PBPF,cracker_scene1,10,old
4394,18.997086763381958,0.08804809444776729,PBPF,cracker_scene1,10,old
4395,19.001522541046143,0.08804697998385261,PBPF,cracker_scene1,10,old
4396,19.00599431991577,0.08804697998385261,PBPF,cracker_scene1,10,old
4397,19.01028800010681,0.08807835601007954,PBPF,cracker_scene1,10,old
4398,19.014513731002808,0.08807835601007954,PBPF,cracker_scene1,10,old
4399,19.019120931625366,0.0880459794668925,PBPF,cracker_scene1,10,old
4400,19.02342176437378,0.0880459794668925,PBPF,cracker_scene1,10,old
4401,19.027868509292603,0.0880149120482806,PBPF,cracker_scene1,10,old
4402,19.032139539718628,0.0880149120482806,PBPF,cracker_scene1,10,old
4403,19.036784648895264,0.08804889090236746,PBPF,cracker_scene1,10,old
4404,19.040876626968384,0.08804889090236746,PBPF,cracker_scene1,10,old
4405,19.045236587524414,0.08801038506028541,PBPF,cracker_scene1,10,old
4406,19.049543857574463,0.08980177643682197,PBPF,cracker_scene1,10,old
4407,19.05386447906494,0.08974784605664773,PBPF,cracker_scene1,10,old
4408,19.058027505874634,0.08974784605664773,PBPF,cracker_scene1,10,old
4409,19.062793016433716,0.08964898193728674,PBPF,cracker_scene1,10,old
4410,19.067344665527344,0.08963334214377501,PBPF,cracker_scene1,10,old
4411,19.07181429862976,0.08963334214377501,PBPF,cracker_scene1,10,old
4412,19.076173782348633,0.08967257626141951,PBPF,cracker_scene1,10,old
4413,19.080710411071777,0.08967257626141951,PBPF,cracker_scene1,10,old
4414,19.08507466316223,0.08958672304781734,PBPF,cracker_scene1,10,old
4415,19.0893611907959,0.08958672304781734,PBPF,cracker_scene1,10,old
4416,19.09342098236084,0.08958672304781734,PBPF,cracker_scene1,10,old
4417,19.098200798034668,0.08961188550091444,PBPF,cracker_scene1,10,old
4418,19.103081703186035,0.08958830067601685,PBPF,cracker_scene1,10,old
4419,19.107290744781494,0.08958830067601685,PBPF,cracker_scene1,10,old
4420,19.111814498901367,0.08964968191647217,PBPF,cracker_scene1,10,old
4421,19.11590886116028,0.08964968191647217,PBPF,cracker_scene1,10,old
4422,19.12031316757202,0.08959147160487461,PBPF,cracker_scene1,10,old
4423,19.124611854553223,0.08959147160487461,PBPF,cracker_scene1,10,old
4424,19.128918170928955,0.08954650549562208,PBPF,cracker_scene1,10,old
4425,19.133167505264282,0.08954650549562208,PBPF,cracker_scene1,10,old
4426,19.137465953826904,0.08946982495414996,PBPF,cracker_scene1,10,old
4427,19.14170217514038,0.08946982495414996,PBPF,cracker_scene1,10,old
4428,19.14608931541443,0.08952694139734134,PBPF,cracker_scene1,10,old
4429,19.15065884590149,0.0894982023464697,PBPF,cracker_scene1,10,old
4430,19.155018091201782,0.0895223789429049,PBPF,cracker_scene1,10,old
4431,19.15926241874695,0.08947077982255455,PBPF,cracker_scene1,10,old
4432,19.163615465164185,0.08947077982255455,PBPF,cracker_scene1,10,old
4433,19.167831659317017,0.08947077982255455,PBPF,cracker_scene1,10,old
4434,19.1723210811615,0.0894213106963702,PBPF,cracker_scene1,10,old
4435,19.176438808441162,0.0894213106963702,PBPF,cracker_scene1,10,old
4436,19.180927991867065,0.08945204578874388,PBPF,cracker_scene1,10,old
4437,19.185189962387085,0.08939904995569209,PBPF,cracker_scene1,10,old
4438,19.189581394195557,0.08939904995569209,PBPF,cracker_scene1,10,old
4439,19.193811893463135,0.08939904995569209,PBPF,cracker_scene1,10,old
4440,19.198325395584106,0.08939950166973523,PBPF,cracker_scene1,10,old
4441,19.203118801116943,0.08940325791263277,PBPF,cracker_scene1,10,old
4442,19.207562685012817,0.08940325791263277,PBPF,cracker_scene1,10,old
4443,19.212055683135986,0.09329559053840217,PBPF,cracker_scene1,10,old
4444,19.21635103225708,0.09329559053840217,PBPF,cracker_scene1,10,old
4445,19.220812559127808,0.09329956652741145,PBPF,cracker_scene1,10,old
4446,19.225250244140625,0.09329956652741145,PBPF,cracker_scene1,10,old
4447,19.229543924331665,0.09327345812864107,PBPF,cracker_scene1,10,old
4448,19.23441433906555,0.0932400694827408,PBPF,cracker_scene1,10,old
4449,19.238869428634644,0.09323446354890277,PBPF,cracker_scene1,10,old
4450,19.243343353271484,0.09323446354890277,PBPF,cracker_scene1,10,old
4451,19.2475688457489,0.09323446354890277,PBPF,cracker_scene1,10,old
4452,19.252097129821777,0.0932192798090458,PBPF,cracker_scene1,10,old
4453,19.25643563270569,0.09322895834879771,PBPF,cracker_scene1,10,old
4454,19.26062774658203,0.09322895834879771,PBPF,cracker_scene1,10,old
4455,19.265096187591553,0.09312586787359124,PBPF,cracker_scene1,10,old
4456,19.269556999206543,0.09312586787359124,PBPF,cracker_scene1,10,old
4457,19.273900270462036,0.09324308114823394,PBPF,cracker_scene1,10,old
4458,19.278116703033447,0.09324308114823394,PBPF,cracker_scene1,10,old
4459,19.282259941101074,0.09324308114823394,PBPF,cracker_scene1,10,old
4460,19.28651714324951,0.09317753671619061,PBPF,cracker_scene1,10,old
4461,19.29083752632141,0.09317753671619061,PBPF,cracker_scene1,10,old
4462,19.295896291732788,0.09316986590742027,PBPF,cracker_scene1,10,old
4463,19.300682067871094,0.09314087601850288,PBPF,cracker_scene1,10,old
4464,19.305293798446655,0.09321275876455426,PBPF,cracker_scene1,10,old
4465,19.30959677696228,0.09321275876455426,PBPF,cracker_scene1,10,old
4466,19.314167022705078,0.09313204526114649,PBPF,cracker_scene1,10,old
4467,19.31865119934082,0.09309238363748472,PBPF,cracker_scene1,10,old
4468,19.322933435440063,0.09309238363748472,PBPF,cracker_scene1,10,old
4469,19.327389240264893,0.09315116601258674,PBPF,cracker_scene1,10,old
4470,19.33173894882202,0.09315116601258674,PBPF,cracker_scene1,10,old
4471,19.336437463760376,0.09306101583118888,PBPF,cracker_scene1,10,old
4472,19.34217643737793,0.09317702965019527,PBPF,cracker_scene1,10,old
4473,19.346569538116455,0.09315185734426394,PBPF,cracker_scene1,10,old
4474,19.351078033447266,0.09309611356391949,PBPF,cracker_scene1,10,old
4475,19.35543155670166,0.09309611356391949,PBPF,cracker_scene1,10,old
4476,19.35994529724121,0.09747003102343704,PBPF,cracker_scene1,10,old
4477,19.36433506011963,0.09747003102343704,PBPF,cracker_scene1,10,old
4478,19.36868143081665,0.09740003117636961,PBPF,cracker_scene1,10,old
4479,19.372938871383667,0.09740003117636961,PBPF,cracker_scene1,10,old
4480,19.37725567817688,0.09739851900599178,PBPF,cracker_scene1,10,old
4481,19.38168430328369,0.09739851900599178,PBPF,cracker_scene1,10,old
4482,19.386164665222168,0.09743486549477111,PBPF,cracker_scene1,10,old
4483,19.39037775993347,0.09743486549477111,PBPF,cracker_scene1,10,old
4484,19.394730806350708,0.09746722760284628,PBPF,cracker_scene1,10,old
4485,19.3990216255188,0.09746722760284628,PBPF,cracker_scene1,10,old
4486,19.40343999862671,0.09740810083093808,PBPF,cracker_scene1,10,old
4487,19.40781569480896,0.09740810083093808,PBPF,cracker_scene1,10,old
4488,19.4120192527771,0.09740303147165014,PBPF,cracker_scene1,10,old
4489,19.416232585906982,0.09740303147165014,PBPF,cracker_scene1,10,old
4490,19.420777797698975,0.09740062806934134,PBPF,cracker_scene1,10,old
4491,19.424911499023438,0.09740062806934134,PBPF,cracker_scene1,10,old
4492,19.429538011550903,0.09739009551187078,PBPF,cracker_scene1,10,old
4493,19.433808088302612,0.09739009551187078,PBPF,cracker_scene1,10,old
4494,19.43838095664978,0.09753515771384184,PBPF,cracker_scene1,10,old
4495,19.442641496658325,0.09753515771384184,PBPF,cracker_scene1,10,old
4496,19.447046041488647,0.09745968412456389,PBPF,cracker_scene1,10,old
4497,19.451382875442505,0.09739083461631982,PBPF,cracker_scene1,10,old
4498,19.455625295639038,0.09739083461631982,PBPF,cracker_scene1,10,old
4499,19.459966897964478,0.09750928885833689,PBPF,cracker_scene1,10,old
4500,19.464444160461426,0.09750928885833689,PBPF,cracker_scene1,10,old
4501,19.468869924545288,0.09748568570315132,PBPF,cracker_scene1,10,old
4502,19.47315812110901,0.09748568570315132,PBPF,cracker_scene1,10,old
4503,19.477514505386353,0.09747976237139339,PBPF,cracker_scene1,10,old
4504,19.4818434715271,0.09747976237139339,PBPF,cracker_scene1,10,old
4505,19.48652195930481,0.09736873574354439,PBPF,cracker_scene1,10,old
4506,19.490728855133057,0.09736873574354439,PBPF,cracker_scene1,10,old
4507,19.495251655578613,0.09747831687416131,PBPF,cracker_scene1,10,old
4508,19.49965810775757,0.09747831687416131,PBPF,cracker_scene1,10,old
4509,19.503881216049194,0.09738085636017188,PBPF,cracker_scene1,10,old
4510,19.508025884628296,0.09738085636017188,PBPF,cracker_scene1,10,old
4511,19.512327194213867,0.09737930648742196,PBPF,cracker_scene1,10,old
4512,19.516441106796265,0.09737930648742196,PBPF,cracker_scene1,10,old
4513,19.520729303359985,0.09745274354843755,PBPF,cracker_scene1,10,old
4514,19.524823427200317,0.09745274354843755,PBPF,cracker_scene1,10,old
4515,19.529181241989136,0.09734828597644504,PBPF,cracker_scene1,10,old
4516,19.53385639190674,0.09734828597644504,PBPF,cracker_scene1,10,old
4517,19.538454294204712,0.09750717232102558,PBPF,cracker_scene1,10,old
4518,19.542647123336792,0.09744900314456933,PBPF,cracker_scene1,10,old
4519,19.54699993133545,0.09744900314456933,PBPF,cracker_scene1,10,old
4520,19.551397562026978,0.09744097441667122,PBPF,cracker_scene1,10,old
4521,19.555729389190674,0.09744097441667122,PBPF,cracker_scene1,10,old
4522,19.560086965560913,0.09733541389873551,PBPF,cracker_scene1,10,old
4523,19.56424045562744,0.09733541389873551,PBPF,cracker_scene1,10,old
4524,19.568835020065308,0.09748380211381416,PBPF,cracker_scene1,10,old
4525,19.57308006286621,0.09748380211381416,PBPF,cracker_scene1,10,old
4526,19.577228784561157,0.09746151508104703,PBPF,cracker_scene1,10,old
4527,19.58178687095642,0.09746151508104703,PBPF,cracker_scene1,10,old
4528,19.586283922195435,0.09736684821958143,PBPF,cracker_scene1,10,old
4529,19.590540885925293,0.09736684821958143,PBPF,cracker_scene1,10,old
4530,19.5951509475708,0.09747031240718292,PBPF,cracker_scene1,10,old
4531,19.599419832229614,0.09747031240718292,PBPF,cracker_scene1,10,old
4532,19.60394287109375,0.09747528459109342,PBPF,cracker_scene1,10,old
4533,19.60801386833191,0.09747528459109342,PBPF,cracker_scene1,10,old
4534,19.61258578300476,0.09748827688080142,PBPF,cracker_scene1,10,old
4535,19.616721153259277,0.09748827688080142,PBPF,cracker_scene1,10,old
4536,19.62127137184143,0.09744438110819735,PBPF,cracker_scene1,10,old
4537,19.625417232513428,0.09744438110819735,PBPF,cracker_scene1,10,old
4538,19.6299045085907,0.09744071351330405,PBPF,cracker_scene1,10,old
4539,19.63400912284851,0.09744071351330405,PBPF,cracker_scene1,10,old
4540,19.638602018356323,0.097481963701582,PBPF,cracker_scene1,10,old
4541,19.64296865463257,0.09744633570303535,PBPF,cracker_scene1,10,old
4542,19.647334575653076,0.09744633570303535,PBPF,cracker_scene1,10,old
4543,19.65188765525818,0.09746404697475364,PBPF,cracker_scene1,10,old
4544,19.656111240386963,0.09746404697475364,PBPF,cracker_scene1,10,old
4545,19.66074800491333,0.09750388169362705,PBPF,cracker_scene1,10,old
4546,19.665141105651855,0.09750388169362705,PBPF,cracker_scene1,10,old
4547,19.669570922851562,0.09742785460252709,PBPF,cracker_scene1,10,old
4548,19.673826694488525,0.09742785460252709,PBPF,cracker_scene1,10,old
4549,19.678276300430298,0.09735585692965829,PBPF,cracker_scene1,10,old
4550,19.682483434677124,0.09735585692965829,PBPF,cracker_scene1,10,old
4551,19.686908721923828,0.09735174074558167,PBPF,cracker_scene1,10,old
4552,19.691170692443848,0.09735174074558167,PBPF,cracker_scene1,10,old
4553,19.695621728897095,0.09739665261439061,PBPF,cracker_scene1,10,old
4554,19.70001482963562,0.09739665261439061,PBPF,cracker_scene1,10,old
4555,19.704465866088867,0.09748020184974689,PBPF,cracker_scene1,10,old
4556,19.70852541923523,0.09748020184974689,PBPF,cracker_scene1,10,old
4557,19.713014364242554,0.09745367354879375,PBPF,cracker_scene1,10,old
4558,19.71717882156372,0.09737119542994874,PBPF,cracker_scene1,10,old
4559,19.72183918952942,0.09737119542994874,PBPF,cracker_scene1,10,old
4560,19.726004362106323,0.09746858597378573,PBPF,cracker_scene1,10,old
4561,19.730523824691772,0.09744862697033657,PBPF,cracker_scene1,10,old
4562,19.734983205795288,0.09744628445786169,PBPF,cracker_scene1,10,old
4563,19.739139080047607,0.09744628445786169,PBPF,cracker_scene1,10,old
4564,19.743481636047363,0.0974475806709542,PBPF,cracker_scene1,10,old
4565,19.74770998954773,0.09736988327592677,PBPF,cracker_scene1,10,old
4566,19.752052545547485,0.09746520231169599,PBPF,cracker_scene1,10,old
4567,19.756093978881836,0.09746520231169599,PBPF,cracker_scene1,10,old
4568,19.76054096221924,0.0974730336242765,PBPF,cracker_scene1,10,old
4569,19.765124797821045,0.0974730336242765,PBPF,cracker_scene1,10,old
4570,19.769540071487427,0.09735505959417871,PBPF,cracker_scene1,10,old
4571,19.77379274368286,0.09735505959417871,PBPF,cracker_scene1,10,old
4572,19.778231859207153,0.09737755242698455,PBPF,cracker_scene1,10,old
4573,19.782512426376343,0.09737755242698455,PBPF,cracker_scene1,10,old
4574,19.78715181350708,0.09748085224795021,PBPF,cracker_scene1,10,old
4575,19.79138731956482,0.09748085224795021,PBPF,cracker_scene1,10,old
4576,19.796005249023438,0.09747736754853985,PBPF,cracker_scene1,10,old
4577,19.8003249168396,0.09747736754853985,PBPF,cracker_scene1,10,old
4578,19.804897785186768,0.09737302227790737,PBPF,cracker_scene1,10,old
4579,19.809091329574585,0.09738189586439054,PBPF,cracker_scene1,10,old
4580,19.81356120109558,0.0973752603834068,PBPF,cracker_scene1,10,old
4581,19.81771755218506,0.09735771843857473,PBPF,cracker_scene1,10,old
4582,19.821975708007812,0.09735771843857473,PBPF,cracker_scene1,10,old
4583,19.82650876045227,0.09743429838906027,PBPF,cracker_scene1,10,old
4584,19.831000566482544,0.09743429838906027,PBPF,cracker_scene1,10,old
4585,19.83548140525818,0.09748628657368161,PBPF,cracker_scene1,10,old
4586,19.839694261550903,0.09748628657368161,PBPF,cracker_scene1,10,old
4587,19.8442440032959,0.0974419885051924,PBPF,cracker_scene1,10,old
4588,19.848559379577637,0.0974419885051924,PBPF,cracker_scene1,10,old
4589,19.85307812690735,0.09737490653402579,PBPF,cracker_scene1,10,old
4590,19.857165098190308,0.09737490653402579,PBPF,cracker_scene1,10,old
4591,19.861716508865356,0.09737941557792944,PBPF,cracker_scene1,10,old
4592,19.86590313911438,0.09737941557792944,PBPF,cracker_scene1,10,old
4593,19.870478868484497,0.09735201579384953,PBPF,cracker_scene1,10,old
4594,19.87458062171936,0.09735201579384953,PBPF,cracker_scene1,10,old
4595,19.879100799560547,0.0974639246347083,PBPF,cracker_scene1,10,old
4596,19.88335108757019,0.0974639246347083,PBPF,cracker_scene1,10,old
4597,19.88775372505188,0.09744893811027303,PBPF,cracker_scene1,10,old
4598,19.89201045036316,0.09747767508212553,PBPF,cracker_scene1,10,old
4599,19.89663815498352,0.09748324386853399,PBPF,cracker_scene1,10,old
4600,19.901010751724243,0.09743359893624458,PBPF,cracker_scene1,10,old
4601,19.905306577682495,0.09743359893624458,PBPF,cracker_scene1,10,old
4602,19.909616231918335,0.09738446066594873,PBPF,cracker_scene1,10,old
4603,19.91398525238037,0.09738446066594873,PBPF,cracker_scene1,10,old
4604,19.918335437774658,0.09738154477335555,PBPF,cracker_scene1,10,old
4605,19.922767639160156,0.09738154477335555,PBPF,cracker_scene1,10,old
4606,19.927103996276855,0.09743743999158092,PBPF,cracker_scene1,10,old
4607,19.93149447441101,0.09743743999158092,PBPF,cracker_scene1,10,old
4608,19.93595242500305,0.09744519393405236,PBPF,cracker_scene1,10,old
4609,19.940052270889282,0.09744519393405236,PBPF,cracker_scene1,10,old
4610,19.94439435005188,0.09748874710809005,PBPF,cracker_scene1,10,old
4611,19.948476314544678,0.09748874710809005,PBPF,cracker_scene1,10,old
4612,19.952868223190308,0.09749055594292494,PBPF,cracker_scene1,10,old
4613,19.956907033920288,0.09749055594292494,PBPF,cracker_scene1,10,old
4614,19.961679458618164,0.09748694463105857,PBPF,cracker_scene1,10,old
4615,19.96611189842224,0.09748694463105857,PBPF,cracker_scene1,10,old
4616,19.970502376556396,0.09745793647558482,PBPF,cracker_scene1,10,old
4617,19.974912643432617,0.09745793647558482,PBPF,cracker_scene1,10,old
4618,19.979349374771118,0.09748672714999596,PBPF,cracker_scene1,10,old
4619,19.983652353286743,0.09748672714999596,PBPF,cracker_scene1,10,old
4620,19.98806357383728,0.09745118935560174,PBPF,cracker_scene1,10,old
4621,19.99246120452881,0.09745118935560174,PBPF,cracker_scene1,10,old
4622,19.9967782497406,0.0974921079271491,PBPF,cracker_scene1,10,old
4623,20.0011625289917,0.0974921079271491,PBPF,cracker_scene1,10,old
4624,20.005642652511597,0.09748782363829257,PBPF,cracker_scene1,10,old
4625,20.0098078250885,0.09748782363829257,PBPF,cracker_scene1,10,old
4626,20.01448702812195,0.0974634036910185,PBPF,cracker_scene1,10,old
4627,20.018908739089966,0.09738658798880076,PBPF,cracker_scene1,10,old
4628,20.023207187652588,0.0973846381305078,PBPF,cracker_scene1,10,old
4629,20.027594566345215,0.0973846381305078,PBPF,cracker_scene1,10,old
4630,20.032323598861694,0.09744583700472459,PBPF,cracker_scene1,10,old
4631,20.036874294281006,0.0974893325243921,PBPF,cracker_scene1,10,old
4632,20.04125690460205,0.0974893325243921,PBPF,cracker_scene1,10,old
4633,20.04597020149231,0.09745913387831574,PBPF,cracker_scene1,10,old
4634,20.050090312957764,0.09745913387831574,PBPF,cracker_scene1,10,old
4635,20.055143356323242,0.09736454207439464,PBPF,cracker_scene1,10,old
4636,20.059377670288086,0.09749255359118324,PBPF,cracker_scene1,10,old
4637,20.063865184783936,0.09749255359118324,PBPF,cracker_scene1,10,old
4638,20.068395614624023,0.09745412331865487,PBPF,cracker_scene1,10,old
4639,20.073033094406128,0.09745412331865487,PBPF,cracker_scene1,10,old
4640,20.077150106430054,0.09745412331865487,PBPF,cracker_scene1,10,old
4641,20.081782579421997,0.09750091685578259,PBPF,cracker_scene1,10,old
4642,20.08632493019104,0.09750091685578259,PBPF,cracker_scene1,10,old
4643,20.090903282165527,0.09736284373244938,PBPF,cracker_scene1,10,old
4644,20.095597505569458,0.09738012822766924,PBPF,cracker_scene1,10,old
4645,20.099743366241455,0.09738012822766924,PBPF,cracker_scene1,10,old
4646,20.10439968109131,0.09738065474337611,PBPF,cracker_scene1,10,old
4647,20.10865592956543,0.09747392185092643,PBPF,cracker_scene1,10,old
4648,20.11325240135193,0.0974630436891123,PBPF,cracker_scene1,10,old
4649,20.117429971694946,0.09748826575354963,PBPF,cracker_scene1,10,old
4650,20.122233390808105,0.09748759290030884,PBPF,cracker_scene1,10,old
4651,20.126720666885376,0.09747694611881544,PBPF,cracker_scene1,10,old
4652,20.131473302841187,0.09747694611881544,PBPF,cracker_scene1,10,old
4653,20.136224508285522,0.09738038919486804,PBPF,cracker_scene1,10,old
4654,20.14035201072693,0.09738038919486804,PBPF,cracker_scene1,10,old
4655,20.144908905029297,0.09748734671448062,PBPF,cracker_scene1,10,old
4656,20.149068355560303,0.09748734671448062,PBPF,cracker_scene1,10,old
4657,20.153483867645264,0.09740995497679412,PBPF,cracker_scene1,10,old
4658,20.157643795013428,0.09740995497679412,PBPF,cracker_scene1,10,old
4659,20.162142515182495,0.09738268689370286,PBPF,cracker_scene1,10,old
4660,20.167064666748047,0.09744972266414137,PBPF,cracker_scene1,10,old
4661,20.171825408935547,0.09744597909127514,PBPF,cracker_scene1,10,old
4662,20.176253080368042,0.09744381589720616,PBPF,cracker_scene1,10,old
4663,20.180732488632202,0.09744778777887046,PBPF,cracker_scene1,10,old
4664,20.18514847755432,0.09748270720272403,PBPF,cracker_scene1,10,old
4665,20.189507007598877,0.09748457205557236,PBPF,cracker_scene1,10,old
4666,20.194254398345947,0.09738057136126775,PBPF,cracker_scene1,10,old
4667,20.198681354522705,0.09738057136126775,PBPF,cracker_scene1,10,old
4668,20.20346236228943,0.09747034037430687,PBPF,cracker_scene1,10,old
4669,20.207593202590942,0.09747034037430687,PBPF,cracker_scene1,10,old
4670,20.212013244628906,0.0973727421229109,PBPF,cracker_scene1,10,old
4671,20.216270685195923,0.0973727421229109,PBPF,cracker_scene1,10,old
4672,20.22079372406006,0.09737210882547584,PBPF,cracker_scene1,10,old
4673,20.225013971328735,0.09737210882547584,PBPF,cracker_scene1,10,old
4674,20.22921848297119,0.09746004346620969,PBPF,cracker_scene1,10,old
4675,20.233657121658325,0.09751228661378838,PBPF,cracker_scene1,10,old
4676,20.238122701644897,0.0975120174459457,PBPF,cracker_scene1,10,old
4677,20.242343187332153,0.09745496426291281,PBPF,cracker_scene1,10,old
4678,20.246876001358032,0.09745496426291281,PBPF,cracker_scene1,10,old
4679,20.251057624816895,0.09745123617207052,PBPF,cracker_scene1,10,old
4680,20.255475521087646,0.09745123617207052,PBPF,cracker_scene1,10,old
4681,20.260055780410767,0.09746493687959867,PBPF,cracker_scene1,10,old
4682,20.26445484161377,0.09746493687959867,PBPF,cracker_scene1,10,old
4683,20.26884436607361,0.09736698175336858,PBPF,cracker_scene1,10,old
4684,20.273020267486572,0.09736698175336858,PBPF,cracker_scene1,10,old
4685,20.27759075164795,0.09744784025692015,PBPF,cracker_scene1,10,old
4686,20.281777381896973,0.09744784025692015,PBPF,cracker_scene1,10,old
4687,20.286335706710815,0.0973698234403369,PBPF,cracker_scene1,10,old
4688,20.290526151657104,0.0973698234403369,PBPF,cracker_scene1,10,old
4689,20.295253038406372,0.09743527254484215,PBPF,cracker_scene1,10,old
4690,20.299458742141724,0.09743527254484215,PBPF,cracker_scene1,10,old
4691,20.304121732711792,0.09750858000766659,PBPF,cracker_scene1,10,old
4692,20.308298349380493,0.09745549079980809,PBPF,cracker_scene1,10,old
4693,20.312780380249023,0.09745793963082115,PBPF,cracker_scene1,10,old
4694,20.317005395889282,0.09735371172084735,PBPF,cracker_scene1,10,old
4695,20.321350812911987,0.09735371172084735,PBPF,cracker_scene1,10,old
4696,20.325613021850586,0.09735238063388871,PBPF,cracker_scene1,10,old
4697,20.33016324043274,0.09738870799558459,PBPF,cracker_scene1,10,old
4698,20.334479570388794,0.09738870799558459,PBPF,cracker_scene1,10,old
4699,20.33892297744751,0.0974769755293526,PBPF,cracker_scene1,10,old
4700,20.343541860580444,0.09735145299986028,PBPF,cracker_scene1,10,old
4701,20.347889184951782,0.09735145299986028,PBPF,cracker_scene1,10,old
4702,20.352394104003906,0.09744799667691274,PBPF,cracker_scene1,10,old
4703,20.356759786605835,0.09744799667691274,PBPF,cracker_scene1,10,old
4704,20.361282348632812,0.09750350652257399,PBPF,cracker_scene1,10,old
4705,20.365803718566895,0.09750350652257399,PBPF,cracker_scene1,10,old
4706,20.37030029296875,0.09735696001798995,PBPF,cracker_scene1,10,old
4707,20.374564170837402,0.09735696001798995,PBPF,cracker_scene1,10,old
4708,20.37894034385681,0.09746003533676721,PBPF,cracker_scene1,10,old
4709,20.383272409439087,0.09746003533676721,PBPF,cracker_scene1,10,old
4710,20.387805938720703,0.0973838556029342,PBPF,cracker_scene1,10,old
4711,20.391902923583984,0.0973838556029342,PBPF,cracker_scene1,10,old
4712,20.396403074264526,0.09737409757860116,PBPF,cracker_scene1,10,old
4713,20.40057682991028,0.09737409757860116,PBPF,cracker_scene1,10,old
4714,20.405681848526,0.09738668667565008,PBPF,cracker_scene1,10,old
4715,20.410202503204346,0.09745151576636779,PBPF,cracker_scene1,10,old
4716,20.414661645889282,0.09745151576636779,PBPF,cracker_scene1,10,old
4717,20.418888568878174,0.09745151576636779,PBPF,cracker_scene1,10,old
4718,20.42350459098816,0.0974721975480945,PBPF,cracker_scene1,10,old
4719,20.427604913711548,0.0974721975480945,PBPF,cracker_scene1,10,old
4720,20.43207883834839,0.09735820446384821,PBPF,cracker_scene1,10,old
4721,20.43641996383667,0.09735820446384821,PBPF,cracker_scene1,10,old
4722,20.44076132774353,0.09751029176584976,PBPF,cracker_scene1,10,old
4723,20.445497035980225,0.09745503165896352,PBPF,cracker_scene1,10,old
4724,20.44992232322693,0.09745503165896352,PBPF,cracker_scene1,10,old
4725,20.45439648628235,0.09746054795473168,PBPF,cracker_scene1,10,old
4726,20.458768844604492,0.09746054795473168,PBPF,cracker_scene1,10,old
4727,20.463123083114624,0.09735942416265803,PBPF,cracker_scene1,10,old
4728,20.467352390289307,0.09735942416265803,PBPF,cracker_scene1,10,old
4729,20.471899271011353,0.0975332139134455,PBPF,cracker_scene1,10,old
4730,20.476189136505127,0.09736611123577142,PBPF,cracker_scene1,10,old
4731,20.480539321899414,0.09736988099017685,PBPF,cracker_scene1,10,old
4732,20.485122203826904,0.09746290684035333,PBPF,cracker_scene1,10,old
4733,20.489330053329468,0.09746290684035333,PBPF,cracker_scene1,10,old
4734,20.493653297424316,0.09737543827410389,PBPF,cracker_scene1,10,old
4735,20.497947692871094,0.09737543827410389,PBPF,cracker_scene1,10,old
4736,20.50228714942932,0.09744996101796138,PBPF,cracker_scene1,10,old
4737,20.506592988967896,0.09744996101796138,PBPF,cracker_scene1,10,old
4738,20.510965824127197,0.09745634797350103,PBPF,cracker_scene1,10,old
4739,20.515214204788208,0.09745634797350103,PBPF,cracker_scene1,10,old
4740,20.51969075202942,0.09742711103187136,PBPF,cracker_scene1,10,old
4741,20.523881673812866,0.09742711103187136,PBPF,cracker_scene1,10,old
4742,20.52825093269348,0.09750544719072247,PBPF,cracker_scene1,10,old
4743,20.532512187957764,0.09750544719072247,PBPF,cracker_scene1,10,old
4744,20.537227630615234,0.09747497718804836,PBPF,cracker_scene1,10,old
4745,20.54136037826538,0.09747497718804836,PBPF,cracker_scene1,10,old
4746,20.545979022979736,0.09753444415677212,PBPF,cracker_scene1,10,old
4747,20.550227165222168,0.09753444415677212,PBPF,cracker_scene1,10,old
4748,20.55469822883606,0.09745311225849652,PBPF,cracker_scene1,10,old
4749,20.55898427963257,0.09745311225849652,PBPF,cracker_scene1,10,old
4750,20.563486576080322,0.09735014567797486,PBPF,cracker_scene1,10,old
4751,20.56783652305603,0.09735014567797486,PBPF,cracker_scene1,10,old
4752,20.572287559509277,0.09737436901998385,PBPF,cracker_scene1,10,old
4753,20.576630115509033,0.09737664441292719,PBPF,cracker_scene1,10,old
4754,20.580765962600708,0.09737664441292719,PBPF,cracker_scene1,10,old
4755,20.585006952285767,0.09756017743060356,PBPF,cracker_scene1,10,old
4756,20.589277982711792,0.09756017743060356,PBPF,cracker_scene1,10,old
4757,20.59341859817505,0.09744185724721403,PBPF,cracker_scene1,10,old
4758,20.597578763961792,0.09744185724721403,PBPF,cracker_scene1,10,old
4759,20.601627111434937,0.09744185724721403,PBPF,cracker_scene1,10,old
4760,20.605761289596558,0.09744185724721403,PBPF,cracker_scene1,10,old
4761,20.610584259033203,0.09747471977984803,PBPF,cracker_scene1,10,old
4762,20.615768909454346,0.09748004189945127,PBPF,cracker_scene1,10,old
4763,20.620519399642944,0.0974948692828872,PBPF,cracker_scene1,10,old
4764,20.624862670898438,0.0974948692828872,PBPF,cracker_scene1,10,old
4765,20.629377365112305,0.0974857590754042,PBPF,cracker_scene1,10,old
4766,20.63407802581787,0.0974546132547661,PBPF,cracker_scene1,10,old
4767,20.638527870178223,0.0974546132547661,PBPF,cracker_scene1,10,old
4768,20.642869472503662,0.09748443463527995,PBPF,cracker_scene1,10,old
4769,20.64731764793396,0.09748443463527995,PBPF,cracker_scene1,10,old
4770,20.65178108215332,0.09750502142589026,PBPF,cracker_scene1,10,old
4771,20.656139850616455,0.09750502142589026,PBPF,cracker_scene1,10,old
4772,20.66044783592224,0.0974831989508955,PBPF,cracker_scene1,10,old
4773,20.664907217025757,0.0974831989508955,PBPF,cracker_scene1,10,old
4774,20.66932487487793,0.09733988111757347,PBPF,cracker_scene1,10,old
4775,20.67360281944275,0.09733988111757347,PBPF,cracker_scene1,10,old
4776,20.678091764450073,0.09747737992730372,PBPF,cracker_scene1,10,old
4777,20.682197332382202,0.09747737992730372,PBPF,cracker_scene1,10,old
4778,20.686511039733887,0.09739980238721321,PBPF,cracker_scene1,10,old
4779,20.69054675102234,0.09739980238721321,PBPF,cracker_scene1,10,old
4780,20.694674968719482,0.09739980238721321,PBPF,cracker_scene1,10,old
4781,20.699260473251343,0.09739980238721321,PBPF,cracker_scene1,10,old
4782,20.703938245773315,0.09754663259717136,PBPF,cracker_scene1,10,old
4783,20.70846724510193,0.09749666142073511,PBPF,cracker_scene1,10,old
4784,20.713014841079712,0.09748947911309014,PBPF,cracker_scene1,10,old
4785,20.7190842628479,0.09749542115122212,PBPF,cracker_scene1,10,old
4786,20.72332501411438,0.09749542115122212,PBPF,cracker_scene1,10,old
4787,20.72806692123413,0.09748216964876281,PBPF,cracker_scene1,10,old
4788,20.732454538345337,0.09748216964876281,PBPF,cracker_scene1,10,old
4789,20.737112760543823,0.09749488815687052,PBPF,cracker_scene1,10,old
4790,20.741277933120728,0.09749488815687052,PBPF,cracker_scene1,10,old
4791,20.74601149559021,0.09737945685445742,PBPF,cracker_scene1,10,old
4792,20.75047755241394,0.09737945685445742,PBPF,cracker_scene1,10,old
4793,20.75505232810974,0.09748573039583618,PBPF,cracker_scene1,10,old
4794,20.759392976760864,0.09748573039583618,PBPF,cracker_scene1,10,old
4795,20.763811111450195,0.09739081600766414,PBPF,cracker_scene1,10,old
4796,20.76828145980835,0.09749278292303039,PBPF,cracker_scene1,10,old
4797,20.77266240119934,0.09749278292303039,PBPF,cracker_scene1,10,old
4798,20.77709150314331,0.09743407216102096,PBPF,cracker_scene1,10,old
4799,20.781320333480835,0.09743407216102096,PBPF,cracker_scene1,10,old
4800,20.785864114761353,0.09739094314864029,PBPF,cracker_scene1,10,old
4801,20.790173053741455,0.09739094314864029,PBPF,cracker_scene1,10,old
4802,20.794913291931152,0.09739235455235545,PBPF,cracker_scene1,10,old
4803,20.799257040023804,0.09739235455235545,PBPF,cracker_scene1,10,old
4804,20.803659439086914,0.09738627513292161,PBPF,cracker_scene1,10,old
4805,20.807966709136963,0.09738627513292161,PBPF,cracker_scene1,10,old
4806,20.81252360343933,0.09749184578965062,PBPF,cracker_scene1,10,old
4807,20.816821336746216,0.09749184578965062,PBPF,cracker_scene1,10,old
4808,20.821368932724,0.09738547970665509,PBPF,cracker_scene1,10,old
4809,20.82564902305603,0.09738547970665509,PBPF,cracker_scene1,10,old
4810,20.830145120620728,0.09738900861432945,PBPF,cracker_scene1,10,old
4811,20.834839582443237,0.097457891566012,PBPF,cracker_scene1,10,old
4812,20.83907461166382,0.09745096622070558,PBPF,cracker_scene1,10,old
4813,20.843400239944458,0.09737360263283486,PBPF,cracker_scene1,10,old
4814,20.847675800323486,0.09737360263283486,PBPF,cracker_scene1,10,old
4815,20.85212731361389,0.0974807180577753,PBPF,cracker_scene1,10,old
4816,20.856337785720825,0.0974807180577753,PBPF,cracker_scene1,10,old
4817,20.860776901245117,0.09753907134579205,PBPF,cracker_scene1,10,old
4818,20.864943027496338,0.09753907134579205,PBPF,cracker_scene1,10,old
4819,20.870087146759033,0.09748085392285184,PBPF,cracker_scene1,10,old
4820,20.87432289123535,0.09748085392285184,PBPF,cracker_scene1,10,old
4821,20.879143476486206,0.09748337998125775,PBPF,cracker_scene1,10,old
4822,20.883373260498047,0.09748337998125775,PBPF,cracker_scene1,10,old
4823,20.88791060447693,0.09732151943137804,PBPF,cracker_scene1,10,old
4824,20.89237666130066,0.09732151943137804,PBPF,cracker_scene1,10,old
4825,20.896899461746216,0.09743217241284441,PBPF,cracker_scene1,10,old
4826,20.901556491851807,0.0974020614844153,PBPF,cracker_scene1,10,old
4827,20.906075954437256,0.09733098558387243,PBPF,cracker_scene1,10,old
4828,20.910656690597534,0.09748178903450484,PBPF,cracker_scene1,10,old
4829,20.91483187675476,0.09748178903450484,PBPF,cracker_scene1,10,old
4830,20.919413566589355,0.09745320461340756,PBPF,cracker_scene1,10,old
4831,20.92363977432251,0.09745320461340756,PBPF,cracker_scene1,10,old
4832,20.928141117095947,0.09748574013650112,PBPF,cracker_scene1,10,old
4833,20.932315587997437,0.09748574013650112,PBPF,cracker_scene1,10,old
4834,20.937057971954346,0.09747367584805199,PBPF,cracker_scene1,10,old
4835,20.94124960899353,0.09747367584805199,PBPF,cracker_scene1,10,old
4836,20.946266651153564,0.09737487704362828,PBPF,cracker_scene1,10,old
4837,20.951425790786743,0.09747822890231127,PBPF,cracker_scene1,10,old
4838,20.955869913101196,0.09748247099463299,PBPF,cracker_scene1,10,old
4839,20.960482358932495,0.09746300158155792,PBPF,cracker_scene1,10,old
4840,20.964750051498413,0.09746300158155792,PBPF,cracker_scene1,10,old
4841,20.969265937805176,0.09746167237918674,PBPF,cracker_scene1,10,old
4842,20.973539352416992,0.09746167237918674,PBPF,cracker_scene1,10,old
4843,20.97811269760132,0.09738533318060538,PBPF,cracker_scene1,10,old
4844,20.982364654541016,0.09738533318060538,PBPF,cracker_scene1,10,old
4845,20.986896753311157,0.09737758371965048,PBPF,cracker_scene1,10,old
4846,20.991056442260742,0.09737758371965048,PBPF,cracker_scene1,10,old
4847,20.995952367782593,0.0973748855675002,PBPF,cracker_scene1,10,old
4848,21.000646591186523,0.09736493480307219,PBPF,cracker_scene1,10,old
4849,21.0051589012146,0.09736493480307219,PBPF,cracker_scene1,10,old
4850,21.009594202041626,0.09739162057037025,PBPF,cracker_scene1,10,old
4851,21.014009952545166,0.09739162057037025,PBPF,cracker_scene1,10,old
4852,21.01841425895691,0.0974270399533188,PBPF,cracker_scene1,10,old
4853,21.02282404899597,0.0974270399533188,PBPF,cracker_scene1,10,old
4854,21.027381658554077,0.09736481098937544,PBPF,cracker_scene1,10,old
4855,21.031622886657715,0.09736481098937544,PBPF,cracker_scene1,10,old
4856,21.036112785339355,0.0975476313487071,PBPF,cracker_scene1,10,old
4857,21.04033923149109,0.0975476313487071,PBPF,cracker_scene1,10,old
4858,21.044557809829712,0.09748491387733703,PBPF,cracker_scene1,10,old
4859,21.04862880706787,0.09748491387733703,PBPF,cracker_scene1,10,old
4860,21.05280327796936,0.0974847284490144,PBPF,cracker_scene1,10,old
4861,21.056959629058838,0.0974847284490144,PBPF,cracker_scene1,10,old
4862,21.061203956604004,0.09746112204992642,PBPF,cracker_scene1,10,old
4863,21.065362453460693,0.09746112204992642,PBPF,cracker_scene1,10,old
4864,21.070128202438354,0.09747397495039821,PBPF,cracker_scene1,10,old
4865,21.074294567108154,0.09747397495039821,PBPF,cracker_scene1,10,old
4866,21.07884907722473,0.09745998558137889,PBPF,cracker_scene1,10,old
4867,21.083022356033325,0.09745998558137889,PBPF,cracker_scene1,10,old
4868,21.087471961975098,0.09744791193249439,PBPF,cracker_scene1,10,old
4869,21.09163761138916,0.09748321796662104,PBPF,cracker_scene1,10,old
4870,21.096120357513428,0.09748890872999018,PBPF,cracker_scene1,10,old
4871,21.100165367126465,0.09748890872999018,PBPF,cracker_scene1,10,old
4872,21.104203701019287,0.09748890872999018,PBPF,cracker_scene1,10,old
4873,21.108246088027954,0.09748890872999018,PBPF,cracker_scene1,10,old
4874,21.112189292907715,0.09748890872999018,PBPF,cracker_scene1,10,old
4875,21.116234302520752,0.09748890872999018,PBPF,cracker_scene1,10,old
4876,21.120302200317383,0.09748890872999018,PBPF,cracker_scene1,10,old
4877,21.12439489364624,0.09748890872999018,PBPF,cracker_scene1,10,old
4878,21.128392219543457,0.09748890872999018,PBPF,cracker_scene1,10,old
4879,21.132379055023193,0.09748890872999018,PBPF,cracker_scene1,10,old
4880,21.13642168045044,0.09748890872999018,PBPF,cracker_scene1,10,old
4881,21.140498399734497,0.09748890872999018,PBPF,cracker_scene1,10,old
4882,21.14449906349182,0.09748890872999018,PBPF,cracker_scene1,10,old
4883,21.148532152175903,0.09748890872999018,PBPF,cracker_scene1,10,old
4884,21.15253210067749,0.09748890872999018,PBPF,cracker_scene1,10,old
4885,21.156538724899292,0.09748890872999018,PBPF,cracker_scene1,10,old
4886,21.160528421401978,0.09748890872999018,PBPF,cracker_scene1,10,old
4887,21.164587020874023,0.09748890872999018,PBPF,cracker_scene1,10,old
4888,21.16854214668274,0.09748890872999018,PBPF,cracker_scene1,10,old
4889,21.172638416290283,0.09748890872999018,PBPF,cracker_scene1,10,old
4890,21.176615476608276,0.09748890872999018,PBPF,cracker_scene1,10,old
4891,21.18067979812622,0.09748890872999018,PBPF,cracker_scene1,10,old
4892,21.18465518951416,0.09748890872999018,PBPF,cracker_scene1,10,old
4893,21.18874764442444,0.09748890872999018,PBPF,cracker_scene1,10,old
4894,21.192735195159912,0.09748890872999018,PBPF,cracker_scene1,10,old
4895,21.196710109710693,0.09748890872999018,PBPF,cracker_scene1,10,old
4896,21.200663805007935,0.09748890872999018,PBPF,cracker_scene1,10,old
4897,21.20466947555542,0.09748890872999018,PBPF,cracker_scene1,10,old
4898,21.20868158340454,0.09748890872999018,PBPF,cracker_scene1,10,old
4899,21.212611436843872,0.09748890872999018,PBPF,cracker_scene1,10,old
4900,21.216615438461304,0.09748890872999018,PBPF,cracker_scene1,10,old
4901,21.22059726715088,0.09748890872999018,PBPF,cracker_scene1,10,old
4902,21.224634647369385,0.09748890872999018,PBPF,cracker_scene1,10,old
4903,21.228616952896118,0.09748890872999018,PBPF,cracker_scene1,10,old
4904,21.232675313949585,0.09748890872999018,PBPF,cracker_scene1,10,old
4905,21.23669457435608,0.09748890872999018,PBPF,cracker_scene1,10,old
4906,21.240729570388794,0.09748890872999018,PBPF,cracker_scene1,10,old
4907,21.244797706604004,0.09748890872999018,PBPF,cracker_scene1,10,old
4908,21.248887062072754,0.09748890872999018,PBPF,cracker_scene1,10,old
4909,21.253166437149048,0.09748890872999018,PBPF,cracker_scene1,10,old
4910,21.258151292800903,0.09748890872999018,PBPF,cracker_scene1,10,old
4911,21.26302742958069,0.09748890872999018,PBPF,cracker_scene1,10,old
4912,21.267163515090942,0.09748890872999018,PBPF,cracker_scene1,10,old
4913,21.271280527114868,0.09748890872999018,PBPF,cracker_scene1,10,old
4914,21.27536416053772,0.09748890872999018,PBPF,cracker_scene1,10,old
4915,21.279502153396606,0.09748890872999018,PBPF,cracker_scene1,10,old
4916,21.284193754196167,0.09748890872999018,PBPF,cracker_scene1,10,old
4917,21.28866457939148,0.09748890872999018,PBPF,cracker_scene1,10,old
4918,21.293142557144165,0.09748890872999018,PBPF,cracker_scene1,10,old
4919,21.29767608642578,0.09748890872999018,PBPF,cracker_scene1,10,old
4920,21.30186676979065,0.09748890872999018,PBPF,cracker_scene1,10,old
4921,21.305973529815674,0.09748890872999018,PBPF,cracker_scene1,10,old
4922,21.30997061729431,0.09748890872999018,PBPF,cracker_scene1,10,old
4923,21.313966274261475,0.09748890872999018,PBPF,cracker_scene1,10,old
4924,21.31797432899475,0.09748890872999018,PBPF,cracker_scene1,10,old
4925,21.321961402893066,0.09748890872999018,PBPF,cracker_scene1,10,old
4926,21.325997352600098,0.09748890872999018,PBPF,cracker_scene1,10,old
4927,21.32999539375305,0.09748890872999018,PBPF,cracker_scene1,10,old
4928,21.334133863449097,0.09748890872999018,PBPF,cracker_scene1,10,old
4929,21.33816409111023,0.09748890872999018,PBPF,cracker_scene1,10,old
4930,21.342323303222656,0.09748890872999018,PBPF,cracker_scene1,10,old
4931,21.34631657600403,0.09748890872999018,PBPF,cracker_scene1,10,old
4932,21.350422143936157,0.09748890872999018,PBPF,cracker_scene1,10,old
4933,21.354366302490234,0.09748890872999018,PBPF,cracker_scene1,10,old
4934,21.358415126800537,0.09748890872999018,PBPF,cracker_scene1,10,old
4935,21.362446308135986,0.09748890872999018,PBPF,cracker_scene1,10,old
4936,21.366532564163208,0.09748890872999018,PBPF,cracker_scene1,10,old
4937,21.370578050613403,0.09748890872999018,PBPF,cracker_scene1,10,old
4938,21.37473440170288,0.09748890872999018,PBPF,cracker_scene1,10,old
4939,21.378859519958496,0.09748890872999018,PBPF,cracker_scene1,10,old
4940,21.383059978485107,0.09748890872999018,PBPF,cracker_scene1,10,old
4941,21.387150526046753,0.09748890872999018,PBPF,cracker_scene1,10,old
4942,21.39118528366089,0.09748890872999018,PBPF,cracker_scene1,10,old
4943,21.39523196220398,0.09748890872999018,PBPF,cracker_scene1,10,old
4944,21.399245977401733,0.09748890872999018,PBPF,cracker_scene1,10,old
4945,21.403220176696777,0.09748890872999018,PBPF,cracker_scene1,10,old
4946,21.407272338867188,0.09748890872999018,PBPF,cracker_scene1,10,old
4947,21.411334991455078,0.09748890872999018,PBPF,cracker_scene1,10,old
4948,21.415449619293213,0.09748890872999018,PBPF,cracker_scene1,10,old
4949,21.419442415237427,0.09748890872999018,PBPF,cracker_scene1,10,old
4950,21.423511505126953,0.09748890872999018,PBPF,cracker_scene1,10,old
4951,21.42756962776184,0.09748890872999018,PBPF,cracker_scene1,10,old
4952,21.431679248809814,0.09748890872999018,PBPF,cracker_scene1,10,old
4953,21.435646295547485,0.09748890872999018,PBPF,cracker_scene1,10,old
4954,21.439735412597656,0.09748890872999018,PBPF,cracker_scene1,10,old
4955,21.443735361099243,0.09748890872999018,PBPF,cracker_scene1,10,old
4956,21.44780135154724,0.09748890872999018,PBPF,cracker_scene1,10,old
4957,21.451855659484863,0.09748890872999018,PBPF,cracker_scene1,10,old
4958,21.45592188835144,0.09748890872999018,PBPF,cracker_scene1,10,old
4959,21.459973096847534,0.09748890872999018,PBPF,cracker_scene1,10,old
4960,21.46400475502014,0.09748890872999018,PBPF,cracker_scene1,10,old
4961,21.468063831329346,0.09748890872999018,PBPF,cracker_scene1,10,old
4962,21.47206974029541,0.09748890872999018,PBPF,cracker_scene1,10,old
4963,21.476102113723755,0.09748890872999018,PBPF,cracker_scene1,10,old
4964,21.480142831802368,0.09748890872999018,PBPF,cracker_scene1,10,old
4965,21.48423957824707,0.09748890872999018,PBPF,cracker_scene1,10,old
4966,21.488532066345215,0.09748890872999018,PBPF,cracker_scene1,10,old
4967,21.492870807647705,0.09748890872999018,PBPF,cracker_scene1,10,old
4968,21.497166872024536,0.09748890872999018,PBPF,cracker_scene1,10,old
4969,21.501476049423218,0.09748890872999018,PBPF,cracker_scene1,10,old
4970,21.505800247192383,0.09748890872999018,PBPF,cracker_scene1,10,old
4971,21.509825944900513,0.09748890872999018,PBPF,cracker_scene1,10,old
4972,21.51388907432556,0.09748890872999018,PBPF,cracker_scene1,10,old
4973,21.517907857894897,0.09748890872999018,PBPF,cracker_scene1,10,old
4974,21.52205181121826,0.09748890872999018,PBPF,cracker_scene1,10,old
4975,21.526261568069458,0.09748890872999018,PBPF,cracker_scene1,10,old
4976,21.53025770187378,0.09748890872999018,PBPF,cracker_scene1,10,old
4977,21.534343242645264,0.09748890872999018,PBPF,cracker_scene1,10,old
4978,21.538347482681274,0.09748890872999018,PBPF,cracker_scene1,10,old
4979,21.542514324188232,0.09748890872999018,PBPF,cracker_scene1,10,old
4980,21.54644775390625,0.09748890872999018,PBPF,cracker_scene1,10,old
4981,21.550553560256958,0.09748890872999018,PBPF,cracker_scene1,10,old
4982,21.554537057876587,0.09748890872999018,PBPF,cracker_scene1,10,old
4983,21.558565855026245,0.09748890872999018,PBPF,cracker_scene1,10,old
4984,21.56258726119995,0.09748890872999018,PBPF,cracker_scene1,10,old
4985,21.56666326522827,0.09748890872999018,PBPF,cracker_scene1,10,old
4986,21.570675134658813,0.09748890872999018,PBPF,cracker_scene1,10,old
4987,21.57476568222046,0.09748890872999018,PBPF,cracker_scene1,10,old
4988,21.578827142715454,0.09748890872999018,PBPF,cracker_scene1,10,old
4989,21.582897424697876,0.09748890872999018,PBPF,cracker_scene1,10,old
4990,21.58698558807373,0.09748890872999018,PBPF,cracker_scene1,10,old
4991,21.591062784194946,0.09748890872999018,PBPF,cracker_scene1,10,old
4992,21.59509563446045,0.09748890872999018,PBPF,cracker_scene1,10,old
4993,21.599116563796997,0.09748890872999018,PBPF,cracker_scene1,10,old
4994,21.603068113327026,0.09748890872999018,PBPF,cracker_scene1,10,old
4995,21.60713839530945,0.09748890872999018,PBPF,cracker_scene1,10,old
4996,21.611221075057983,0.09748890872999018,PBPF,cracker_scene1,10,old
4997,21.615343809127808,0.09748890872999018,PBPF,cracker_scene1,10,old
4998,21.61951756477356,0.09748890872999018,PBPF,cracker_scene1,10,old
4999,21.623581171035767,0.09748890872999018,PBPF,cracker_scene1,10,old
5000,21.62763476371765,0.09748890872999018,PBPF,cracker_scene1,10,old
5001,21.631659030914307,0.09748890872999018,PBPF,cracker_scene1,10,old
5002,21.63569474220276,0.09748890872999018,PBPF,cracker_scene1,10,old
5003,21.640166997909546,0.09748890872999018,PBPF,cracker_scene1,10,old
5004,21.645451068878174,0.09748890872999018,PBPF,cracker_scene1,10,old
5005,21.649868488311768,0.09748890872999018,PBPF,cracker_scene1,10,old
5006,21.654387950897217,0.09748890872999018,PBPF,cracker_scene1,10,old
5007,21.658617973327637,0.09748890872999018,PBPF,cracker_scene1,10,old
5008,21.662978172302246,0.09748890872999018,PBPF,cracker_scene1,10,old
5009,21.66716694831848,0.09748890872999018,PBPF,cracker_scene1,10,old
5010,21.671308279037476,0.09748890872999018,PBPF,cracker_scene1,10,old
5011,21.675423622131348,0.09748890872999018,PBPF,cracker_scene1,10,old
5012,21.67956781387329,0.09748890872999018,PBPF,cracker_scene1,10,old
5013,21.683656930923462,0.09748890872999018,PBPF,cracker_scene1,10,old
5014,21.687822580337524,0.09748890872999018,PBPF,cracker_scene1,10,old
5015,21.691932201385498,0.09748890872999018,PBPF,cracker_scene1,10,old
5016,21.696099281311035,0.09748890872999018,PBPF,cracker_scene1,10,old
5017,21.700191736221313,0.09748890872999018,PBPF,cracker_scene1,10,old
5018,21.70427680015564,0.09748890872999018,PBPF,cracker_scene1,10,old
5019,21.708472728729248,0.09748890872999018,PBPF,cracker_scene1,10,old
5020,21.71253228187561,0.09748890872999018,PBPF,cracker_scene1,10,old
5021,21.716636180877686,0.09748890872999018,PBPF,cracker_scene1,10,old
5022,21.72071146965027,0.09748890872999018,PBPF,cracker_scene1,10,old
5023,21.724873304367065,0.09748890872999018,PBPF,cracker_scene1,10,old
5024,21.728994607925415,0.09748890872999018,PBPF,cracker_scene1,10,old
5025,21.733187913894653,0.09748890872999018,PBPF,cracker_scene1,10,old
5026,21.737364768981934,0.09748890872999018,PBPF,cracker_scene1,10,old
5027,21.74152898788452,0.09748890872999018,PBPF,cracker_scene1,10,old
5028,21.745563983917236,0.09748890872999018,PBPF,cracker_scene1,10,old
5029,21.749778747558594,0.09748890872999018,PBPF,cracker_scene1,10,old
5030,21.753875494003296,0.09748890872999018,PBPF,cracker_scene1,10,old
5031,21.758095026016235,0.09748890872999018,PBPF,cracker_scene1,10,old
5032,21.76227378845215,0.09748890872999018,PBPF,cracker_scene1,10,old
5033,21.766430854797363,0.09748890872999018,PBPF,cracker_scene1,10,old
5034,21.770572185516357,0.09748890872999018,PBPF,cracker_scene1,10,old
5035,21.77470374107361,0.09748890872999018,PBPF,cracker_scene1,10,old
5036,21.7789409160614,0.09748890872999018,PBPF,cracker_scene1,10,old
5037,21.783027410507202,0.09748890872999018,PBPF,cracker_scene1,10,old
5038,21.787237644195557,0.09748890872999018,PBPF,cracker_scene1,10,old
5039,21.7913818359375,0.09748890872999018,PBPF,cracker_scene1,10,old
5040,21.79554772377014,0.09748890872999018,PBPF,cracker_scene1,10,old
5041,21.799681425094604,0.09748890872999018,PBPF,cracker_scene1,10,old
5042,21.803786754608154,0.09748890872999018,PBPF,cracker_scene1,10,old
5043,21.807995319366455,0.09748890872999018,PBPF,cracker_scene1,10,old
5044,21.812103033065796,0.09748890872999018,PBPF,cracker_scene1,10,old
5045,21.816237211227417,0.09748890872999018,PBPF,cracker_scene1,10,old
5046,21.820331811904907,0.09748890872999018,PBPF,cracker_scene1,10,old
5047,21.824554443359375,0.09748890872999018,PBPF,cracker_scene1,10,old
5048,21.82886242866516,0.09748890872999018,PBPF,cracker_scene1,10,old
5049,21.833112955093384,0.09748890872999018,PBPF,cracker_scene1,10,old
5050,21.837208032608032,0.09748890872999018,PBPF,cracker_scene1,10,old
5051,21.841358184814453,0.09748890872999018,PBPF,cracker_scene1,10,old
5052,21.84551763534546,0.09748890872999018,PBPF,cracker_scene1,10,old
5053,21.84969997406006,0.09748890872999018,PBPF,cracker_scene1,10,old
5054,21.853877544403076,0.09748890872999018,PBPF,cracker_scene1,10,old
5055,21.85806703567505,0.09748890872999018,PBPF,cracker_scene1,10,old
5056,21.86227035522461,0.09748890872999018,PBPF,cracker_scene1,10,old
5057,21.866440296173096,0.09748890872999018,PBPF,cracker_scene1,10,old
5058,21.870617151260376,0.09748890872999018,PBPF,cracker_scene1,10,old
5059,21.874775886535645,0.09748890872999018,PBPF,cracker_scene1,10,old
5060,21.8789324760437,0.09748890872999018,PBPF,cracker_scene1,10,old
5061,21.883044242858887,0.09748890872999018,PBPF,cracker_scene1,10,old
5062,21.887235403060913,0.09748890872999018,PBPF,cracker_scene1,10,old
5063,21.89136838912964,0.09748890872999018,PBPF,cracker_scene1,10,old
5064,21.895548343658447,0.09748890872999018,PBPF,cracker_scene1,10,old
5065,21.89963436126709,0.09748890872999018,PBPF,cracker_scene1,10,old
5066,21.903703927993774,0.09748890872999018,PBPF,cracker_scene1,10,old
5067,21.9079487323761,0.09748890872999018,PBPF,cracker_scene1,10,old
5068,21.91208815574646,0.09748890872999018,PBPF,cracker_scene1,10,old
5069,21.916243076324463,0.09748890872999018,PBPF,cracker_scene1,10,old
5070,21.920332431793213,0.09748890872999018,PBPF,cracker_scene1,10,old
5071,21.924504280090332,0.09748890872999018,PBPF,cracker_scene1,10,old
5072,21.928611040115356,0.09748890872999018,PBPF,cracker_scene1,10,old
5073,21.932823657989502,0.09748890872999018,PBPF,cracker_scene1,10,old
5074,21.936915159225464,0.09748890872999018,PBPF,cracker_scene1,10,old
5075,21.94107174873352,0.09748890872999018,PBPF,cracker_scene1,10,old
5076,21.945197582244873,0.09748890872999018,PBPF,cracker_scene1,10,old
5077,21.949360609054565,0.09748890872999018,PBPF,cracker_scene1,10,old
5078,21.953542232513428,0.09748890872999018,PBPF,cracker_scene1,10,old
5079,21.957746028900146,0.09748890872999018,PBPF,cracker_scene1,10,old
5080,21.961930513381958,0.09748890872999018,PBPF,cracker_scene1,10,old
5081,21.966087818145752,0.09748890872999018,PBPF,cracker_scene1,10,old
5082,21.97027897834778,0.09748890872999018,PBPF,cracker_scene1,10,old
5083,21.974416732788086,0.09748890872999018,PBPF,cracker_scene1,10,old
5084,21.978574991226196,0.09748890872999018,PBPF,cracker_scene1,10,old
5085,21.982701778411865,0.09748890872999018,PBPF,cracker_scene1,10,old
5086,21.98690700531006,0.09748890872999018,PBPF,cracker_scene1,10,old
5087,21.99105739593506,0.09748890872999018,PBPF,cracker_scene1,10,old
5088,21.995157957077026,0.09748890872999018,PBPF,cracker_scene1,10,old
5089,21.99935221672058,0.09748890872999018,PBPF,cracker_scene1,10,old
5090,22.003443241119385,0.09748890872999018,PBPF,cracker_scene1,10,old
5091,22.00764536857605,0.09748890872999018,PBPF,cracker_scene1,10,old
5092,22.01171064376831,0.09748890872999018,PBPF,cracker_scene1,10,old
5093,22.0158953666687,0.09748890872999018,PBPF,cracker_scene1,10,old
5094,22.019997596740723,0.09748890872999018,PBPF,cracker_scene1,10,old
5095,22.024153232574463,0.09748890872999018,PBPF,cracker_scene1,10,old
5096,22.028239727020264,0.09748890872999018,PBPF,cracker_scene1,10,old
5097,22.032475233078003,0.09748890872999018,PBPF,cracker_scene1,10,old
5098,22.036561012268066,0.09748890872999018,PBPF,cracker_scene1,10,old
5099,22.040661096572876,0.09748890872999018,PBPF,cracker_scene1,10,old
5100,22.044811010360718,0.09748890872999018,PBPF,cracker_scene1,10,old
5101,22.049005031585693,0.09748890872999018,PBPF,cracker_scene1,10,old
5102,22.053167819976807,0.09748890872999018,PBPF,cracker_scene1,10,old
5103,22.057369232177734,0.09748890872999018,PBPF,cracker_scene1,10,old
5104,22.06154775619507,0.09748890872999018,PBPF,cracker_scene1,10,old
5105,22.06567358970642,0.09748890872999018,PBPF,cracker_scene1,10,old
5106,22.06984806060791,0.09748890872999018,PBPF,cracker_scene1,10,old
5107,22.07403016090393,0.09748890872999018,PBPF,cracker_scene1,10,old
5108,22.07817792892456,0.09748890872999018,PBPF,cracker_scene1,10,old
5109,22.082306146621704,0.09748890872999018,PBPF,cracker_scene1,10,old
5110,22.086468935012817,0.09748890872999018,PBPF,cracker_scene1,10,old
5111,22.09063982963562,0.09748890872999018,PBPF,cracker_scene1,10,old
5112,22.094748973846436,0.09748890872999018,PBPF,cracker_scene1,10,old
5113,22.098917245864868,0.09748890872999018,PBPF,cracker_scene1,10,old
5114,22.102994918823242,0.09748890872999018,PBPF,cracker_scene1,10,old
5115,22.107136726379395,0.09748890872999018,PBPF,cracker_scene1,10,old
5116,22.111229181289673,0.09748890872999018,PBPF,cracker_scene1,10,old
5117,22.115336418151855,0.09748890872999018,PBPF,cracker_scene1,10,old
5118,22.119391679763794,0.09748890872999018,PBPF,cracker_scene1,10,old
5119,22.12361168861389,0.09748890872999018,PBPF,cracker_scene1,10,old
5120,22.127681970596313,0.09748890872999018,PBPF,cracker_scene1,10,old
5121,22.13181209564209,0.09748890872999018,PBPF,cracker_scene1,10,old
5122,22.135912656784058,0.09748890872999018,PBPF,cracker_scene1,10,old
5123,22.140012979507446,0.09748890872999018,PBPF,cracker_scene1,10,old
5124,22.14422345161438,0.09748890872999018,PBPF,cracker_scene1,10,old
5125,22.14838695526123,0.09748890872999018,PBPF,cracker_scene1,10,old
5126,22.152506113052368,0.09748890872999018,PBPF,cracker_scene1,10,old
5127,22.15668821334839,0.09748890872999018,PBPF,cracker_scene1,10,old
5128,22.16090679168701,0.09748890872999018,PBPF,cracker_scene1,10,old
5129,22.16502356529236,0.09748890872999018,PBPF,cracker_scene1,10,old
5130,22.16916847229004,0.09748890872999018,PBPF,cracker_scene1,10,old
5131,22.1733181476593,0.09748890872999018,PBPF,cracker_scene1,10,old
5132,22.177428245544434,0.09748890872999018,PBPF,cracker_scene1,10,old
5133,22.181560039520264,0.09748890872999018,PBPF,cracker_scene1,10,old
5134,22.185593605041504,0.09748890872999018,PBPF,cracker_scene1,10,old
5135,22.18973135948181,0.09748890872999018,PBPF,cracker_scene1,10,old
5136,22.193970441818237,0.09748890872999018,PBPF,cracker_scene1,10,old
5137,22.198168516159058,0.09748890872999018,PBPF,cracker_scene1,10,old
5138,22.20226216316223,0.09748890872999018,PBPF,cracker_scene1,10,old
5139,22.206461906433105,0.09748890872999018,PBPF,cracker_scene1,10,old
5140,22.21056365966797,0.09748890872999018,PBPF,cracker_scene1,10,old
5141,22.21470355987549,0.09748890872999018,PBPF,cracker_scene1,10,old
5142,22.218825101852417,0.09748890872999018,PBPF,cracker_scene1,10,old
5143,22.222922563552856,0.09748890872999018,PBPF,cracker_scene1,10,old
5144,22.227043390274048,0.09748890872999018,PBPF,cracker_scene1,10,old
5145,22.231230974197388,0.09748890872999018,PBPF,cracker_scene1,10,old
5146,22.23540735244751,0.09748890872999018,PBPF,cracker_scene1,10,old
5147,22.23959493637085,0.09748890872999018,PBPF,cracker_scene1,10,old
5148,22.243834495544434,0.09748890872999018,PBPF,cracker_scene1,10,old
5149,22.24799132347107,0.09748890872999018,PBPF,cracker_scene1,10,old
5150,22.252129554748535,0.09748890872999018,PBPF,cracker_scene1,10,old
5151,22.256301641464233,0.09748890872999018,PBPF,cracker_scene1,10,old
5152,22.260411500930786,0.09748890872999018,PBPF,cracker_scene1,10,old
5153,22.264533519744873,0.09748890872999018,PBPF,cracker_scene1,10,old
5154,22.268587112426758,0.09748890872999018,PBPF,cracker_scene1,10,old
5155,22.272844076156616,0.09748890872999018,PBPF,cracker_scene1,10,old
5156,22.276960611343384,0.09748890872999018,PBPF,cracker_scene1,10,old
5157,22.28113031387329,0.09748890872999018,PBPF,cracker_scene1,10,old
5158,22.285233736038208,0.09748890872999018,PBPF,cracker_scene1,10,old
5159,22.289474964141846,0.09748890872999018,PBPF,cracker_scene1,10,old
5160,22.293566942214966,0.09748890872999018,PBPF,cracker_scene1,10,old
5161,22.29781222343445,0.09748890872999018,PBPF,cracker_scene1,10,old
5162,22.301908493041992,0.09748890872999018,PBPF,cracker_scene1,10,old
5163,22.306046962738037,0.09748890872999018,PBPF,cracker_scene1,10,old
5164,22.310169219970703,0.09748890872999018,PBPF,cracker_scene1,10,old
5165,22.314229726791382,0.09748890872999018,PBPF,cracker_scene1,10,old
5166,22.318366527557373,0.09748890872999018,PBPF,cracker_scene1,10,old
5167,22.322450160980225,0.09748890872999018,PBPF,cracker_scene1,10,old
5168,22.326667547225952,0.09748890872999018,PBPF,cracker_scene1,10,old
5169,22.330748081207275,0.09748890872999018,PBPF,cracker_scene1,10,old
5170,22.334956407546997,0.09748890872999018,PBPF,cracker_scene1,10,old
5171,22.33901882171631,0.09748890872999018,PBPF,cracker_scene1,10,old
5172,22.343196868896484,0.09748890872999018,PBPF,cracker_scene1,10,old
5173,22.347376108169556,0.09748890872999018,PBPF,cracker_scene1,10,old
5174,22.35159468650818,0.09748890872999018,PBPF,cracker_scene1,10,old
5175,22.355773210525513,0.09748890872999018,PBPF,cracker_scene1,10,old
5176,22.359899759292603,0.09748890872999018,PBPF,cracker_scene1,10,old
5177,22.363954305648804,0.09748890872999018,PBPF,cracker_scene1,10,old
5178,22.3680522441864,0.09748890872999018,PBPF,cracker_scene1,10,old
5179,22.372257947921753,0.09748890872999018,PBPF,cracker_scene1,10,old
5180,22.376324892044067,0.09748890872999018,PBPF,cracker_scene1,10,old
5181,22.38051176071167,0.09748890872999018,PBPF,cracker_scene1,10,old
5182,22.384589433670044,0.09748890872999018,PBPF,cracker_scene1,10,old
5183,22.388800382614136,0.09748890872999018,PBPF,cracker_scene1,10,old
5184,22.392883777618408,0.09748890872999018,PBPF,cracker_scene1,10,old
5185,22.39700412750244,0.09748890872999018,PBPF,cracker_scene1,10,old
5186,22.401097774505615,0.09748890872999018,PBPF,cracker_scene1,10,old
5187,22.405269384384155,0.09748890872999018,PBPF,cracker_scene1,10,old
5188,22.40934705734253,0.09748890872999018,PBPF,cracker_scene1,10,old
5189,22.413583755493164,0.09748890872999018,PBPF,cracker_scene1,10,old
5190,22.41765785217285,0.09748890872999018,PBPF,cracker_scene1,10,old
5191,22.421769618988037,0.09748890872999018,PBPF,cracker_scene1,10,old
5192,22.425963163375854,0.09748890872999018,PBPF,cracker_scene1,10,old
5193,22.43011450767517,0.09748890872999018,PBPF,cracker_scene1,10,old
5194,22.434376001358032,0.09748890872999018,PBPF,cracker_scene1,10,old
5195,22.43848419189453,0.09748890872999018,PBPF,cracker_scene1,10,old
5196,22.44283699989319,0.09748890872999018,PBPF,cracker_scene1,10,old
5197,22.44687843322754,0.09748890872999018,PBPF,cracker_scene1,10,old
5198,22.451109170913696,0.09748890872999018,PBPF,cracker_scene1,10,old
5199,22.455204963684082,0.09748890872999018,PBPF,cracker_scene1,10,old
5200,22.459311962127686,0.09748890872999018,PBPF,cracker_scene1,10,old
5201,22.463394165039062,0.09748890872999018,PBPF,cracker_scene1,10,old
5202,22.46760582923889,0.09748890872999018,PBPF,cracker_scene1,10,old
5203,22.47183871269226,0.09748890872999018,PBPF,cracker_scene1,10,old
5204,22.47597074508667,0.09748890872999018,PBPF,cracker_scene1,10,old
5205,22.48018503189087,0.09748890872999018,PBPF,cracker_scene1,10,old
5206,22.484265327453613,0.09748890872999018,PBPF,cracker_scene1,10,old
5207,22.488500356674194,0.09748890872999018,PBPF,cracker_scene1,10,old
5208,22.492596864700317,0.09748890872999018,PBPF,cracker_scene1,10,old
5209,22.4968364238739,0.09748890872999018,PBPF,cracker_scene1,10,old
5210,22.500982999801636,0.09748890872999018,PBPF,cracker_scene1,10,old
5211,22.50512671470642,0.09748890872999018,PBPF,cracker_scene1,10,old
5212,22.50926947593689,0.09748890872999018,PBPF,cracker_scene1,10,old
5213,22.51340889930725,0.09748890872999018,PBPF,cracker_scene1,10,old
5214,22.517505645751953,0.09748890872999018,PBPF,cracker_scene1,10,old
5215,22.52156114578247,0.09748890872999018,PBPF,cracker_scene1,10,old
5216,22.525694608688354,0.09748890872999018,PBPF,cracker_scene1,10,old
5217,22.52987313270569,0.09748890872999018,PBPF,cracker_scene1,10,old
5218,22.53400206565857,0.09748890872999018,PBPF,cracker_scene1,10,old
5219,22.53811812400818,0.09748890872999018,PBPF,cracker_scene1,10,old
5220,22.542374849319458,0.09748890872999018,PBPF,cracker_scene1,10,old
