0,0.00016260147094726562,0.08916333608415136,obse,cracker_scene1,50,old
1,0.0021533966064453125,0.08916333608415136,obse,cracker_scene1,50,old
2,0.0067136287689208984,0.0888416656019179,obse,cracker_scene1,50,old
3,0.010831117630004883,0.0888416656019179,obse,cracker_scene1,50,old
4,0.01502227783203125,0.0889149196882203,obse,cracker_scene1,50,old
5,0.019438982009887695,0.08910669979366583,obse,cracker_scene1,50,old
6,0.023706912994384766,0.08910669979366583,obse,cracker_scene1,50,old
7,0.027922630310058594,0.08910669979366583,obse,cracker_scene1,50,old
8,0.03204345703125,0.08910669979366583,obse,cracker_scene1,50,old
9,0.03647947311401367,0.08886322432335954,obse,cracker_scene1,50,old
10,0.040978193283081055,0.08842666203088681,obse,cracker_scene1,50,old
11,0.04497027397155762,0.08900056216906742,obse,cracker_scene1,50,old
12,0.04912257194519043,0.08900056216906742,obse,cracker_scene1,50,old
13,0.05305004119873047,0.08900056216906742,obse,cracker_scene1,50,old
14,0.05728292465209961,0.08885510516191375,obse,cracker_scene1,50,old
15,0.06146502494812012,0.08885510516191375,obse,cracker_scene1,50,old
16,0.06570243835449219,0.08902395659123703,obse,cracker_scene1,50,old
17,0.07053589820861816,0.08759482637542405,obse,cracker_scene1,50,old
18,0.07480764389038086,0.08750567947314172,obse,cracker_scene1,50,old
19,0.07885479927062988,0.08750567947314172,obse,cracker_scene1,50,old
20,0.08298969268798828,0.0870976056849781,obse,cracker_scene1,50,old
21,0.08714008331298828,0.08709991120107881,obse,cracker_scene1,50,old
22,0.09146475791931152,0.0875264428301793,obse,cracker_scene1,50,old
23,0.09572744369506836,0.08756586274050615,obse,cracker_scene1,50,old
24,0.10004305839538574,0.08755703523438065,obse,cracker_scene1,50,old
25,0.1042327880859375,0.08755703523438065,obse,cracker_scene1,50,old
26,0.1085977554321289,0.08708146491784088,obse,cracker_scene1,50,old
27,0.11284661293029785,0.08736550737070088,obse,cracker_scene1,50,old
28,0.11700654029846191,0.08736550737070088,obse,cracker_scene1,50,old
29,0.12158775329589844,0.08741270406755666,obse,cracker_scene1,50,old
30,0.12599945068359375,0.08594004703791351,obse,cracker_scene1,50,old
31,0.13038253784179688,0.08392749405683994,obse,cracker_scene1,50,old
32,0.13460302352905273,0.08398547666400445,obse,cracker_scene1,50,old
33,0.1389296054840088,0.08363979717300599,obse,cracker_scene1,50,old
34,0.14291667938232422,0.08363979717300599,obse,cracker_scene1,50,old
35,0.1469721794128418,0.08363979717300599,obse,cracker_scene1,50,old
36,0.15120482444763184,0.08490323892750952,obse,cracker_scene1,50,old
37,0.15561389923095703,0.08585320520960789,obse,cracker_scene1,50,old
38,0.1597139835357666,0.08585320520960789,obse,cracker_scene1,50,old
39,0.163909912109375,0.08585320520960789,obse,cracker_scene1,50,old
40,0.1681962013244629,0.0856916256999348,obse,cracker_scene1,50,old
41,0.17231225967407227,0.0856916256999348,obse,cracker_scene1,50,old
42,0.1769087314605713,0.08907870234230289,obse,cracker_scene1,50,old
43,0.1810135841369629,0.08907870234230289,obse,cracker_scene1,50,old
44,0.18511319160461426,0.08907870234230289,obse,cracker_scene1,50,old
45,0.1897263526916504,0.0890448222205055,obse,cracker_scene1,50,old
46,0.19391417503356934,0.09001391934726971,obse,cracker_scene1,50,old
47,0.19825077056884766,0.0930074078383362,obse,cracker_scene1,50,old
48,0.20239782333374023,0.0930074078383362,obse,cracker_scene1,50,old
49,0.20729923248291016,0.09737224785396473,obse,cracker_scene1,50,old
50,0.211442232131958,0.09737224785396473,obse,cracker_scene1,50,old
51,0.21555638313293457,0.09737224785396473,obse,cracker_scene1,50,old
52,0.22024226188659668,0.09771766231753445,obse,cracker_scene1,50,old
53,0.22438335418701172,0.0985951963043686,obse,cracker_scene1,50,old
54,0.22866058349609375,0.09891788537315119,obse,cracker_scene1,50,old
55,0.2328355312347412,0.09958764906181636,obse,cracker_scene1,50,old
56,0.23718023300170898,0.09954319135968566,obse,cracker_scene1,50,old
57,0.241471529006958,0.09993096224770162,obse,cracker_scene1,50,old
58,0.24573278427124023,0.09993096224770162,obse,cracker_scene1,50,old
59,0.24996137619018555,0.09999474205198382,obse,cracker_scene1,50,old
60,0.2542886734008789,0.09970459831852489,obse,cracker_scene1,50,old
61,0.2585422992706299,0.09970459831852489,obse,cracker_scene1,50,old
62,0.2626304626464844,0.09970459831852489,obse,cracker_scene1,50,old
63,0.26688456535339355,0.09907456813684977,obse,cracker_scene1,50,old
64,0.2710297107696533,0.09907456813684977,obse,cracker_scene1,50,old
65,0.2752988338470459,0.09907456813684977,obse,cracker_scene1,50,old
66,0.27967000007629395,0.0982440937593804,obse,cracker_scene1,50,old
67,0.2838749885559082,0.09801691728373224,obse,cracker_scene1,50,old
68,0.2879626750946045,0.09801691728373224,obse,cracker_scene1,50,old
69,0.29210472106933594,0.09817975830917948,obse,cracker_scene1,50,old
70,0.31095075607299805,0.09876254352555296,obse,cracker_scene1,50,old
71,0.31511902809143066,0.09876254352555296,obse,cracker_scene1,50,old
72,0.31922316551208496,0.09876254352555296,obse,cracker_scene1,50,old
73,0.3237442970275879,0.09761015214024119,obse,cracker_scene1,50,old
74,0.32806968688964844,0.11087886558821128,obse,cracker_scene1,50,old
75,0.33269476890563965,0.11098656856612124,obse,cracker_scene1,50,old
76,0.33678412437438965,0.11098656856612124,obse,cracker_scene1,50,old
77,0.340928316116333,0.11009167771387823,obse,cracker_scene1,50,old
78,0.3451204299926758,0.11010872061110885,obse,cracker_scene1,50,old
79,0.3491196632385254,0.11010872061110885,obse,cracker_scene1,50,old
80,0.3531496524810791,0.11010872061110885,obse,cracker_scene1,50,old
81,0.3572831153869629,0.10945066204489919,obse,cracker_scene1,50,old
82,0.361264705657959,0.10945066204489919,obse,cracker_scene1,50,old
83,0.36537742614746094,0.10961062142299087,obse,cracker_scene1,50,old
84,0.3696293830871582,0.10944366041613328,obse,cracker_scene1,50,old
85,0.3740091323852539,0.10829895153466863,obse,cracker_scene1,50,old
86,0.3780701160430908,0.10781349935825531,obse,cracker_scene1,50,old
87,0.3822193145751953,0.10786670517246508,obse,cracker_scene1,50,old
88,0.38655757904052734,0.10786670517246508,obse,cracker_scene1,50,old
89,0.3907349109649658,0.10736846646022334,obse,cracker_scene1,50,old
90,0.3951840400695801,0.1079785051750391,obse,cracker_scene1,50,old
91,0.3994021415710449,0.10431246711121309,obse,cracker_scene1,50,old
92,0.40344858169555664,0.10431246711121309,obse,cracker_scene1,50,old
93,0.40755605697631836,0.10431246711121309,obse,cracker_scene1,50,old
94,0.4118986129760742,0.10365786846594241,obse,cracker_scene1,50,old
95,0.4162116050720215,0.10383608446830539,obse,cracker_scene1,50,old
96,0.42056822776794434,0.10230693100029706,obse,cracker_scene1,50,old
97,0.4245295524597168,0.10230693100029706,obse,cracker_scene1,50,old
98,0.42858099937438965,0.10230693100029706,obse,cracker_scene1,50,old
99,0.43279457092285156,0.1018746895230157,obse,cracker_scene1,50,old
100,0.43722033500671387,0.1014221191161049,obse,cracker_scene1,50,old
101,0.4413573741912842,0.1014221191161049,obse,cracker_scene1,50,old
102,0.4460322856903076,0.1014221191161049,obse,cracker_scene1,50,old
103,0.45011091232299805,0.10126784189788603,obse,cracker_scene1,50,old
104,0.4541206359863281,0.10126784189788603,obse,cracker_scene1,50,old
105,0.458573579788208,0.11177115834104955,obse,cracker_scene1,50,old
106,0.46273350715637207,0.11177115834104955,obse,cracker_scene1,50,old
107,0.46689343452453613,0.11069744488812823,obse,cracker_scene1,50,old
108,0.47116947174072266,0.11028348269867985,obse,cracker_scene1,50,old
109,0.47545576095581055,0.10934673538566604,obse,cracker_scene1,50,old
110,0.47979283332824707,0.1102270369010359,obse,cracker_scene1,50,old
111,0.4841289520263672,0.10992483534673442,obse,cracker_scene1,50,old
112,0.4883158206939697,0.10992483534673442,obse,cracker_scene1,50,old
113,0.492612361907959,0.10991272710532375,obse,cracker_scene1,50,old
114,0.4967794418334961,0.1096240934824236,obse,cracker_scene1,50,old
115,0.5013546943664551,0.10937735166691359,obse,cracker_scene1,50,old
116,0.5056536197662354,0.10874513497145963,obse,cracker_scene1,50,old
117,0.5097861289978027,0.10874513497145963,obse,cracker_scene1,50,old
118,0.5139071941375732,0.10874513497145963,obse,cracker_scene1,50,old
119,0.5180439949035645,0.10866346903249662,obse,cracker_scene1,50,old
120,0.522242546081543,0.10866346903249662,obse,cracker_scene1,50,old
121,0.5263338088989258,0.10866346903249662,obse,cracker_scene1,50,old
122,0.5308797359466553,0.10806976613499691,obse,cracker_scene1,50,old
123,0.5354528427124023,0.1266249563084663,obse,cracker_scene1,50,old
124,0.5397546291351318,0.12627225606777923,obse,cracker_scene1,50,old
125,0.5438022613525391,0.12627225606777923,obse,cracker_scene1,50,old
126,0.5481016635894775,0.12563922470126404,obse,cracker_scene1,50,old
127,0.5522630214691162,0.12563922470126404,obse,cracker_scene1,50,old
128,0.556603193283081,0.12486331319322849,obse,cracker_scene1,50,old
129,0.5607738494873047,0.12486331319322849,obse,cracker_scene1,50,old
130,0.564885139465332,0.1250753984161873,obse,cracker_scene1,50,old
131,0.5688350200653076,0.1250753984161873,obse,cracker_scene1,50,old
132,0.572894811630249,0.1250753984161873,obse,cracker_scene1,50,old
133,0.5769875049591064,0.1250753984161873,obse,cracker_scene1,50,old
134,0.5810799598693848,0.1250753984161873,obse,cracker_scene1,50,old
135,0.5852487087249756,0.12497209477304863,obse,cracker_scene1,50,old
136,0.589714527130127,0.12398050914119123,obse,cracker_scene1,50,old
137,0.5938146114349365,0.12398050914119123,obse,cracker_scene1,50,old
138,0.597919225692749,0.12398050914119123,obse,cracker_scene1,50,old
139,0.601999044418335,0.12398050914119123,obse,cracker_scene1,50,old
140,0.6060519218444824,0.12398050914119123,obse,cracker_scene1,50,old
141,0.6102967262268066,0.12321191424763857,obse,cracker_scene1,50,old
142,0.6144092082977295,0.12321191424763857,obse,cracker_scene1,50,old
143,0.6185412406921387,0.12321191424763857,obse,cracker_scene1,50,old
144,0.6226513385772705,0.12299788643748429,obse,cracker_scene1,50,old
145,0.6267850399017334,0.12299788643748429,obse,cracker_scene1,50,old
146,0.6308631896972656,0.12299788643748429,obse,cracker_scene1,50,old
147,0.6349406242370605,0.12299788643748429,obse,cracker_scene1,50,old
148,0.6394927501678467,0.12270751477594152,obse,cracker_scene1,50,old
149,0.644428014755249,0.12211795744148368,obse,cracker_scene1,50,old
150,0.6484954357147217,0.12211795744148368,obse,cracker_scene1,50,old
151,0.6525900363922119,0.12211795744148368,obse,cracker_scene1,50,old
152,0.6571841239929199,0.12008919446093902,obse,cracker_scene1,50,old
153,0.6614091396331787,0.11979030898768883,obse,cracker_scene1,50,old
154,0.6654815673828125,0.11979030898768883,obse,cracker_scene1,50,old
155,0.6702730655670166,0.13122359518586357,obse,cracker_scene1,50,old
156,0.6744263172149658,0.13122359518586357,obse,cracker_scene1,50,old
157,0.6785495281219482,0.13122359518586357,obse,cracker_scene1,50,old
158,0.6827392578125,0.13066064807129063,obse,cracker_scene1,50,old
159,0.686835527420044,0.13066064807129063,obse,cracker_scene1,50,old
160,0.6909074783325195,0.13066064807129063,obse,cracker_scene1,50,old
161,0.695648193359375,0.12902012260212103,obse,cracker_scene1,50,old
162,0.699836254119873,0.12902012260212103,obse,cracker_scene1,50,old
163,0.7040812969207764,0.12904999323882915,obse,cracker_scene1,50,old
164,0.7082033157348633,0.12904999323882915,obse,cracker_scene1,50,old
165,0.712282657623291,0.12904999323882915,obse,cracker_scene1,50,old
166,0.716759204864502,0.12919454324239066,obse,cracker_scene1,50,old
167,0.7209093570709229,0.12919454324239066,obse,cracker_scene1,50,old
168,0.7254109382629395,0.12819921403657464,obse,cracker_scene1,50,old
169,0.7295539379119873,0.12819921403657464,obse,cracker_scene1,50,old
170,0.7342958450317383,0.1338782058019507,obse,cracker_scene1,50,old
171,0.7383878231048584,0.1338782058019507,obse,cracker_scene1,50,old
172,0.7424695491790771,0.1338782058019507,obse,cracker_scene1,50,old
173,0.7468483448028564,0.1338782058019507,obse,cracker_scene1,50,old
174,0.750960111618042,0.1338782058019507,obse,cracker_scene1,50,old
175,0.7550356388092041,0.1338782058019507,obse,cracker_scene1,50,old
176,0.7595541477203369,0.1329629776494767,obse,cracker_scene1,50,old
177,0.7639033794403076,0.13264118286735563,obse,cracker_scene1,50,old
178,0.7682592868804932,0.1321194537788867,obse,cracker_scene1,50,old
179,0.772719144821167,0.13280684983341437,obse,cracker_scene1,50,old
180,0.7767822742462158,0.13280684983341437,obse,cracker_scene1,50,old
181,0.7809085845947266,0.1325782348203628,obse,cracker_scene1,50,old
182,0.784996509552002,0.1325782348203628,obse,cracker_scene1,50,old
183,0.7893917560577393,0.13148491151833178,obse,cracker_scene1,50,old
184,0.7936880588531494,0.13148491151833178,obse,cracker_scene1,50,old
185,0.7977859973907471,0.13096313016229602,obse,cracker_scene1,50,old
186,0.8018615245819092,0.13096313016229602,obse,cracker_scene1,50,old
187,0.8062744140625,0.12994537058527023,obse,cracker_scene1,50,old
188,0.8109245300292969,0.12994537058527023,obse,cracker_scene1,50,old
189,0.8149142265319824,0.12994537058527023,obse,cracker_scene1,50,old
190,0.8192591667175293,0.13910383359116807,obse,cracker_scene1,50,old
191,0.8234624862670898,0.13904061065044448,obse,cracker_scene1,50,old
192,0.827573299407959,0.13894690286167766,obse,cracker_scene1,50,old
193,0.8317573070526123,0.13894690286167766,obse,cracker_scene1,50,old
194,0.835862398147583,0.13870521789879398,obse,cracker_scene1,50,old
195,0.8403525352478027,0.13875790702564483,obse,cracker_scene1,50,old
196,0.844264030456543,0.13875790702564483,obse,cracker_scene1,50,old
197,0.8483641147613525,0.13877547733142936,obse,cracker_scene1,50,old
198,0.8523993492126465,0.13877547733142936,obse,cracker_scene1,50,old
199,0.8564651012420654,0.13877547733142936,obse,cracker_scene1,50,old
200,0.8604428768157959,0.13877547733142936,obse,cracker_scene1,50,old
201,0.8644685745239258,0.13877547733142936,obse,cracker_scene1,50,old
202,0.86875319480896,0.13838268026693967,obse,cracker_scene1,50,old
203,0.8729124069213867,0.1382477917848206,obse,cracker_scene1,50,old
204,0.8769350051879883,0.1382477917848206,obse,cracker_scene1,50,old
205,0.8812391757965088,0.1382477917848206,obse,cracker_scene1,50,old
206,0.8854269981384277,0.13759578344800527,obse,cracker_scene1,50,old
207,0.8896510601043701,0.13759578344800527,obse,cracker_scene1,50,old
208,0.8940269947052002,0.13724403645240368,obse,cracker_scene1,50,old
209,0.8983583450317383,0.13651367818571192,obse,cracker_scene1,50,old
210,0.902512788772583,0.13651367818571192,obse,cracker_scene1,50,old
211,0.9068293571472168,0.13548990421852913,obse,cracker_scene1,50,old
212,0.9109141826629639,0.13548990421852913,obse,cracker_scene1,50,old
213,0.9150543212890625,0.1353888128389107,obse,cracker_scene1,50,old
214,0.9192049503326416,0.1355826763639545,obse,cracker_scene1,50,old
215,0.923454999923706,0.13508678280070008,obse,cracker_scene1,50,old
216,0.9277231693267822,0.12708097682453445,obse,cracker_scene1,50,old
217,0.9319603443145752,0.1267692869789352,obse,cracker_scene1,50,old
218,0.9360566139221191,0.1267692869789352,obse,cracker_scene1,50,old
219,0.9406516551971436,0.12608499069831325,obse,cracker_scene1,50,old
220,0.9451558589935303,0.12608499069831325,obse,cracker_scene1,50,old
221,0.9494996070861816,0.12642433800984687,obse,cracker_scene1,50,old
222,0.9536676406860352,0.12692948158003414,obse,cracker_scene1,50,old
223,0.9577076435089111,0.12692948158003414,obse,cracker_scene1,50,old
224,0.9617924690246582,0.12692948158003414,obse,cracker_scene1,50,old
225,0.965933084487915,0.12700339854984488,obse,cracker_scene1,50,old
226,0.9700689315795898,0.12700339854984488,obse,cracker_scene1,50,old
227,0.9750354290008545,0.12614739727421398,obse,cracker_scene1,50,old
228,0.9792976379394531,0.12551021755867442,obse,cracker_scene1,50,old
229,0.9834942817687988,0.12589950064905242,obse,cracker_scene1,50,old
230,0.987668514251709,0.125577026763243,obse,cracker_scene1,50,old
231,0.9917354583740234,0.125577026763243,obse,cracker_scene1,50,old
232,0.9960818290710449,0.12586273904740874,obse,cracker_scene1,50,old
233,1.0002541542053223,0.12586273904740874,obse,cracker_scene1,50,old
234,1.0046944618225098,0.125890376966038,obse,cracker_scene1,50,old
235,1.0087928771972656,0.125890376966038,obse,cracker_scene1,50,old
236,1.0133802890777588,0.12560899130755576,obse,cracker_scene1,50,old
237,1.0174949169158936,0.12563132661277177,obse,cracker_scene1,50,old
238,1.021841287612915,0.12571712454433648,obse,cracker_scene1,50,old
239,1.0259387493133545,0.12571712454433648,obse,cracker_scene1,50,old
240,1.0304069519042969,0.12536472581365032,obse,cracker_scene1,50,old
241,1.0345923900604248,0.12536472581365032,obse,cracker_scene1,50,old
242,1.0387136936187744,0.12536472581365032,obse,cracker_scene1,50,old
243,1.042773723602295,0.12536472581365032,obse,cracker_scene1,50,old
244,1.0468428134918213,0.12536472581365032,obse,cracker_scene1,50,old
245,1.0516128540039062,0.1251898529376767,obse,cracker_scene1,50,old
246,1.055804967880249,0.12526128687478622,obse,cracker_scene1,50,old
247,1.0602104663848877,0.12526128687478622,obse,cracker_scene1,50,old
248,1.0645263195037842,0.14008058386475586,obse,cracker_scene1,50,old
249,1.0686628818511963,0.14008058386475586,obse,cracker_scene1,50,old
250,1.0731110572814941,0.14065040403426732,obse,cracker_scene1,50,old
251,1.077287197113037,0.14065040403426732,obse,cracker_scene1,50,old
252,1.081411361694336,0.13994419530347812,obse,cracker_scene1,50,old
253,1.085557460784912,0.13994419530347812,obse,cracker_scene1,50,old
254,1.0898857116699219,0.14045052013701564,obse,cracker_scene1,50,old
255,1.094015121459961,0.14007565502582242,obse,cracker_scene1,50,old
256,1.0982484817504883,0.1398996337061984,obse,cracker_scene1,50,old
257,1.102881669998169,0.14023441619391175,obse,cracker_scene1,50,old
258,1.1068105697631836,0.14023441619391175,obse,cracker_scene1,50,old
259,1.1107630729675293,0.14023441619391175,obse,cracker_scene1,50,old
260,1.115095615386963,0.14004095868259103,obse,cracker_scene1,50,old
261,1.1192185878753662,0.13947049207445072,obse,cracker_scene1,50,old
262,1.1233642101287842,0.13947049207445072,obse,cracker_scene1,50,old
263,1.1273982524871826,0.13947049207445072,obse,cracker_scene1,50,old
264,1.1317925453186035,0.13942961743751248,obse,cracker_scene1,50,old
265,1.1358978748321533,0.13942961743751248,obse,cracker_scene1,50,old
266,1.1405048370361328,0.1462182131872254,obse,cracker_scene1,50,old
267,1.1445367336273193,0.1462182131872254,obse,cracker_scene1,50,old
268,1.148510456085205,0.1462182131872254,obse,cracker_scene1,50,old
269,1.1530542373657227,0.14637609574350918,obse,cracker_scene1,50,old
270,1.1571815013885498,0.14683540170352494,obse,cracker_scene1,50,old
271,1.1613719463348389,0.1470967093583475,obse,cracker_scene1,50,old
272,1.1654226779937744,0.14682930153955365,obse,cracker_scene1,50,old
273,1.1694717407226562,0.1470051479899901,obse,cracker_scene1,50,old
274,1.1736361980438232,0.1470051479899901,obse,cracker_scene1,50,old
275,1.177900791168213,0.1470051479899901,obse,cracker_scene1,50,old
276,1.182159662246704,0.14710177411142045,obse,cracker_scene1,50,old
277,1.1862637996673584,0.14710177411142045,obse,cracker_scene1,50,old
278,1.1905968189239502,0.1471697216827499,obse,cracker_scene1,50,old
279,1.1947205066680908,0.1471697216827499,obse,cracker_scene1,50,old
280,1.1990735530853271,0.1471697216827499,obse,cracker_scene1,50,old
281,1.203329086303711,0.1471697216827499,obse,cracker_scene1,50,old
282,1.2074458599090576,0.1471697216827499,obse,cracker_scene1,50,old
283,1.211984634399414,0.14716361088781316,obse,cracker_scene1,50,old
284,1.2166376113891602,0.15366426816105072,obse,cracker_scene1,50,old
285,1.2207326889038086,0.15366426816105072,obse,cracker_scene1,50,old
286,1.22481107711792,0.15435342227759818,obse,cracker_scene1,50,old
287,1.2288241386413574,0.15423018680813172,obse,cracker_scene1,50,old
288,1.2331018447875977,0.15421327645664165,obse,cracker_scene1,50,old
289,1.2371563911437988,0.15421327645664165,obse,cracker_scene1,50,old
290,1.2418317794799805,0.15383095762567045,obse,cracker_scene1,50,old
291,1.245934009552002,0.15383095762567045,obse,cracker_scene1,50,old
292,1.250101089477539,0.1538122701332254,obse,cracker_scene1,50,old
293,1.2543609142303467,0.15357561091727476,obse,cracker_scene1,50,old
294,1.258669376373291,0.15426342831222534,obse,cracker_scene1,50,old
295,1.2627458572387695,0.14777129171969786,obse,cracker_scene1,50,old
296,1.2669346332550049,0.14706639617620024,obse,cracker_scene1,50,old
297,1.2712621688842773,0.14724761890864116,obse,cracker_scene1,50,old
298,1.2752406597137451,0.14695620864563266,obse,cracker_scene1,50,old
299,1.279447317123413,0.14736094577844974,obse,cracker_scene1,50,old
300,1.2837295532226562,0.14601591310100565,obse,cracker_scene1,50,old
301,1.2879576683044434,0.14628981885290956,obse,cracker_scene1,50,old
302,1.292057991027832,0.14628981885290956,obse,cracker_scene1,50,old
303,1.296670913696289,0.14649411748185454,obse,cracker_scene1,50,old
304,1.3006906509399414,0.14638245877925996,obse,cracker_scene1,50,old
305,1.3050386905670166,0.14638245877925996,obse,cracker_scene1,50,old
306,1.3091237545013428,0.14638245877925996,obse,cracker_scene1,50,old
307,1.3136885166168213,0.1455463411397804,obse,cracker_scene1,50,old
308,1.317868947982788,0.1455463411397804,obse,cracker_scene1,50,old
309,1.3220152854919434,0.14549500692974895,obse,cracker_scene1,50,old
310,1.3261878490447998,0.1451090039006032,obse,cracker_scene1,50,old
311,1.3304481506347656,0.14481654662640778,obse,cracker_scene1,50,old
312,1.3346245288848877,0.14481654662640778,obse,cracker_scene1,50,old
313,1.3389980792999268,0.13737934620964953,obse,cracker_scene1,50,old
314,1.342966079711914,0.13737934620964953,obse,cracker_scene1,50,old
315,1.3470404148101807,0.13737934620964953,obse,cracker_scene1,50,old
316,1.3510663509368896,0.13675259690485167,obse,cracker_scene1,50,old
317,1.3551833629608154,0.13675259690485167,obse,cracker_scene1,50,old
318,1.3590912818908691,0.13675259690485167,obse,cracker_scene1,50,old
319,1.3631582260131836,0.13675259690485167,obse,cracker_scene1,50,old
320,1.3671483993530273,0.13675259690485167,obse,cracker_scene1,50,old
321,1.3718187808990479,0.13629189446593312,obse,cracker_scene1,50,old
322,1.3759491443634033,0.13641384161647135,obse,cracker_scene1,50,old
323,1.3802783489227295,0.1364682726976328,obse,cracker_scene1,50,old
324,1.384446382522583,0.13624707615851253,obse,cracker_scene1,50,old
325,1.388843059539795,0.1355230083281151,obse,cracker_scene1,50,old
326,1.3929448127746582,0.1355230083281151,obse,cracker_scene1,50,old
327,1.397064447402954,0.1355230083281151,obse,cracker_scene1,50,old
328,1.4012629985809326,0.13505273048994765,obse,cracker_scene1,50,old
329,1.405426263809204,0.13505273048994765,obse,cracker_scene1,50,old
330,1.4095675945281982,0.13537137099446503,obse,cracker_scene1,50,old
331,1.413757562637329,0.13537137099446503,obse,cracker_scene1,50,old
332,1.4186434745788574,0.13619034839551442,obse,cracker_scene1,50,old
333,1.4230029582977295,0.13569839011611498,obse,cracker_scene1,50,old
334,1.4271750450134277,0.13569839011611498,obse,cracker_scene1,50,old
335,1.431358814239502,0.1355063709537576,obse,cracker_scene1,50,old
336,1.4356050491333008,0.1355063709537576,obse,cracker_scene1,50,old
337,1.4397385120391846,0.1355063709537576,obse,cracker_scene1,50,old
338,1.4440398216247559,0.13572071478723197,obse,cracker_scene1,50,old
339,1.448012113571167,0.13572071478723197,obse,cracker_scene1,50,old
340,1.4523653984069824,0.1350029148875372,obse,cracker_scene1,50,old
341,1.4564855098724365,0.134313466430799,obse,cracker_scene1,50,old
342,1.4609544277191162,0.13360343937921518,obse,cracker_scene1,50,old
343,1.464986801147461,0.13360343937921518,obse,cracker_scene1,50,old
344,1.4691548347473145,0.13353332575479498,obse,cracker_scene1,50,old
345,1.4733655452728271,0.13416691286189064,obse,cracker_scene1,50,old
346,1.477665901184082,0.13273058305003935,obse,cracker_scene1,50,old
347,1.481687068939209,0.13273058305003935,obse,cracker_scene1,50,old
348,1.4857852458953857,0.13199869053192886,obse,cracker_scene1,50,old
349,1.4898884296417236,0.13099532141328832,obse,cracker_scene1,50,old
350,1.493906021118164,0.13099532141328832,obse,cracker_scene1,50,old
351,1.498288631439209,0.12902908106583422,obse,cracker_scene1,50,old
352,1.5023317337036133,0.12902908106583422,obse,cracker_scene1,50,old
353,1.5069377422332764,0.12167061271596195,obse,cracker_scene1,50,old
354,1.5113589763641357,0.1214844601176138,obse,cracker_scene1,50,old
355,1.5155510902404785,0.1214844601176138,obse,cracker_scene1,50,old
356,1.5197105407714844,0.1214844601176138,obse,cracker_scene1,50,old
357,1.5237650871276855,0.12049935290213483,obse,cracker_scene1,50,old
358,1.5284676551818848,0.12370732873306592,obse,cracker_scene1,50,old
359,1.5326745510101318,0.12370732873306592,obse,cracker_scene1,50,old
360,1.53682279586792,0.12344728653302735,obse,cracker_scene1,50,old
361,1.5410544872283936,0.12369582393687313,obse,cracker_scene1,50,old
362,1.545325517654419,0.12282315239023485,obse,cracker_scene1,50,old
363,1.5493109226226807,0.12282315239023485,obse,cracker_scene1,50,old
364,1.5540850162506104,0.12349803541209665,obse,cracker_scene1,50,old
365,1.5582516193389893,0.12349803541209665,obse,cracker_scene1,50,old
366,1.5627796649932861,0.12288006877949476,obse,cracker_scene1,50,old
367,1.566871166229248,0.12288006877949476,obse,cracker_scene1,50,old
368,1.5713465213775635,0.12302872586368313,obse,cracker_scene1,50,old
369,1.575371503829956,0.12302872586368313,obse,cracker_scene1,50,old
370,1.579599142074585,0.12304988688949159,obse,cracker_scene1,50,old
371,1.5837287902832031,0.12315010459958674,obse,cracker_scene1,50,old
372,1.5880649089813232,0.12310704956495497,obse,cracker_scene1,50,old
373,1.5921485424041748,0.12310704956495497,obse,cracker_scene1,50,old
374,1.5963070392608643,0.12310704956495497,obse,cracker_scene1,50,old
375,1.6003212928771973,0.12310704956495497,obse,cracker_scene1,50,old
376,1.6045165061950684,0.12310704956495497,obse,cracker_scene1,50,old
377,1.608708381652832,0.12310704956495497,obse,cracker_scene1,50,old
378,1.6131112575531006,0.12328387476765339,obse,cracker_scene1,50,old
379,1.6173126697540283,0.12314153344301577,obse,cracker_scene1,50,old
380,1.6219804286956787,0.12226426310209564,obse,cracker_scene1,50,old
381,1.626523733139038,0.12226426310209564,obse,cracker_scene1,50,old
382,1.630706548690796,0.1218946868613217,obse,cracker_scene1,50,old
383,1.6347622871398926,0.1218946868613217,obse,cracker_scene1,50,old
384,1.6391122341156006,0.12163857952069514,obse,cracker_scene1,50,old
385,1.643357276916504,0.12163857952069514,obse,cracker_scene1,50,old
386,1.6476151943206787,0.12210670436103539,obse,cracker_scene1,50,old
387,1.6516633033752441,0.12210670436103539,obse,cracker_scene1,50,old
388,1.6558952331542969,0.12280422637371069,obse,cracker_scene1,50,old
389,1.6599535942077637,0.12280422637371069,obse,cracker_scene1,50,old
390,1.6641857624053955,0.12194197112625219,obse,cracker_scene1,50,old
391,1.6683087348937988,0.12144555182522722,obse,cracker_scene1,50,old
392,1.6727063655853271,0.12375471708728941,obse,cracker_scene1,50,old
393,1.676931381225586,0.12422288001120146,obse,cracker_scene1,50,old
394,1.681016445159912,0.12422288001120146,obse,cracker_scene1,50,old
395,1.6850214004516602,0.12422288001120146,obse,cracker_scene1,50,old
396,1.6895678043365479,0.12427658991904152,obse,cracker_scene1,50,old
397,1.6934187412261963,0.12427658991904152,obse,cracker_scene1,50,old
398,1.6976232528686523,0.12460627874041244,obse,cracker_scene1,50,old
399,1.7016632556915283,0.12391533375280134,obse,cracker_scene1,50,old
400,1.7060112953186035,0.12369913804607287,obse,cracker_scene1,50,old
401,1.7101428508758545,0.12369913804607287,obse,cracker_scene1,50,old
402,1.7146682739257812,0.12363967022995667,obse,cracker_scene1,50,old
403,1.718801736831665,0.12363967022995667,obse,cracker_scene1,50,old
404,1.7230720520019531,0.1226837500458438,obse,cracker_scene1,50,old
405,1.7271523475646973,0.1226837500458438,obse,cracker_scene1,50,old
406,1.7316133975982666,0.13218653857251808,obse,cracker_scene1,50,old
407,1.7358767986297607,0.13181957550246434,obse,cracker_scene1,50,old
408,1.7400076389312744,0.13181957550246434,obse,cracker_scene1,50,old
409,1.7442173957824707,0.13190031981288017,obse,cracker_scene1,50,old
410,1.7482469081878662,0.13190031981288017,obse,cracker_scene1,50,old
411,1.752476453781128,0.13221333440722985,obse,cracker_scene1,50,old
412,1.7568464279174805,0.13252976509193692,obse,cracker_scene1,50,old
413,1.7608692646026611,0.13252976509193692,obse,cracker_scene1,50,old
414,1.7650394439697266,0.13262281258381658,obse,cracker_scene1,50,old
415,1.7690677642822266,0.13262281258381658,obse,cracker_scene1,50,old
416,1.7734973430633545,0.133794138431225,obse,cracker_scene1,50,old
417,1.7775397300720215,0.13377071950424166,obse,cracker_scene1,50,old
418,1.781712532043457,0.13377071950424166,obse,cracker_scene1,50,old
419,1.7857372760772705,0.13377071950424166,obse,cracker_scene1,50,old
420,1.7902467250823975,0.13314760171771453,obse,cracker_scene1,50,old
421,1.7946033477783203,0.12652938392186885,obse,cracker_scene1,50,old
422,1.798757553100586,0.12652938392186885,obse,cracker_scene1,50,old
423,1.8029022216796875,0.12703825212183553,obse,cracker_scene1,50,old
424,1.8071775436401367,0.12798527652904376,obse,cracker_scene1,50,old
425,1.8112516403198242,0.12798527652904376,obse,cracker_scene1,50,old
426,1.8153798580169678,0.1282511674149689,obse,cracker_scene1,50,old
427,1.8194429874420166,0.1282511674149689,obse,cracker_scene1,50,old
428,1.8238942623138428,0.12812484935484578,obse,cracker_scene1,50,old
429,1.8280506134033203,0.12641938782869805,obse,cracker_scene1,50,old
430,1.8321280479431152,0.1274992326553793,obse,cracker_scene1,50,old
431,1.8362066745758057,0.1274992326553793,obse,cracker_scene1,50,old
432,1.8405113220214844,0.12634085920393495,obse,cracker_scene1,50,old
433,1.8445580005645752,0.12634085920393495,obse,cracker_scene1,50,old
434,1.8489954471588135,0.1280366276056403,obse,cracker_scene1,50,old
435,1.8530855178833008,0.1280366276056403,obse,cracker_scene1,50,old
436,1.857879638671875,0.11889506193995379,obse,cracker_scene1,50,old
437,1.8619329929351807,0.11860661481402514,obse,cracker_scene1,50,old
438,1.8661282062530518,0.11865037088731782,obse,cracker_scene1,50,old
439,1.8705227375030518,0.11747289095175228,obse,cracker_scene1,50,old
440,1.8746428489685059,0.11747289095175228,obse,cracker_scene1,50,old
441,1.8789963722229004,0.11689081872928361,obse,cracker_scene1,50,old
442,1.8830537796020508,0.11689081872928361,obse,cracker_scene1,50,old
443,1.8872950077056885,0.11628087751532534,obse,cracker_scene1,50,old
444,1.8914451599121094,0.11628087751532534,obse,cracker_scene1,50,old
445,1.8957157135009766,0.1165132060464363,obse,cracker_scene1,50,old
446,1.8997695446014404,0.1165132060464363,obse,cracker_scene1,50,old
447,1.904125690460205,0.11718045444244182,obse,cracker_scene1,50,old
448,1.9082810878753662,0.11718045444244182,obse,cracker_scene1,50,old
449,1.9127516746520996,0.11771252234573555,obse,cracker_scene1,50,old
450,1.9168064594268799,0.11771252234573555,obse,cracker_scene1,50,old
451,1.9211242198944092,0.11756416680736874,obse,cracker_scene1,50,old
452,1.925246000289917,0.11756416680736874,obse,cracker_scene1,50,old
453,1.9299376010894775,0.11652979933671882,obse,cracker_scene1,50,old
454,1.9339299201965332,0.11652979933671882,obse,cracker_scene1,50,old
455,1.9385757446289062,0.12051009461366778,obse,cracker_scene1,50,old
456,1.9428291320800781,0.11999362657757168,obse,cracker_scene1,50,old
457,1.947145938873291,0.11982023427299827,obse,cracker_scene1,50,old
458,1.9512131214141846,0.11982023427299827,obse,cracker_scene1,50,old
459,1.9553513526916504,0.11982023427299827,obse,cracker_scene1,50,old
460,1.9594788551330566,0.11982023427299827,obse,cracker_scene1,50,old
461,1.9636998176574707,0.12000271616565578,obse,cracker_scene1,50,old
462,1.9677906036376953,0.11579294753235485,obse,cracker_scene1,50,old
463,1.9719197750091553,0.11579294753235485,obse,cracker_scene1,50,old
464,1.9760041236877441,0.11579294753235485,obse,cracker_scene1,50,old
465,1.9801287651062012,0.11579294753235485,obse,cracker_scene1,50,old
466,1.9843125343322754,0.115762297476203,obse,cracker_scene1,50,old
467,1.9888780117034912,0.11639117863609225,obse,cracker_scene1,50,old
468,1.993032693862915,0.11643632151338842,obse,cracker_scene1,50,old
469,1.9971802234649658,0.11643632151338842,obse,cracker_scene1,50,old
470,2.0011518001556396,0.11643632151338842,obse,cracker_scene1,50,old
471,2.0052695274353027,0.11643632151338842,obse,cracker_scene1,50,old
472,2.0094425678253174,0.11654171194454939,obse,cracker_scene1,50,old
473,2.014200448989868,0.11708488936006095,obse,cracker_scene1,50,old
474,2.0183584690093994,0.1030254325096055,obse,cracker_scene1,50,old
475,2.0226542949676514,0.10308215763521605,obse,cracker_scene1,50,old
476,2.026693820953369,0.10308215763521605,obse,cracker_scene1,50,old
477,2.0308942794799805,0.10354225157412239,obse,cracker_scene1,50,old
478,2.035019874572754,0.10354225157412239,obse,cracker_scene1,50,old
479,2.0391762256622314,0.10354225157412239,obse,cracker_scene1,50,old
480,2.0434772968292236,0.10354225157412239,obse,cracker_scene1,50,old
481,2.0478672981262207,0.1029586890504115,obse,cracker_scene1,50,old
482,2.0523509979248047,0.10465052787366959,obse,cracker_scene1,50,old
483,2.056476354598999,0.10465052787366959,obse,cracker_scene1,50,old
484,2.060804605484009,0.10393281248987088,obse,cracker_scene1,50,old
485,2.0650782585144043,0.10393281248987088,obse,cracker_scene1,50,old
486,2.069486618041992,0.09276577967877513,obse,cracker_scene1,50,old
487,2.0739428997039795,0.09336568353500113,obse,cracker_scene1,50,old
488,2.0782527923583984,0.09498416328715947,obse,cracker_scene1,50,old
489,2.082341432571411,0.09498416328715947,obse,cracker_scene1,50,old
490,2.086362361907959,0.09498416328715947,obse,cracker_scene1,50,old
491,2.0905375480651855,0.09498416328715947,obse,cracker_scene1,50,old
492,2.0949490070343018,0.09630211407306485,obse,cracker_scene1,50,old
493,2.0992655754089355,0.09624937636637386,obse,cracker_scene1,50,old
494,2.103661298751831,0.09624937636637386,obse,cracker_scene1,50,old
495,2.107970952987671,0.09605614978719666,obse,cracker_scene1,50,old
496,2.1121060848236084,0.09605614978719666,obse,cracker_scene1,50,old
497,2.1162796020507812,0.09594099809291526,obse,cracker_scene1,50,old
498,2.120610475540161,0.09588605647120327,obse,cracker_scene1,50,old
499,2.12494158744812,0.09206527348321254,obse,cracker_scene1,50,old
500,2.129012107849121,0.09206527348321254,obse,cracker_scene1,50,old
501,2.1332266330718994,0.09195359412168745,obse,cracker_scene1,50,old
502,2.1374166011810303,0.09195359412168745,obse,cracker_scene1,50,old
503,2.1413967609405518,0.09195359412168745,obse,cracker_scene1,50,old
504,2.145598888397217,0.09104111896205572,obse,cracker_scene1,50,old
505,2.1496853828430176,0.09108871735742755,obse,cracker_scene1,50,old
506,2.1543071269989014,0.09598507395060717,obse,cracker_scene1,50,old
507,2.158432722091675,0.09552736898378998,obse,cracker_scene1,50,old
508,2.1627042293548584,0.09567434478500517,obse,cracker_scene1,50,old
509,2.166827440261841,0.09536847308275168,obse,cracker_scene1,50,old
510,2.171079158782959,0.09529506994767534,obse,cracker_scene1,50,old
511,2.175337314605713,0.09529506994767534,obse,cracker_scene1,50,old
512,2.1798465251922607,0.09461340596751823,obse,cracker_scene1,50,old
513,2.1838839054107666,0.09461340596751823,obse,cracker_scene1,50,old
514,2.1881918907165527,0.09486278325456877,obse,cracker_scene1,50,old
515,2.1923158168792725,0.09486278325456877,obse,cracker_scene1,50,old
516,2.196884870529175,0.09182355480456397,obse,cracker_scene1,50,old
517,2.2012991905212402,0.09192315794162952,obse,cracker_scene1,50,old
518,2.2055130004882812,0.09281676007402115,obse,cracker_scene1,50,old
519,2.209880828857422,0.092678797908175,obse,cracker_scene1,50,old
520,2.2142333984375,0.092678797908175,obse,cracker_scene1,50,old
521,2.2186279296875,0.09200564465818828,obse,cracker_scene1,50,old
522,2.2227578163146973,0.09200564465818828,obse,cracker_scene1,50,old
523,2.227419137954712,0.09166799967375146,obse,cracker_scene1,50,old
524,2.231919527053833,0.09086733834023397,obse,cracker_scene1,50,old
525,2.2360129356384277,0.09086733834023397,obse,cracker_scene1,50,old
526,2.2401421070098877,0.09086733834023397,obse,cracker_scene1,50,old
527,2.244563579559326,0.08595963299025064,obse,cracker_scene1,50,old
528,2.2491090297698975,0.09061697237244545,obse,cracker_scene1,50,old
529,2.2535107135772705,0.09143798652956647,obse,cracker_scene1,50,old
530,2.2577884197235107,0.0827433116157716,obse,cracker_scene1,50,old
531,2.262516498565674,0.08244805649219115,obse,cracker_scene1,50,old
532,2.266497850418091,0.08246597563856589,obse,cracker_scene1,50,old
533,2.2707035541534424,0.08247350169564853,obse,cracker_scene1,50,old
534,2.2749183177948,0.0824462261675712,obse,cracker_scene1,50,old
535,2.2791614532470703,0.07929583864316235,obse,cracker_scene1,50,old
536,2.2831249237060547,0.07929583864316235,obse,cracker_scene1,50,old
537,2.2873170375823975,0.07912007431538498,obse,cracker_scene1,50,old
538,2.291436195373535,0.07912007431538498,obse,cracker_scene1,50,old
539,2.2954533100128174,0.07912007431538498,obse,cracker_scene1,50,old
540,2.2997047901153564,0.07764611061985907,obse,cracker_scene1,50,old
541,2.303807497024536,0.07704828187527687,obse,cracker_scene1,50,old
542,2.3080320358276367,0.07704828187527687,obse,cracker_scene1,50,old
543,2.3124125003814697,0.08161163771983602,obse,cracker_scene1,50,old
544,2.31648850440979,0.08161163771983602,obse,cracker_scene1,50,old
545,2.3205206394195557,0.08161163771983602,obse,cracker_scene1,50,old
546,2.3246328830718994,0.08162984269788552,obse,cracker_scene1,50,old
547,2.328836441040039,0.0810649484008712,obse,cracker_scene1,50,old
548,2.333301067352295,0.06981144221961914,obse,cracker_scene1,50,old
549,2.3375680446624756,0.07020050899151521,obse,cracker_scene1,50,old
550,2.3417282104492188,0.07020050899151521,obse,cracker_scene1,50,old
551,2.345815420150757,0.07020050899151521,obse,cracker_scene1,50,old
552,2.350152015686035,0.06876460863479594,obse,cracker_scene1,50,old
553,2.354266881942749,0.07005867989983301,obse,cracker_scene1,50,old
554,2.358405828475952,0.07005867989983301,obse,cracker_scene1,50,old
555,2.3625762462615967,0.07007299058680391,obse,cracker_scene1,50,old
556,2.3665852546691895,0.07007299058680391,obse,cracker_scene1,50,old
557,2.3704991340637207,0.07007299058680391,obse,cracker_scene1,50,old
558,2.374717950820923,0.06999105503544215,obse,cracker_scene1,50,old
559,2.378743886947632,0.06999105503544215,obse,cracker_scene1,50,old
560,2.3829567432403564,0.06892619211105334,obse,cracker_scene1,50,old
561,2.387139320373535,0.06927952853126965,obse,cracker_scene1,50,old
562,2.3912858963012695,0.07721275548399155,obse,cracker_scene1,50,old
563,2.3954684734344482,0.0797542597636175,obse,cracker_scene1,50,old
564,2.399705410003662,0.07931610199346138,obse,cracker_scene1,50,old
565,2.4041049480438232,0.07927089816326957,obse,cracker_scene1,50,old
566,2.408264398574829,0.07927089816326957,obse,cracker_scene1,50,old
567,2.412633180618286,0.07959494005223641,obse,cracker_scene1,50,old
568,2.4166007041931152,0.07959494005223641,obse,cracker_scene1,50,old
569,2.421163558959961,0.07959494005223641,obse,cracker_scene1,50,old
570,2.4251656532287598,0.07935361492278839,obse,cracker_scene1,50,old
571,2.4295296669006348,0.07826553622469469,obse,cracker_scene1,50,old
572,2.433501720428467,0.07826553622469469,obse,cracker_scene1,50,old
573,2.43776798248291,0.0798006137897271,obse,cracker_scene1,50,old
574,2.4417977333068848,0.0798006137897271,obse,cracker_scene1,50,old
575,2.4460949897766113,0.0788307308324478,obse,cracker_scene1,50,old
576,2.4500067234039307,0.0788307308324478,obse,cracker_scene1,50,old
577,2.45430326461792,0.0791708550668349,obse,cracker_scene1,50,old
578,2.4588253498077393,0.0791708550668349,obse,cracker_scene1,50,old
579,2.463144302368164,0.07836241788172092,obse,cracker_scene1,50,old
580,2.467210054397583,0.0795573994991312,obse,cracker_scene1,50,old
581,2.471163749694824,0.0795573994991312,obse,cracker_scene1,50,old
582,2.475513219833374,0.08129218818129416,obse,cracker_scene1,50,old
583,2.4796388149261475,0.08215546101831815,obse,cracker_scene1,50,old
584,2.48356556892395,0.08215546101831815,obse,cracker_scene1,50,old
585,2.487776756286621,0.08236901834407732,obse,cracker_scene1,50,old
586,2.491743803024292,0.08236901834407732,obse,cracker_scene1,50,old
587,2.495995283126831,0.08290012990681742,obse,cracker_scene1,50,old
588,2.500001907348633,0.08290012990681742,obse,cracker_scene1,50,old
589,2.5040712356567383,0.08299828327696412,obse,cracker_scene1,50,old
590,2.5083117485046387,0.08299828327696412,obse,cracker_scene1,50,old
591,2.512279510498047,0.08299828327696412,obse,cracker_scene1,50,old
592,2.5165085792541504,0.08364245536395361,obse,cracker_scene1,50,old
593,2.520886182785034,0.0844358705891914,obse,cracker_scene1,50,old
594,2.525038480758667,0.071266177106146,obse,cracker_scene1,50,old
595,2.5292861461639404,0.07067160057642419,obse,cracker_scene1,50,old
596,2.53326678276062,0.07054553729700885,obse,cracker_scene1,50,old
597,2.537475347518921,0.07122157751245695,obse,cracker_scene1,50,old
598,2.5413968563079834,0.07122157751245695,obse,cracker_scene1,50,old
599,2.5453600883483887,0.07122157751245695,obse,cracker_scene1,50,old
600,2.5496387481689453,0.07257681062683277,obse,cracker_scene1,50,old
601,2.553872585296631,0.07352165550658477,obse,cracker_scene1,50,old
602,2.557985544204712,0.07352165550658477,obse,cracker_scene1,50,old
603,2.5621254444122314,0.07412629472087542,obse,cracker_scene1,50,old
604,2.5661327838897705,0.07412629472087542,obse,cracker_scene1,50,old
605,2.5700795650482178,0.07412629472087542,obse,cracker_scene1,50,old
606,2.5744314193725586,0.0738174263362755,obse,cracker_scene1,50,old
607,2.578465700149536,0.07523720633314616,obse,cracker_scene1,50,old
608,2.5828921794891357,0.07523720633314616,obse,cracker_scene1,50,old
609,2.586974620819092,0.07549739555802966,obse,cracker_scene1,50,old
610,2.5912015438079834,0.07549739555802966,obse,cracker_scene1,50,old
611,2.5955660343170166,0.06248102956097267,obse,cracker_scene1,50,old
612,2.599668264389038,0.06193167950736512,obse,cracker_scene1,50,old
613,2.6037955284118652,0.06333994676837637,obse,cracker_scene1,50,old
614,2.6078035831451416,0.06333994676837637,obse,cracker_scene1,50,old
615,2.6117732524871826,0.06333994676837637,obse,cracker_scene1,50,old
616,2.6159675121307373,0.06484210790946891,obse,cracker_scene1,50,old
617,2.619962215423584,0.06484210790946891,obse,cracker_scene1,50,old
618,2.624155044555664,0.06440417903075957,obse,cracker_scene1,50,old
619,2.628106117248535,0.06438761146772279,obse,cracker_scene1,50,old
620,2.6324126720428467,0.06494902412503457,obse,cracker_scene1,50,old
621,2.6366043090820312,0.06626042096564937,obse,cracker_scene1,50,old
622,2.6406805515289307,0.06626042096564937,obse,cracker_scene1,50,old
623,2.6446681022644043,0.06626598954478209,obse,cracker_scene1,50,old
624,2.6487724781036377,0.06626598954478209,obse,cracker_scene1,50,old
625,2.652702808380127,0.06626598954478209,obse,cracker_scene1,50,old
626,2.657102584838867,0.06732509398754084,obse,cracker_scene1,50,old
627,2.6610214710235596,0.07972103030955976,obse,cracker_scene1,50,old
628,2.66536545753479,0.08270717730108962,obse,cracker_scene1,50,old
629,2.669400691986084,0.08395465794032168,obse,cracker_scene1,50,old
630,2.673846483230591,0.08395465794032168,obse,cracker_scene1,50,old
631,2.677805185317993,0.08395465794032168,obse,cracker_scene1,50,old
632,2.681999683380127,0.08572496225507462,obse,cracker_scene1,50,old
633,2.686357021331787,0.08597810226004572,obse,cracker_scene1,50,old
634,2.6905405521392822,0.08597810226004572,obse,cracker_scene1,50,old
635,2.694514036178589,0.08597810226004572,obse,cracker_scene1,50,old
636,2.6987996101379395,0.08772863986538944,obse,cracker_scene1,50,old
637,2.7029430866241455,0.08980973588156708,obse,cracker_scene1,50,old
638,2.7071709632873535,0.08980973588156708,obse,cracker_scene1,50,old
639,2.7111337184906006,0.08980973588156708,obse,cracker_scene1,50,old
640,2.7152161598205566,0.08980973588156708,obse,cracker_scene1,50,old
641,2.7196831703186035,0.09237070493029628,obse,cracker_scene1,50,old
642,2.7240498065948486,0.10740127457767648,obse,cracker_scene1,50,old
643,2.7281885147094727,0.1076948360830325,obse,cracker_scene1,50,old
644,2.732515335083008,0.10920142478720628,obse,cracker_scene1,50,old
645,2.7368075847625732,0.11039203885829166,obse,cracker_scene1,50,old
646,2.7413442134857178,0.11039203885829166,obse,cracker_scene1,50,old
647,2.745546817779541,0.11090621880722312,obse,cracker_scene1,50,old
648,2.749692440032959,0.11153743386373872,obse,cracker_scene1,50,old
649,2.754082202911377,0.1117834312090603,obse,cracker_scene1,50,old
650,2.7580342292785645,0.1117834312090603,obse,cracker_scene1,50,old
651,2.7622499465942383,0.1124234702638114,obse,cracker_scene1,50,old
652,2.7663400173187256,0.1124234702638114,obse,cracker_scene1,50,old
653,2.770570993423462,0.11422549489561382,obse,cracker_scene1,50,old
654,2.774616003036499,0.11422549489561382,obse,cracker_scene1,50,old
655,2.778733730316162,0.11542423801648506,obse,cracker_scene1,50,old
656,2.7828831672668457,0.11542423801648506,obse,cracker_scene1,50,old
657,2.787168264389038,0.11542423801648506,obse,cracker_scene1,50,old
658,2.79140567779541,0.11628098469219572,obse,cracker_scene1,50,old
659,2.795717239379883,0.13858749967070802,obse,cracker_scene1,50,old
660,2.7997686862945557,0.1402806841203499,obse,cracker_scene1,50,old
661,2.8041129112243652,0.14194868172760747,obse,cracker_scene1,50,old
662,2.808128833770752,0.14194868172760747,obse,cracker_scene1,50,old
663,2.81223201751709,0.14388286741790599,obse,cracker_scene1,50,old
664,2.8163607120513916,0.1442784928079472,obse,cracker_scene1,50,old
665,2.820598602294922,0.1446227052733102,obse,cracker_scene1,50,old
666,2.82470703125,0.1446227052733102,obse,cracker_scene1,50,old
667,2.8287107944488525,0.1446227052733102,obse,cracker_scene1,50,old
668,2.8329150676727295,0.14470635949621924,obse,cracker_scene1,50,old
669,2.837193250656128,0.14406511679513004,obse,cracker_scene1,50,old
670,2.841285228729248,0.1442759326161538,obse,cracker_scene1,50,old
671,2.8455755710601807,0.14593996114762078,obse,cracker_scene1,50,old
672,2.849489688873291,0.14593996114762078,obse,cracker_scene1,50,old
673,2.853797197341919,0.1465769302468152,obse,cracker_scene1,50,old
674,2.8579587936401367,0.1465769302468152,obse,cracker_scene1,50,old
675,2.862156391143799,0.14696102570036337,obse,cracker_scene1,50,old
676,2.8663642406463623,0.1481870840292426,obse,cracker_scene1,50,old
677,2.8706119060516357,0.14876940991373844,obse,cracker_scene1,50,old
678,2.874763250350952,0.14876940991373844,obse,cracker_scene1,50,old
679,2.8790156841278076,0.1490186183620783,obse,cracker_scene1,50,old
680,2.883059024810791,0.1490186183620783,obse,cracker_scene1,50,old
681,2.887242078781128,0.149514788093349,obse,cracker_scene1,50,old
682,2.891282320022583,0.1494265034006011,obse,cracker_scene1,50,old
683,2.8953821659088135,0.1494265034006011,obse,cracker_scene1,50,old
684,2.8998284339904785,0.1497162108815011,obse,cracker_scene1,50,old
685,2.9042537212371826,0.15068967868890468,obse,cracker_scene1,50,old
686,2.908595085144043,0.15074318612256601,obse,cracker_scene1,50,old
687,2.912796974182129,0.15100562149268829,obse,cracker_scene1,50,old
688,2.916869878768921,0.15100562149268829,obse,cracker_scene1,50,old
689,2.9211087226867676,0.152395577603845,obse,cracker_scene1,50,old
690,2.9250833988189697,0.152395577603845,obse,cracker_scene1,50,old
691,2.929274559020996,0.15319700092389893,obse,cracker_scene1,50,old
692,2.933394193649292,0.15277974004410713,obse,cracker_scene1,50,old
693,2.9375860691070557,0.1535759182170348,obse,cracker_scene1,50,old
694,2.9416444301605225,0.1535759182170348,obse,cracker_scene1,50,old
695,2.9460644721984863,0.15458440929362705,obse,cracker_scene1,50,old
696,2.9499478340148926,0.15458440929362705,obse,cracker_scene1,50,old
697,2.9541993141174316,0.15510062460314902,obse,cracker_scene1,50,old
698,2.9582834243774414,0.15510062460314902,obse,cracker_scene1,50,old
699,2.962495803833008,0.15495689543036814,obse,cracker_scene1,50,old
700,2.966587781906128,0.15495689543036814,obse,cracker_scene1,50,old
701,2.9708304405212402,0.15509214408565714,obse,cracker_scene1,50,old
702,2.9749300479888916,0.15509214408565714,obse,cracker_scene1,50,old
703,2.9793405532836914,0.1553870922509694,obse,cracker_scene1,50,old
704,2.983496904373169,0.1554542951398596,obse,cracker_scene1,50,old
705,2.9875688552856445,0.1554542951398596,obse,cracker_scene1,50,old
706,2.9919075965881348,0.1553226817126575,obse,cracker_scene1,50,old
707,2.996137857437134,0.15538081533961073,obse,cracker_scene1,50,old
708,3.0001368522644043,0.15538081533961073,obse,cracker_scene1,50,old
709,3.0043716430664062,0.15559017042291853,obse,cracker_scene1,50,old
710,3.0085525512695312,0.1555209045132807,obse,cracker_scene1,50,old
711,3.0127336978912354,0.15611830206015687,obse,cracker_scene1,50,old
712,3.016929864883423,0.15611830206015687,obse,cracker_scene1,50,old
713,3.021152973175049,0.1561693046247487,obse,cracker_scene1,50,old
714,3.02551007270813,0.1561693046247487,obse,cracker_scene1,50,old
715,3.0297210216522217,0.15513981875318694,obse,cracker_scene1,50,old
716,3.0337119102478027,0.15513981875318694,obse,cracker_scene1,50,old
717,3.037964105606079,0.15585415850610945,obse,cracker_scene1,50,old
718,3.041896104812622,0.15585415850610945,obse,cracker_scene1,50,old
719,3.046151638031006,0.1561823895585798,obse,cracker_scene1,50,old
720,3.0500705242156982,0.1561823895585798,obse,cracker_scene1,50,old
721,3.0542514324188232,0.15641437154087875,obse,cracker_scene1,50,old
722,3.058347463607788,0.15641437154087875,obse,cracker_scene1,50,old
723,3.0627574920654297,0.15523824883847132,obse,cracker_scene1,50,old
724,3.0670933723449707,0.15523824883847132,obse,cracker_scene1,50,old
725,3.0712990760803223,0.15635904458344402,obse,cracker_scene1,50,old
726,3.075303792953491,0.15635904458344402,obse,cracker_scene1,50,old
727,3.0794496536254883,0.15513991697284282,obse,cracker_scene1,50,old
728,3.0833628177642822,0.15513991697284282,obse,cracker_scene1,50,old
729,3.0875027179718018,0.1552677912847057,obse,cracker_scene1,50,old
730,3.091590642929077,0.15635729822372443,obse,cracker_scene1,50,old
731,3.0955889225006104,0.15635729822372443,obse,cracker_scene1,50,old
732,3.099778652191162,0.15602536824865884,obse,cracker_scene1,50,old
733,3.1039388179779053,0.15483324803284595,obse,cracker_scene1,50,old
734,3.1081032752990723,0.15483324803284595,obse,cracker_scene1,50,old
735,3.112269163131714,0.15596188846865333,obse,cracker_scene1,50,old
736,3.116335153579712,0.15596188846865333,obse,cracker_scene1,50,old
737,3.120502233505249,0.15494910505944254,obse,cracker_scene1,50,old
738,3.1246190071105957,0.15494910505944254,obse,cracker_scene1,50,old
739,3.128870725631714,0.15609496943839837,obse,cracker_scene1,50,old
740,3.1329119205474854,0.15609496943839837,obse,cracker_scene1,50,old
741,3.1369845867156982,0.15609496943839837,obse,cracker_scene1,50,old
742,3.141313314437866,0.15622560168030486,obse,cracker_scene1,50,old
743,3.1454923152923584,0.1563306948959138,obse,cracker_scene1,50,old
744,3.14943265914917,0.1563306948959138,obse,cracker_scene1,50,old
745,3.1534502506256104,0.1563306948959138,obse,cracker_scene1,50,old
746,3.157754898071289,0.15608447265311085,obse,cracker_scene1,50,old
747,3.1619060039520264,0.1560553655890725,obse,cracker_scene1,50,old
748,3.1659743785858154,0.1560553655890725,obse,cracker_scene1,50,old
749,3.16999888420105,0.15494311541054157,obse,cracker_scene1,50,old
750,3.1742091178894043,0.15494311541054157,obse,cracker_scene1,50,old
751,3.1782562732696533,0.15494311541054157,obse,cracker_scene1,50,old
752,3.182457685470581,0.15570678323034728,obse,cracker_scene1,50,old
753,3.1864874362945557,0.15570678323034728,obse,cracker_scene1,50,old
754,3.1908562183380127,0.15492697687092255,obse,cracker_scene1,50,old
755,3.1950902938842773,0.1561641038737146,obse,cracker_scene1,50,old
756,3.1991682052612305,0.1561641038737146,obse,cracker_scene1,50,old
757,3.2033255100250244,0.15593734405868237,obse,cracker_scene1,50,old
758,3.2074549198150635,0.15593734405868237,obse,cracker_scene1,50,old
759,3.21160626411438,0.15607363231612895,obse,cracker_scene1,50,old
760,3.21598482131958,0.15500299791016617,obse,cracker_scene1,50,old
761,3.2201039791107178,0.15615888735075756,obse,cracker_scene1,50,old
762,3.224163055419922,0.15615888735075756,obse,cracker_scene1,50,old
763,3.22836971282959,0.15599649672497573,obse,cracker_scene1,50,old
764,3.2326438426971436,0.1560406997214467,obse,cracker_scene1,50,old
765,3.2368147373199463,0.15623902549606075,obse,cracker_scene1,50,old
766,3.240879774093628,0.15623902549606075,obse,cracker_scene1,50,old
767,3.2452335357666016,0.15633170234258204,obse,cracker_scene1,50,old
768,3.249361038208008,0.15633170234258204,obse,cracker_scene1,50,old
769,3.2534937858581543,0.1550235351388213,obse,cracker_scene1,50,old
770,3.2575933933258057,0.1550235351388213,obse,cracker_scene1,50,old
771,3.2614924907684326,0.1550235351388213,obse,cracker_scene1,50,old
772,3.265806198120117,0.15606474983177762,obse,cracker_scene1,50,old
773,3.269841194152832,0.15606474983177762,obse,cracker_scene1,50,old
774,3.2741622924804688,0.1547674236143402,obse,cracker_scene1,50,old
775,3.2781968116760254,0.1547674236143402,obse,cracker_scene1,50,old
776,3.282257556915283,0.15587652293337542,obse,cracker_scene1,50,old
777,3.2864577770233154,0.15587652293337542,obse,cracker_scene1,50,old
778,3.2905263900756836,0.15597055130431933,obse,cracker_scene1,50,old
779,3.294565439224243,0.15597055130431933,obse,cracker_scene1,50,old
780,3.298999071121216,0.1562148027393328,obse,cracker_scene1,50,old
781,3.303241491317749,0.15514459165638833,obse,cracker_scene1,50,old
782,3.30757999420166,0.1550698019456517,obse,cracker_scene1,50,old
783,3.3116378784179688,0.1550698019456517,obse,cracker_scene1,50,old
784,3.3158199787139893,0.1549924812367447,obse,cracker_scene1,50,old
785,3.320115089416504,0.154947194816142,obse,cracker_scene1,50,old
786,3.3242928981781006,0.15494676887737158,obse,cracker_scene1,50,old
787,3.328571081161499,0.15488632260034604,obse,cracker_scene1,50,old
788,3.3326146602630615,0.15598408115275017,obse,cracker_scene1,50,old
789,3.3367764949798584,0.15611837906267756,obse,cracker_scene1,50,old
790,3.3409817218780518,0.15611837906267756,obse,cracker_scene1,50,old
791,3.345140218734741,0.15511981830219596,obse,cracker_scene1,50,old
792,3.349263906478882,0.15511981830219596,obse,cracker_scene1,50,old
793,3.3534934520721436,0.15590299849009442,obse,cracker_scene1,50,old
794,3.3575899600982666,0.15590299849009442,obse,cracker_scene1,50,old
795,3.361579179763794,0.15597283501586137,obse,cracker_scene1,50,old
796,3.365809679031372,0.15597283501586137,obse,cracker_scene1,50,old
797,3.369821786880493,0.15512558970453816,obse,cracker_scene1,50,old
798,3.374027967453003,0.15512558970453816,obse,cracker_scene1,50,old
799,3.3781344890594482,0.15608827813472942,obse,cracker_scene1,50,old
800,3.38226318359375,0.15608827813472942,obse,cracker_scene1,50,old
801,3.3863561153411865,0.15594294191643351,obse,cracker_scene1,50,old
802,3.390589952468872,0.15594294191643351,obse,cracker_scene1,50,old
803,3.394629955291748,0.15594294191643351,obse,cracker_scene1,50,old
804,3.3988869190216064,0.1549255431358322,obse,cracker_scene1,50,old
805,3.40297532081604,0.15476416735772117,obse,cracker_scene1,50,old
806,3.4071238040924072,0.15476416735772117,obse,cracker_scene1,50,old
807,3.411182403564453,0.1548975722790894,obse,cracker_scene1,50,old
808,3.415499210357666,0.1548975722790894,obse,cracker_scene1,50,old
809,3.419585943222046,0.155947135717371,obse,cracker_scene1,50,old
810,3.423642635345459,0.155947135717371,obse,cracker_scene1,50,old
811,3.427729845046997,0.1560876480266373,obse,cracker_scene1,50,old
812,3.431915760040283,0.1560876480266373,obse,cracker_scene1,50,old
813,3.4361515045166016,0.15497493741669852,obse,cracker_scene1,50,old
814,3.4405109882354736,0.15497493741669852,obse,cracker_scene1,50,old
815,3.4445712566375732,0.15497493741669852,obse,cracker_scene1,50,old
816,3.448925733566284,0.15617431286723685,obse,cracker_scene1,50,old
817,3.453340530395508,0.15598394117984224,obse,cracker_scene1,50,old
818,3.457573652267456,0.15598394117984224,obse,cracker_scene1,50,old
819,3.4618494510650635,0.15625668776534377,obse,cracker_scene1,50,old
820,3.466050148010254,0.15625668776534377,obse,cracker_scene1,50,old
821,3.4702181816101074,0.15517845245045572,obse,cracker_scene1,50,old
822,3.474290609359741,0.15517845245045572,obse,cracker_scene1,50,old
823,3.478389263153076,0.15517845245045572,obse,cracker_scene1,50,old
824,3.4827003479003906,0.15671751810790574,obse,cracker_scene1,50,old
825,3.486910820007324,0.15693522070915095,obse,cracker_scene1,50,old
826,3.490980386734009,0.15693522070915095,obse,cracker_scene1,50,old
827,3.495067596435547,0.15708611350848367,obse,cracker_scene1,50,old
828,3.499147415161133,0.15708611350848367,obse,cracker_scene1,50,old
829,3.5032646656036377,0.1562550800189097,obse,cracker_scene1,50,old
830,3.507507085800171,0.1562550800189097,obse,cracker_scene1,50,old
831,3.5116028785705566,0.1570040899485031,obse,cracker_scene1,50,old
832,3.5158088207244873,0.1570040899485031,obse,cracker_scene1,50,old
833,3.519881010055542,0.1591164818860559,obse,cracker_scene1,50,old
834,3.524012565612793,0.1591164818860559,obse,cracker_scene1,50,old
835,3.5282843112945557,0.15925091953105577,obse,cracker_scene1,50,old
836,3.5326499938964844,0.15925091953105577,obse,cracker_scene1,50,old
837,3.536940574645996,0.15931749412863466,obse,cracker_scene1,50,old
838,3.5412325859069824,0.1598423919733797,obse,cracker_scene1,50,old
839,3.545407772064209,0.15955916436806802,obse,cracker_scene1,50,old
840,3.549522876739502,0.15955916436806802,obse,cracker_scene1,50,old
841,3.5536394119262695,0.16130038828275314,obse,cracker_scene1,50,old
842,3.5577235221862793,0.16130038828275314,obse,cracker_scene1,50,old
843,3.561751365661621,0.16188784714804086,obse,cracker_scene1,50,old
844,3.5658881664276123,0.16188784714804086,obse,cracker_scene1,50,old
845,3.5699312686920166,0.16074266645345323,obse,cracker_scene1,50,old
846,3.573932647705078,0.16094652908288082,obse,cracker_scene1,50,old
847,3.5780675411224365,0.16094652908288082,obse,cracker_scene1,50,old
848,3.5822131633758545,0.16262454919988933,obse,cracker_scene1,50,old
849,3.586324691772461,0.16262454919988933,obse,cracker_scene1,50,old
850,3.590587854385376,0.16279154757417777,obse,cracker_scene1,50,old
851,3.5946872234344482,0.16279154757417777,obse,cracker_scene1,50,old
852,3.598818063735962,0.16452614453772071,obse,cracker_scene1,50,old
853,3.602863311767578,0.16452614453772071,obse,cracker_scene1,50,old
854,3.6070826053619385,0.16573287526729436,obse,cracker_scene1,50,old
855,3.61114764213562,0.16573287526729436,obse,cracker_scene1,50,old
856,3.6152656078338623,0.1657423025347222,obse,cracker_scene1,50,old
857,3.619493246078491,0.16515048780894723,obse,cracker_scene1,50,old
858,3.6235547065734863,0.16568968881398782,obse,cracker_scene1,50,old
859,3.6277196407318115,0.16568968881398782,obse,cracker_scene1,50,old
860,3.631784200668335,0.16657159470246646,obse,cracker_scene1,50,old
861,3.635894298553467,0.16657159470246646,obse,cracker_scene1,50,old
862,3.6402995586395264,0.1676921576738052,obse,cracker_scene1,50,old
863,3.644416570663452,0.16822186305497464,obse,cracker_scene1,50,old
864,3.6487550735473633,0.16869811727128792,obse,cracker_scene1,50,old
865,3.652980089187622,0.16810070322678422,obse,cracker_scene1,50,old
866,3.65733003616333,0.16927078788296515,obse,cracker_scene1,50,old
867,3.6612703800201416,0.16927078788296515,obse,cracker_scene1,50,old
868,3.6654157638549805,0.1703652950049443,obse,cracker_scene1,50,old
869,3.6697022914886475,0.1703652950049443,obse,cracker_scene1,50,old
870,3.6737124919891357,0.1732797850404231,obse,cracker_scene1,50,old
871,3.677861213684082,0.1732797850404231,obse,cracker_scene1,50,old
872,3.6820762157440186,0.17436227940231505,obse,cracker_scene1,50,old
873,3.6863152980804443,0.17441385082934382,obse,cracker_scene1,50,old
874,3.690542221069336,0.17441385082934382,obse,cracker_scene1,50,old
875,3.694535970687866,0.17441385082934382,obse,cracker_scene1,50,old
876,3.6989586353302,0.17552800277320757,obse,cracker_scene1,50,old
877,3.7029507160186768,0.17552800277320757,obse,cracker_scene1,50,old
878,3.7071053981781006,0.1759268498739754,obse,cracker_scene1,50,old
879,3.711344003677368,0.17483761291142824,obse,cracker_scene1,50,old
880,3.7156853675842285,0.17603965669978888,obse,cracker_scene1,50,old
881,3.719731569290161,0.17603965669978888,obse,cracker_scene1,50,old
882,3.723851203918457,0.17710918759829952,obse,cracker_scene1,50,old
883,3.728060483932495,0.17883849489051076,obse,cracker_scene1,50,old
884,3.73233699798584,0.17883849489051076,obse,cracker_scene1,50,old
885,3.7364988327026367,0.17883849489051076,obse,cracker_scene1,50,old
886,3.7409398555755615,0.18140434775374728,obse,cracker_scene1,50,old
887,3.7450406551361084,0.1832321423020191,obse,cracker_scene1,50,old
888,3.750678777694702,0.1832321423020191,obse,cracker_scene1,50,old
889,3.755329132080078,0.18455795455062013,obse,cracker_scene1,50,old
890,3.759453296661377,0.18455795455062013,obse,cracker_scene1,50,old
891,3.7638230323791504,0.18571156894204652,obse,cracker_scene1,50,old
892,3.767979860305786,0.18571156894204652,obse,cracker_scene1,50,old
893,3.7725348472595215,0.1870649848837867,obse,cracker_scene1,50,old
894,3.776552200317383,0.1870649848837867,obse,cracker_scene1,50,old
895,3.7810418605804443,0.18705170100848256,obse,cracker_scene1,50,old
896,3.7850759029388428,0.18705170100848256,obse,cracker_scene1,50,old
897,3.7903923988342285,0.18780202201593219,obse,cracker_scene1,50,old
898,3.7945711612701416,0.18895439469112738,obse,cracker_scene1,50,old
899,3.7989413738250732,0.18996515568135036,obse,cracker_scene1,50,old
900,3.8043875694274902,0.1921403225731541,obse,cracker_scene1,50,old
901,3.808753490447998,0.1921403225731541,obse,cracker_scene1,50,old
902,3.8132033348083496,0.1949476848715386,obse,cracker_scene1,50,old
903,3.817286252975464,0.1949476848715386,obse,cracker_scene1,50,old
904,3.821671962738037,0.19688200911758583,obse,cracker_scene1,50,old
905,3.825839042663574,0.19688200911758583,obse,cracker_scene1,50,old
906,3.830338954925537,0.19768219943279303,obse,cracker_scene1,50,old
907,3.835498809814453,0.19704459321505108,obse,cracker_scene1,50,old
908,3.839895725250244,0.198204858974013,obse,cracker_scene1,50,old
909,3.84393048286438,0.198204858974013,obse,cracker_scene1,50,old
910,3.84835147857666,0.19881886613760094,obse,cracker_scene1,50,old
911,3.8525192737579346,0.2002772763780971,obse,cracker_scene1,50,old
912,3.8569343090057373,0.2002772763780971,obse,cracker_scene1,50,old
913,3.8619587421417236,0.20189286097940967,obse,cracker_scene1,50,old
914,3.8665716648101807,0.20189286097940967,obse,cracker_scene1,50,old
915,3.8708691596984863,0.2046615114946568,obse,cracker_scene1,50,old
916,3.875352144241333,0.2046615114946568,obse,cracker_scene1,50,old
917,3.879671335220337,0.20411152378265762,obse,cracker_scene1,50,old
918,3.8837718963623047,0.20411152378265762,obse,cracker_scene1,50,old
919,3.8880765438079834,0.2072612420175162,obse,cracker_scene1,50,old
920,3.8922250270843506,0.2072612420175162,obse,cracker_scene1,50,old
921,3.8964948654174805,0.209774074067389,obse,cracker_scene1,50,old
922,3.900526762008667,0.209774074067389,obse,cracker_scene1,50,old
923,3.9048097133636475,0.2114935361134576,obse,cracker_scene1,50,old
924,3.9088540077209473,0.2114935361134576,obse,cracker_scene1,50,old
925,3.9131124019622803,0.21335003526878132,obse,cracker_scene1,50,old
926,3.9172074794769287,0.21335003526878132,obse,cracker_scene1,50,old
927,3.92146372795105,0.21405571932815665,obse,cracker_scene1,50,old
928,3.9254777431488037,0.21405571932815665,obse,cracker_scene1,50,old
929,3.9299001693725586,0.21698240317618764,obse,cracker_scene1,50,old
930,3.934079647064209,0.21698240317618764,obse,cracker_scene1,50,old
931,3.938666343688965,0.21719333104247698,obse,cracker_scene1,50,old
932,3.9426825046539307,0.21719333104247698,obse,cracker_scene1,50,old
933,3.947063446044922,0.2179043742754021,obse,cracker_scene1,50,old
934,3.951373815536499,0.2179043742754021,obse,cracker_scene1,50,old
935,3.9558846950531006,0.2183954691449109,obse,cracker_scene1,50,old
936,3.9600038528442383,0.2183954691449109,obse,cracker_scene1,50,old
937,3.9644691944122314,0.21838389016731038,obse,cracker_scene1,50,old
938,3.968639373779297,0.21838389016731038,obse,cracker_scene1,50,old
939,3.973231792449951,0.21786205920901028,obse,cracker_scene1,50,old
940,3.977302312850952,0.21786205920901028,obse,cracker_scene1,50,old
941,3.981682300567627,0.21865720717938972,obse,cracker_scene1,50,old
942,3.9858243465423584,0.2180827808955175,obse,cracker_scene1,50,old
943,3.990217685699463,0.2180827808955175,obse,cracker_scene1,50,old
944,3.9944369792938232,0.21687486743486736,obse,cracker_scene1,50,old
945,3.998870849609375,0.21610233471225238,obse,cracker_scene1,50,old
946,4.0030786991119385,0.2173210409893754,obse,cracker_scene1,50,old
947,4.007553815841675,0.2173210409893754,obse,cracker_scene1,50,old
948,4.0118088722229,0.21703913953040357,obse,cracker_scene1,50,old
949,4.016107797622681,0.21703913953040357,obse,cracker_scene1,50,old
950,4.021174907684326,0.2169861700956988,obse,cracker_scene1,50,old
951,4.027209997177124,0.2169861700956988,obse,cracker_scene1,50,old
952,4.031777381896973,0.21687624336110092,obse,cracker_scene1,50,old
953,4.036320209503174,0.21650946292719558,obse,cracker_scene1,50,old
954,4.040628671646118,0.21650946292719558,obse,cracker_scene1,50,old
955,4.0447657108306885,0.21724868298643363,obse,cracker_scene1,50,old
956,4.04906964302063,0.21724868298643363,obse,cracker_scene1,50,old
957,4.05322265625,0.2163317936609145,obse,cracker_scene1,50,old
958,4.057371139526367,0.2163317936609145,obse,cracker_scene1,50,old
959,4.061742544174194,0.21468227060118708,obse,cracker_scene1,50,old
960,4.0658485889434814,0.21468227060118708,obse,cracker_scene1,50,old
961,4.07007622718811,0.21632860672192628,obse,cracker_scene1,50,old
962,4.074206113815308,0.21632860672192628,obse,cracker_scene1,50,old
963,4.078270673751831,0.21627143286418968,obse,cracker_scene1,50,old
964,4.082488059997559,0.21627143286418968,obse,cracker_scene1,50,old
965,4.086633205413818,0.21684788800646027,obse,cracker_scene1,50,old
966,4.092656135559082,0.21684788800646027,obse,cracker_scene1,50,old
967,4.097315073013306,0.21617141625130296,obse,cracker_scene1,50,old
968,4.101464748382568,0.21617141625130296,obse,cracker_scene1,50,old
969,4.10588812828064,0.21481556919644612,obse,cracker_scene1,50,old
970,4.109973192214966,0.21481556919644612,obse,cracker_scene1,50,old
971,4.115262269973755,0.214216588556857,obse,cracker_scene1,50,old
972,4.119326829910278,0.2149366683048553,obse,cracker_scene1,50,old
973,4.123522520065308,0.2149366683048553,obse,cracker_scene1,50,old
974,4.127956867218018,0.21493020018758635,obse,cracker_scene1,50,old
975,4.132209777832031,0.21441592045480906,obse,cracker_scene1,50,old
976,4.136556625366211,0.21312742977698554,obse,cracker_scene1,50,old
977,4.140893459320068,0.21312742977698554,obse,cracker_scene1,50,old
978,4.14498233795166,0.21386704606752052,obse,cracker_scene1,50,old
979,4.14945650100708,0.21386704606752052,obse,cracker_scene1,50,old
980,4.153724193572998,0.21538102279197838,obse,cracker_scene1,50,old
981,4.157987356185913,0.21538102279197838,obse,cracker_scene1,50,old
982,4.162325859069824,0.21506714466315915,obse,cracker_scene1,50,old
983,4.166729688644409,0.21506714466315915,obse,cracker_scene1,50,old
984,4.171470642089844,0.21412593727897197,obse,cracker_scene1,50,old
985,4.175388813018799,0.21412593727897197,obse,cracker_scene1,50,old
986,4.180297136306763,0.21462744072655932,obse,cracker_scene1,50,old
987,4.1855785846710205,0.21462744072655932,obse,cracker_scene1,50,old
988,4.19024658203125,0.21493611538532384,obse,cracker_scene1,50,old
989,4.19682240486145,0.21303601138144415,obse,cracker_scene1,50,old
990,4.201449394226074,0.21303601138144415,obse,cracker_scene1,50,old
991,4.205936431884766,0.21232180774035708,obse,cracker_scene1,50,old
992,4.20997166633606,0.21232180774035708,obse,cracker_scene1,50,old
993,4.214284658432007,0.21305606595811513,obse,cracker_scene1,50,old
994,4.218256950378418,0.21305606595811513,obse,cracker_scene1,50,old
995,4.222531318664551,0.21393999705345265,obse,cracker_scene1,50,old
996,4.226570129394531,0.21393999705345265,obse,cracker_scene1,50,old
997,4.231063604354858,0.21441871686018815,obse,cracker_scene1,50,old
998,4.235308647155762,0.21441871686018815,obse,cracker_scene1,50,old
999,4.2398693561553955,0.21487764153367023,obse,cracker_scene1,50,old
1000,4.243903875350952,0.21487764153367023,obse,cracker_scene1,50,old
1001,4.24817681312561,0.21333370277519634,obse,cracker_scene1,50,old
1002,4.254415035247803,0.21287897816013807,obse,cracker_scene1,50,old
1003,4.258954048156738,0.21287897816013807,obse,cracker_scene1,50,old
1004,4.264045238494873,0.2141515886269746,obse,cracker_scene1,50,old
1005,4.2685182094573975,0.2141515886269746,obse,cracker_scene1,50,old
1006,4.2730162143707275,0.2135369467659991,obse,cracker_scene1,50,old
1007,4.277146100997925,0.21355599123197883,obse,cracker_scene1,50,old
1008,4.2815093994140625,0.21357585732084852,obse,cracker_scene1,50,old
1009,4.2856669425964355,0.21357585732084852,obse,cracker_scene1,50,old
1010,4.290090799331665,0.2131770602873635,obse,cracker_scene1,50,old
1011,4.294169902801514,0.2131770602873635,obse,cracker_scene1,50,old
1012,4.298584222793579,0.21258604673889112,obse,cracker_scene1,50,old
1013,4.302778005599976,0.2123086239714557,obse,cracker_scene1,50,old
1014,4.30708122253418,0.2123086239714557,obse,cracker_scene1,50,old
1015,4.3113203048706055,0.2125875177618011,obse,cracker_scene1,50,old
1016,4.3155858516693115,0.2125875177618011,obse,cracker_scene1,50,old
1017,4.320452451705933,0.21193264354916394,obse,cracker_scene1,50,old
1018,4.324987173080444,0.21193264354916394,obse,cracker_scene1,50,old
1019,4.329230785369873,0.2130241502193733,obse,cracker_scene1,50,old
1020,4.33344292640686,0.2130241502193733,obse,cracker_scene1,50,old
1021,4.3377439975738525,0.21301349120388663,obse,cracker_scene1,50,old
1022,4.342782020568848,0.21301349120388663,obse,cracker_scene1,50,old
1023,4.347137451171875,0.2124446207157704,obse,cracker_scene1,50,old
1024,4.351522445678711,0.2124446207157704,obse,cracker_scene1,50,old
1025,4.355848550796509,0.2125279083562084,obse,cracker_scene1,50,old
1026,4.359814405441284,0.2125279083562084,obse,cracker_scene1,50,old
1027,4.364217758178711,0.21137597654720433,obse,cracker_scene1,50,old
1028,4.3684401512146,0.21111099634522643,obse,cracker_scene1,50,old
1029,4.372760534286499,0.21111099634522643,obse,cracker_scene1,50,old
1030,4.376750230789185,0.21111099634522643,obse,cracker_scene1,50,old
1031,4.381285905838013,0.21215511191675546,obse,cracker_scene1,50,old
1032,4.38533616065979,0.21237122498207311,obse,cracker_scene1,50,old
1033,4.389653444290161,0.21234144384569217,obse,cracker_scene1,50,old
1034,4.39401388168335,0.21234144384569217,obse,cracker_scene1,50,old
1035,4.3983049392700195,0.21048558558508562,obse,cracker_scene1,50,old
1036,4.402580738067627,0.2099852616804325,obse,cracker_scene1,50,old
1037,4.4070305824279785,0.2111062668681372,obse,cracker_scene1,50,old
1038,4.412359952926636,0.2107302701080772,obse,cracker_scene1,50,old
1039,4.417524576187134,0.2107302701080772,obse,cracker_scene1,50,old
1040,4.421902894973755,0.21046303780893805,obse,cracker_scene1,50,old
1041,4.426025390625,0.21046303780893805,obse,cracker_scene1,50,old
1042,4.430400371551514,0.21010173048994465,obse,cracker_scene1,50,old
1043,4.43465518951416,0.21010173048994465,obse,cracker_scene1,50,old
1044,4.439164161682129,0.21017372180552427,obse,cracker_scene1,50,old
1045,4.443193674087524,0.21017372180552427,obse,cracker_scene1,50,old
1046,4.447591543197632,0.21001763555265657,obse,cracker_scene1,50,old
1047,4.451701641082764,0.21001763555265657,obse,cracker_scene1,50,old
1048,4.456082105636597,0.20874049518907753,obse,cracker_scene1,50,old
1049,4.461333751678467,0.20847992142078783,obse,cracker_scene1,50,old
1050,4.46558690071106,0.20847992142078783,obse,cracker_scene1,50,old
1051,4.469785690307617,0.20981808190567608,obse,cracker_scene1,50,old
1052,4.474253177642822,0.20981808190567608,obse,cracker_scene1,50,old
1053,4.478557825088501,0.20943620870181726,obse,cracker_scene1,50,old
1054,4.482822895050049,0.20943620870181726,obse,cracker_scene1,50,old
1055,4.4868738651275635,0.20943620870181726,obse,cracker_scene1,50,old
1056,4.491297721862793,0.21013382235805905,obse,cracker_scene1,50,old
1057,4.495467901229858,0.20877253492881037,obse,cracker_scene1,50,old
1058,4.499895811080933,0.2085440983121639,obse,cracker_scene1,50,old
1059,4.504404783248901,0.2078179484385131,obse,cracker_scene1,50,old
1060,4.508500337600708,0.2078179484385131,obse,cracker_scene1,50,old
1061,4.513255596160889,0.20724942123830603,obse,cracker_scene1,50,old
1062,4.5171799659729,0.20724942123830603,obse,cracker_scene1,50,old
1063,4.521564722061157,0.20667748330119087,obse,cracker_scene1,50,old
1064,4.525596618652344,0.20667748330119087,obse,cracker_scene1,50,old
1065,4.529749393463135,0.20722308408334084,obse,cracker_scene1,50,old
1066,4.533883333206177,0.20722308408334084,obse,cracker_scene1,50,old
1067,4.5381810665130615,0.2072708414586124,obse,cracker_scene1,50,old
1068,4.542396068572998,0.2072708414586124,obse,cracker_scene1,50,old
1069,4.546631813049316,0.2072201089670813,obse,cracker_scene1,50,old
1070,4.550653457641602,0.2072201089670813,obse,cracker_scene1,50,old
1071,4.55494236946106,0.20614484376460282,obse,cracker_scene1,50,old
1072,4.558875322341919,0.20614484376460282,obse,cracker_scene1,50,old
1073,4.563218832015991,0.20597379985902114,obse,cracker_scene1,50,old
1074,4.567185401916504,0.20597379985902114,obse,cracker_scene1,50,old
1075,4.57176661491394,0.20586393973174721,obse,cracker_scene1,50,old
1076,4.575723171234131,0.20586393973174721,obse,cracker_scene1,50,old
1077,4.58003830909729,0.20592691181495668,obse,cracker_scene1,50,old
1078,4.5840113162994385,0.20592691181495668,obse,cracker_scene1,50,old
1079,4.588334083557129,0.20395346084492957,obse,cracker_scene1,50,old
1080,4.592561721801758,0.20395346084492957,obse,cracker_scene1,50,old
1081,4.597798585891724,0.203912576661619,obse,cracker_scene1,50,old
1082,4.601811408996582,0.203912576661619,obse,cracker_scene1,50,old
1083,4.606378078460693,0.20490493631684428,obse,cracker_scene1,50,old
1084,4.610391855239868,0.20490493631684428,obse,cracker_scene1,50,old
1085,4.614831209182739,0.20266842543624394,obse,cracker_scene1,50,old
1086,4.618980169296265,0.2039718652342773,obse,cracker_scene1,50,old
1087,4.623462677001953,0.2039718652342773,obse,cracker_scene1,50,old
1088,4.62770414352417,0.20242876556204142,obse,cracker_scene1,50,old
1089,4.6320202350616455,0.20242876556204142,obse,cracker_scene1,50,old
1090,4.636692523956299,0.20164385984405067,obse,cracker_scene1,50,old
1091,4.64175271987915,0.20164385984405067,obse,cracker_scene1,50,old
1092,4.645953416824341,0.20371407117690052,obse,cracker_scene1,50,old
1093,4.650376081466675,0.20371407117690052,obse,cracker_scene1,50,old
1094,4.655945062637329,0.20364874678290654,obse,cracker_scene1,50,old
1095,4.659933805465698,0.20364874678290654,obse,cracker_scene1,50,old
1096,4.664427042007446,0.20281652675964734,obse,cracker_scene1,50,old
1097,4.668534994125366,0.2072411846406909,obse,cracker_scene1,50,old
1098,4.676060676574707,0.20733316634736126,obse,cracker_scene1,50,old
1099,4.682106971740723,0.20737133000459881,obse,cracker_scene1,50,old
1100,4.686610460281372,0.2073199635901185,obse,cracker_scene1,50,old
1101,4.691063642501831,0.2073199635901185,obse,cracker_scene1,50,old
1102,4.695575475692749,0.20626075696167978,obse,cracker_scene1,50,old
1103,4.6998937129974365,0.20626075696167978,obse,cracker_scene1,50,old
1104,4.704443693161011,0.2074911949528303,obse,cracker_scene1,50,old
1105,4.708728075027466,0.20774457048863232,obse,cracker_scene1,50,old
1106,4.713256597518921,0.20678672693241545,obse,cracker_scene1,50,old
1107,4.7172770500183105,0.20678672693241545,obse,cracker_scene1,50,old
1108,4.7219250202178955,0.20827761488730964,obse,cracker_scene1,50,old
1109,4.7260661125183105,0.20827761488730964,obse,cracker_scene1,50,old
1110,4.730645656585693,0.20699924712684095,obse,cracker_scene1,50,old
1111,4.737162828445435,0.20768701301832826,obse,cracker_scene1,50,old
1112,4.741417407989502,0.20768701301832826,obse,cracker_scene1,50,old
1113,4.746826171875,0.2072810764457643,obse,cracker_scene1,50,old
1114,4.750963926315308,0.2072810764457643,obse,cracker_scene1,50,old
1115,4.755302667617798,0.20657514055833,obse,cracker_scene1,50,old
1116,4.759489059448242,0.20657514055833,obse,cracker_scene1,50,old
1117,4.764047384262085,0.20679675123357202,obse,cracker_scene1,50,old
1118,4.768067359924316,0.20679675123357202,obse,cracker_scene1,50,old
1119,4.77267599105835,0.20659492831162143,obse,cracker_scene1,50,old
1120,4.7769646644592285,0.20660894600377827,obse,cracker_scene1,50,old
1121,4.781352996826172,0.20651977031371413,obse,cracker_scene1,50,old
1122,4.785732746124268,0.20667590567954028,obse,cracker_scene1,50,old
1123,4.789990425109863,0.20667590567954028,obse,cracker_scene1,50,old
1124,4.794263601303101,0.2066103348288224,obse,cracker_scene1,50,old
1125,4.7986900806427,0.20734370303568955,obse,cracker_scene1,50,old
1126,4.802892446517944,0.20744017399993378,obse,cracker_scene1,50,old
1127,4.8073601722717285,0.20744017399993378,obse,cracker_scene1,50,old
1128,4.811765193939209,0.20735096023135896,obse,cracker_scene1,50,old
1129,4.816064357757568,0.20735096023135896,obse,cracker_scene1,50,old
1130,4.820661306381226,0.20760225973245422,obse,cracker_scene1,50,old
1131,4.824777603149414,0.20760225973245422,obse,cracker_scene1,50,old
1132,4.828958511352539,0.20621807703289827,obse,cracker_scene1,50,old
1133,4.833314657211304,0.20621807703289827,obse,cracker_scene1,50,old
1134,4.8381288051605225,0.20650742794519467,obse,cracker_scene1,50,old
1135,4.842417001724243,0.20650742794519467,obse,cracker_scene1,50,old
1136,4.846478223800659,0.20650742794519467,obse,cracker_scene1,50,old
1137,4.850767135620117,0.20491850378017643,obse,cracker_scene1,50,old
1138,4.855066299438477,0.2048036522422003,obse,cracker_scene1,50,old
1139,4.859265565872192,0.2048036522422003,obse,cracker_scene1,50,old
1140,4.86371111869812,0.20491686118195612,obse,cracker_scene1,50,old
1141,4.867715120315552,0.20491686118195612,obse,cracker_scene1,50,old
1142,4.872100591659546,0.20652501945189952,obse,cracker_scene1,50,old
1143,4.876331329345703,0.20652501945189952,obse,cracker_scene1,50,old
1144,4.880602836608887,0.2064556568773757,obse,cracker_scene1,50,old
1145,4.884732246398926,0.2064556568773757,obse,cracker_scene1,50,old
1146,4.888983726501465,0.2057188626454023,obse,cracker_scene1,50,old
1147,4.8931725025177,0.2057188626454023,obse,cracker_scene1,50,old
1148,4.8975043296813965,0.2066442782291834,obse,cracker_scene1,50,old
1149,4.901506185531616,0.2066442782291834,obse,cracker_scene1,50,old
1150,4.9059014320373535,0.20548802010268502,obse,cracker_scene1,50,old
1151,4.910036087036133,0.20548802010268502,obse,cracker_scene1,50,old
1152,4.9144721031188965,0.20484218796378284,obse,cracker_scene1,50,old
1153,4.918624639511108,0.20484218796378284,obse,cracker_scene1,50,old
1154,4.923131704330444,0.20553826893217408,obse,cracker_scene1,50,old
1155,4.927351951599121,0.20553826893217408,obse,cracker_scene1,50,old
1156,4.931703567504883,0.20564605274382447,obse,cracker_scene1,50,old
1157,4.935976266860962,0.20531157444132972,obse,cracker_scene1,50,old
1158,4.940170764923096,0.20531157444132972,obse,cracker_scene1,50,old
1159,4.944435358047485,0.20515227848937584,obse,cracker_scene1,50,old
1160,4.948676824569702,0.20515227848937584,obse,cracker_scene1,50,old
1161,4.952925205230713,0.20539519479465848,obse,cracker_scene1,50,old
1162,4.957104921340942,0.20539519479465848,obse,cracker_scene1,50,old
1163,4.961161851882935,0.20582248571580922,obse,cracker_scene1,50,old
1164,4.965648651123047,0.205504403981515,obse,cracker_scene1,50,old
1165,4.9697511196136475,0.20526112716744055,obse,cracker_scene1,50,old
1166,4.974286079406738,0.20532801154966837,obse,cracker_scene1,50,old
1167,4.978532791137695,0.2053285487390026,obse,cracker_scene1,50,old
1168,4.9826037883758545,0.2053285487390026,obse,cracker_scene1,50,old
1169,4.986784219741821,0.2050476659551122,obse,cracker_scene1,50,old
1170,4.9911370277404785,0.2050476659551122,obse,cracker_scene1,50,old
1171,4.995458126068115,0.20380960208078777,obse,cracker_scene1,50,old
1172,4.999516010284424,0.20380960208078777,obse,cracker_scene1,50,old
1173,5.003692865371704,0.20433175570716003,obse,cracker_scene1,50,old
1174,5.007951259613037,0.20433175570716003,obse,cracker_scene1,50,old
1175,5.012113809585571,0.20445698901335982,obse,cracker_scene1,50,old
1176,5.0161802768707275,0.20445698901335982,obse,cracker_scene1,50,old
1177,5.020307779312134,0.20294921799065546,obse,cracker_scene1,50,old
1178,5.024348497390747,0.20294921799065546,obse,cracker_scene1,50,old
1179,5.028435230255127,0.20436000573861132,obse,cracker_scene1,50,old
1180,5.032488107681274,0.20436000573861132,obse,cracker_scene1,50,old
1181,5.036662578582764,0.20428046089588447,obse,cracker_scene1,50,old
1182,5.040850877761841,0.20428046089588447,obse,cracker_scene1,50,old
1183,5.044966220855713,0.20368647526740777,obse,cracker_scene1,50,old
1184,5.049217224121094,0.2040029293111639,obse,cracker_scene1,50,old
1185,5.053255558013916,0.20484255143080563,obse,cracker_scene1,50,old
1186,5.0573952198028564,0.20484255143080563,obse,cracker_scene1,50,old
1187,5.0615479946136475,0.2028715406448132,obse,cracker_scene1,50,old
1188,5.065690755844116,0.2028715406448132,obse,cracker_scene1,50,old
1189,5.0698065757751465,0.20443436154595065,obse,cracker_scene1,50,old
1190,5.074159860610962,0.20443436154595065,obse,cracker_scene1,50,old
1191,5.078316688537598,0.20442449107817462,obse,cracker_scene1,50,old
1192,5.082447528839111,0.20437506964437452,obse,cracker_scene1,50,old
1193,5.086588144302368,0.20237881504298963,obse,cracker_scene1,50,old
1194,5.09066915512085,0.20237881504298963,obse,cracker_scene1,50,old
1195,5.0947959423065186,0.20338073326388204,obse,cracker_scene1,50,old
1196,5.098867893218994,0.20338073326388204,obse,cracker_scene1,50,old
1197,5.102917909622192,0.2032631315321051,obse,cracker_scene1,50,old
1198,5.10718560218811,0.2032631315321051,obse,cracker_scene1,50,old
1199,5.111315011978149,0.2017932322733848,obse,cracker_scene1,50,old
1200,5.115445375442505,0.2017932322733848,obse,cracker_scene1,50,old
1201,5.119720697402954,0.20323876809096475,obse,cracker_scene1,50,old
1202,5.1238837242126465,0.20323876809096475,obse,cracker_scene1,50,old
1203,5.128132343292236,0.20290982346657582,obse,cracker_scene1,50,old
1204,5.132177352905273,0.20290982346657582,obse,cracker_scene1,50,old
1205,5.136318922042847,0.20360730407155922,obse,cracker_scene1,50,old
1206,5.140390157699585,0.20360730407155922,obse,cracker_scene1,50,old
1207,5.144418954849243,0.20338231017445116,obse,cracker_scene1,50,old
1208,5.148772954940796,0.20338231017445116,obse,cracker_scene1,50,old
1209,5.153048992156982,0.2039488558180206,obse,cracker_scene1,50,old
1210,5.157257795333862,0.2039488558180206,obse,cracker_scene1,50,old
1211,5.1613545417785645,0.203646025808001,obse,cracker_scene1,50,old
1212,5.165585517883301,0.203646025808001,obse,cracker_scene1,50,old
1213,5.169709920883179,0.2028740342428561,obse,cracker_scene1,50,old
1214,5.173880577087402,0.2028740342428561,obse,cracker_scene1,50,old
1215,5.177988052368164,0.20276355785455893,obse,cracker_scene1,50,old
1216,5.18231463432312,0.20234862028008707,obse,cracker_scene1,50,old
1217,5.186601877212524,0.20262506434750144,obse,cracker_scene1,50,old
1218,5.1906654834747314,0.20262506434750144,obse,cracker_scene1,50,old
1219,5.194847822189331,0.20183261190769303,obse,cracker_scene1,50,old
1220,5.1989946365356445,0.20183261190769303,obse,cracker_scene1,50,old
1221,5.203265190124512,0.20069196473997866,obse,cracker_scene1,50,old
1222,5.207592964172363,0.20069196473997866,obse,cracker_scene1,50,old
1223,5.21165132522583,0.20070370526726744,obse,cracker_scene1,50,old
1224,5.215898036956787,0.20070370526726744,obse,cracker_scene1,50,old
1225,5.219996929168701,0.20171838735250655,obse,cracker_scene1,50,old
1226,5.224117755889893,0.20171838735250655,obse,cracker_scene1,50,old
1227,5.228178977966309,0.200972256388599,obse,cracker_scene1,50,old
1228,5.232545614242554,0.200972256388599,obse,cracker_scene1,50,old
1229,5.237389087677002,0.1998816100161288,obse,cracker_scene1,50,old
1230,5.241419076919556,0.1998816100161288,obse,cracker_scene1,50,old
1231,5.245739698410034,0.20021608835222923,obse,cracker_scene1,50,old
1232,5.2498908042907715,0.20021608835222923,obse,cracker_scene1,50,old
1233,5.254037380218506,0.20202174938368858,obse,cracker_scene1,50,old
1234,5.258232116699219,0.20202174938368858,obse,cracker_scene1,50,old
1235,5.262357234954834,0.20234224438155854,obse,cracker_scene1,50,old
1236,5.266518831253052,0.20234224438155854,obse,cracker_scene1,50,old
1237,5.270803213119507,0.20235575696084704,obse,cracker_scene1,50,old
1238,5.2749364376068115,0.20235575696084704,obse,cracker_scene1,50,old
1239,5.279126167297363,0.20163684044101832,obse,cracker_scene1,50,old
1240,5.28322696685791,0.20163684044101832,obse,cracker_scene1,50,old
1241,5.287538290023804,0.20128184523847623,obse,cracker_scene1,50,old
1242,5.291517734527588,0.20128184523847623,obse,cracker_scene1,50,old
1243,5.295973539352417,0.2005899901138351,obse,cracker_scene1,50,old
1244,5.300020933151245,0.2005899901138351,obse,cracker_scene1,50,old
1245,5.304275035858154,0.2007931438325964,obse,cracker_scene1,50,old
1246,5.3084094524383545,0.2007931438325964,obse,cracker_scene1,50,old
1247,5.312572717666626,0.1997576148752508,obse,cracker_scene1,50,old
1248,5.316909313201904,0.1997576148752508,obse,cracker_scene1,50,old
1249,5.321362018585205,0.20069925324500115,obse,cracker_scene1,50,old
1250,5.325721263885498,0.20069925324500115,obse,cracker_scene1,50,old
1251,5.329997777938843,0.20106338182328315,obse,cracker_scene1,50,old
1252,5.333936452865601,0.20106338182328315,obse,cracker_scene1,50,old
1253,5.33826208114624,0.20064858275591455,obse,cracker_scene1,50,old
1254,5.342205047607422,0.20064858275591455,obse,cracker_scene1,50,old
1255,5.346425294876099,0.20135875572193726,obse,cracker_scene1,50,old
1256,5.350470304489136,0.20135875572193726,obse,cracker_scene1,50,old
1257,5.354652166366577,0.20142253843900285,obse,cracker_scene1,50,old
1258,5.3586719036102295,0.20142253843900285,obse,cracker_scene1,50,old
1259,5.36279296875,0.20117692778114862,obse,cracker_scene1,50,old
1260,5.366858959197998,0.20117692778114862,obse,cracker_scene1,50,old
1261,5.37125563621521,0.20056623190062342,obse,cracker_scene1,50,old
1262,5.375170707702637,0.20056623190062342,obse,cracker_scene1,50,old
1263,5.37952184677124,0.20004346328033645,obse,cracker_scene1,50,old
1264,5.383537530899048,0.20004346328033645,obse,cracker_scene1,50,old
1265,5.387968301773071,0.2001886617864235,obse,cracker_scene1,50,old
1266,5.391932725906372,0.2001886617864235,obse,cracker_scene1,50,old
1267,5.396243095397949,0.19974767500922327,obse,cracker_scene1,50,old
1268,5.400259971618652,0.19974767500922327,obse,cracker_scene1,50,old
1269,5.404713153839111,0.1989815525436435,obse,cracker_scene1,50,old
1270,5.408742189407349,0.1989815525436435,obse,cracker_scene1,50,old
1271,5.412911891937256,0.20014825417367157,obse,cracker_scene1,50,old
1272,5.416926860809326,0.20014825417367157,obse,cracker_scene1,50,old
1273,5.421220779418945,0.20017390213712213,obse,cracker_scene1,50,old
1274,5.425290107727051,0.20017390213712213,obse,cracker_scene1,50,old
1275,5.429413795471191,0.20048076792298425,obse,cracker_scene1,50,old
1276,5.43342924118042,0.20048076792298425,obse,cracker_scene1,50,old
1277,5.4377686977386475,0.20030192534510963,obse,cracker_scene1,50,old
1278,5.441813230514526,0.20030192534510963,obse,cracker_scene1,50,old
1279,5.445991039276123,0.19995984203250503,obse,cracker_scene1,50,old
1280,5.450105667114258,0.19995984203250503,obse,cracker_scene1,50,old
1281,5.454375743865967,0.1990688409660654,obse,cracker_scene1,50,old
1282,5.458523273468018,0.1990688409660654,obse,cracker_scene1,50,old
1283,5.46276330947876,0.19920766664262768,obse,cracker_scene1,50,old
1284,5.4667980670928955,0.19920766664262768,obse,cracker_scene1,50,old
1285,5.471163272857666,0.19916891437388032,obse,cracker_scene1,50,old
1286,5.475091218948364,0.19916891437388032,obse,cracker_scene1,50,old
1287,5.479304313659668,0.19789339188794297,obse,cracker_scene1,50,old
1288,5.4839231967926025,0.19728443841540413,obse,cracker_scene1,50,old
1289,5.48844313621521,0.19797896124707318,obse,cracker_scene1,50,old
1290,5.492329835891724,0.19797896124707318,obse,cracker_scene1,50,old
1291,5.49685263633728,0.1981540733094528,obse,cracker_scene1,50,old
1292,5.500759840011597,0.1981540733094528,obse,cracker_scene1,50,old
1293,5.505308628082275,0.19922871882709267,obse,cracker_scene1,50,old
1294,5.5093889236450195,0.19922871882709267,obse,cracker_scene1,50,old
1295,5.5138161182403564,0.19975141999505155,obse,cracker_scene1,50,old
1296,5.518071174621582,0.19975141999505155,obse,cracker_scene1,50,old
1297,5.52251935005188,0.19948492757977118,obse,cracker_scene1,50,old
1298,5.526723384857178,0.19948492757977118,obse,cracker_scene1,50,old
1299,5.531203508377075,0.19823873881843895,obse,cracker_scene1,50,old
1300,5.53547215461731,0.19798875902256832,obse,cracker_scene1,50,old
1301,5.5399861335754395,0.19798875902256832,obse,cracker_scene1,50,old
1302,5.5441718101501465,0.1968876127012751,obse,cracker_scene1,50,old
1303,5.548613548278809,0.1968876127012751,obse,cracker_scene1,50,old
1304,5.552832841873169,0.19733981745111595,obse,cracker_scene1,50,old
1305,5.55722975730896,0.19733981745111595,obse,cracker_scene1,50,old
1306,5.56156587600708,0.19743452084273158,obse,cracker_scene1,50,old
1307,5.5657289028167725,0.19743452084273158,obse,cracker_scene1,50,old
1308,5.570087194442749,0.1969168096455489,obse,cracker_scene1,50,old
1309,5.574275732040405,0.19713939297822555,obse,cracker_scene1,50,old
1310,5.578300476074219,0.19713939297822555,obse,cracker_scene1,50,old
1311,5.582589626312256,0.197347832657865,obse,cracker_scene1,50,old
1312,5.587029695510864,0.19861410386799147,obse,cracker_scene1,50,old
1313,5.591371297836304,0.19861410386799147,obse,cracker_scene1,50,old
1314,5.5957067012786865,0.1985596042130775,obse,cracker_scene1,50,old
1315,5.599934101104736,0.1985596042130775,obse,cracker_scene1,50,old
1316,5.604657411575317,0.1977483126246739,obse,cracker_scene1,50,old
1317,5.60864782333374,0.1977483126246739,obse,cracker_scene1,50,old
1318,5.612843036651611,0.19748911726241933,obse,cracker_scene1,50,old
1319,5.616905212402344,0.19748911726241933,obse,cracker_scene1,50,old
1320,5.621069669723511,0.19746173195560857,obse,cracker_scene1,50,old
1321,5.625239849090576,0.19746173195560857,obse,cracker_scene1,50,old
1322,5.629630088806152,0.19735625406992913,obse,cracker_scene1,50,old
1323,5.633758306503296,0.19735625406992913,obse,cracker_scene1,50,old
1324,5.638133764266968,0.19767883597716468,obse,cracker_scene1,50,old
1325,5.642171382904053,0.19767883597716468,obse,cracker_scene1,50,old
1326,5.646369934082031,0.19758326914124802,obse,cracker_scene1,50,old
1327,5.650468349456787,0.19758326914124802,obse,cracker_scene1,50,old
1328,5.654667615890503,0.196836973330123,obse,cracker_scene1,50,old
1329,5.658684730529785,0.196836973330123,obse,cracker_scene1,50,old
1330,5.662794589996338,0.1956867380588044,obse,cracker_scene1,50,old
1331,5.666987419128418,0.1956867380588044,obse,cracker_scene1,50,old
1332,5.671144008636475,0.19692926778528616,obse,cracker_scene1,50,old
1333,5.675379991531372,0.19666473909847595,obse,cracker_scene1,50,old
1334,5.679460287094116,0.19725587386552834,obse,cracker_scene1,50,old
1335,5.683549404144287,0.19725587386552834,obse,cracker_scene1,50,old
1336,5.68785834312439,0.19633867252298565,obse,cracker_scene1,50,old
1337,5.692122220993042,0.19633867252298565,obse,cracker_scene1,50,old
1338,5.696300983428955,0.19638867119257647,obse,cracker_scene1,50,old
1339,5.700439214706421,0.19638867119257647,obse,cracker_scene1,50,old
1340,5.704728364944458,0.1947884814706068,obse,cracker_scene1,50,old
1341,5.708840608596802,0.1947884814706068,obse,cracker_scene1,50,old
1342,5.713009357452393,0.19576444466454596,obse,cracker_scene1,50,old
1343,5.7171220779418945,0.19576444466454596,obse,cracker_scene1,50,old
1344,5.721372842788696,0.1952340785030818,obse,cracker_scene1,50,old
1345,5.7255613803863525,0.19519276699063862,obse,cracker_scene1,50,old
1346,5.729918718338013,0.1957788148128206,obse,cracker_scene1,50,old
1347,5.734340190887451,0.1957788148128206,obse,cracker_scene1,50,old
1348,5.7388739585876465,0.19633589885375358,obse,cracker_scene1,50,old
1349,5.743156671524048,0.19633589885375358,obse,cracker_scene1,50,old
1350,5.7475738525390625,0.196714443256586,obse,cracker_scene1,50,old
1351,5.751626968383789,0.196714443256586,obse,cracker_scene1,50,old
1352,5.755927562713623,0.19631263096015433,obse,cracker_scene1,50,old
1353,5.760023355484009,0.1960142559585029,obse,cracker_scene1,50,old
1354,5.7642436027526855,0.19651106056843162,obse,cracker_scene1,50,old
1355,5.768293619155884,0.19651106056843162,obse,cracker_scene1,50,old
1356,5.772662162780762,0.19463331211111604,obse,cracker_scene1,50,old
1357,5.776665210723877,0.19463331211111604,obse,cracker_scene1,50,old
1358,5.780969619750977,0.19522053574835518,obse,cracker_scene1,50,old
1359,5.78514552116394,0.1948514799535367,obse,cracker_scene1,50,old
1360,5.789580821990967,0.19473190788654635,obse,cracker_scene1,50,old
1361,5.793675899505615,0.19501808836106393,obse,cracker_scene1,50,old
1362,5.798001289367676,0.19501808836106393,obse,cracker_scene1,50,old
1363,5.801943063735962,0.19501808836106393,obse,cracker_scene1,50,old
1364,5.806308031082153,0.1951091597262352,obse,cracker_scene1,50,old
1365,5.810242176055908,0.1951091597262352,obse,cracker_scene1,50,old
1366,5.814497947692871,0.1942693390760258,obse,cracker_scene1,50,old
1367,5.818526268005371,0.1942693390760258,obse,cracker_scene1,50,old
1368,5.822782278060913,0.19502339549343134,obse,cracker_scene1,50,old
1369,5.826793670654297,0.19502339549343134,obse,cracker_scene1,50,old
1370,5.831026554107666,0.1948800938901735,obse,cracker_scene1,50,old
1371,5.834980726242065,0.1948800938901735,obse,cracker_scene1,50,old
1372,5.839617490768433,0.1960534106767447,obse,cracker_scene1,50,old
1373,5.843583345413208,0.1960534106767447,obse,cracker_scene1,50,old
1374,5.847877025604248,0.19647372664380164,obse,cracker_scene1,50,old
1375,5.851801156997681,0.19647372664380164,obse,cracker_scene1,50,old
1376,5.856067895889282,0.1946328964016722,obse,cracker_scene1,50,old
1377,5.860101938247681,0.1946328964016722,obse,cracker_scene1,50,old
1378,5.864373207092285,0.19537707111865724,obse,cracker_scene1,50,old
1379,5.868319272994995,0.19537707111865724,obse,cracker_scene1,50,old
1380,5.8726935386657715,0.19446353812734363,obse,cracker_scene1,50,old
1381,5.876663446426392,0.19440500531644614,obse,cracker_scene1,50,old
1382,5.88093113899231,0.19450971782412121,obse,cracker_scene1,50,old
1383,5.884862661361694,0.19450971782412121,obse,cracker_scene1,50,old
1384,5.889239311218262,0.19293592467808435,obse,cracker_scene1,50,old
1385,5.893179655075073,0.19293592467808435,obse,cracker_scene1,50,old
1386,5.897482395172119,0.19368619062822104,obse,cracker_scene1,50,old
1387,5.901417016983032,0.19368619062822104,obse,cracker_scene1,50,old
1388,5.905846834182739,0.19414273103594473,obse,cracker_scene1,50,old
1389,5.9098474979400635,0.19414273103594473,obse,cracker_scene1,50,old
1390,5.914071083068848,0.19515577859661618,obse,cracker_scene1,50,old
1391,5.918022871017456,0.19515577859661618,obse,cracker_scene1,50,old
1392,5.922309160232544,0.19574328614734124,obse,cracker_scene1,50,old
1393,5.926373243331909,0.19574328614734124,obse,cracker_scene1,50,old
1394,5.930654764175415,0.19572128391318683,obse,cracker_scene1,50,old
1395,5.9346606731414795,0.19572128391318683,obse,cracker_scene1,50,old
1396,5.938960552215576,0.1937770284774674,obse,cracker_scene1,50,old
1397,5.943448066711426,0.1937770284774674,obse,cracker_scene1,50,old
1398,5.947741746902466,0.19301501230999812,obse,cracker_scene1,50,old
1399,5.951916217803955,0.19407046062369293,obse,cracker_scene1,50,old
1400,5.956109046936035,0.19407046062369293,obse,cracker_scene1,50,old
1401,5.960102796554565,0.19407046062369293,obse,cracker_scene1,50,old
1402,5.964318037033081,0.19353812715326424,obse,cracker_scene1,50,old
1403,5.968268632888794,0.19353812715326424,obse,cracker_scene1,50,old
1404,5.9726951122283936,0.1937787747914817,obse,cracker_scene1,50,old
1405,5.976564645767212,0.1937787747914817,obse,cracker_scene1,50,old
1406,5.9806530475616455,0.19226488858227775,obse,cracker_scene1,50,old
1407,5.98459792137146,0.19226488858227775,obse,cracker_scene1,50,old
1408,5.98892617225647,0.19334122047170635,obse,cracker_scene1,50,old
1409,5.993042945861816,0.19334122047170635,obse,cracker_scene1,50,old
1410,5.997304439544678,0.1935525281136358,obse,cracker_scene1,50,old
1411,6.00132942199707,0.1935525281136358,obse,cracker_scene1,50,old
1412,6.005734920501709,0.19309403732215286,obse,cracker_scene1,50,old
1413,6.009963512420654,0.19309403732215286,obse,cracker_scene1,50,old
1414,6.014128923416138,0.19452138411812922,obse,cracker_scene1,50,old
1415,6.018213510513306,0.19452138411812922,obse,cracker_scene1,50,old
1416,6.022459268569946,0.1938833863581021,obse,cracker_scene1,50,old
1417,6.026495933532715,0.1938833863581021,obse,cracker_scene1,50,old
1418,6.031182527542114,0.19375853951294536,obse,cracker_scene1,50,old
1419,6.035592317581177,0.19336697487129237,obse,cracker_scene1,50,old
1420,6.039923906326294,0.1928485236891524,obse,cracker_scene1,50,old
1421,6.043960332870483,0.19275783275343988,obse,cracker_scene1,50,old
1422,6.048214912414551,0.1922997820344046,obse,cracker_scene1,50,old
1423,6.052335977554321,0.19292403601541214,obse,cracker_scene1,50,old
1424,6.056751728057861,0.19356442540410462,obse,cracker_scene1,50,old
1425,6.0608298778533936,0.19356442540410462,obse,cracker_scene1,50,old
1426,6.065345525741577,0.19175954174405896,obse,cracker_scene1,50,old
1427,6.069368362426758,0.19175954174405896,obse,cracker_scene1,50,old
1428,6.073663949966431,0.19268863948162615,obse,cracker_scene1,50,old
1429,6.0776331424713135,0.19279811264189242,obse,cracker_scene1,50,old
1430,6.081650972366333,0.19273356814544335,obse,cracker_scene1,50,old
1431,6.085514068603516,0.19273356814544335,obse,cracker_scene1,50,old
1432,6.0895421504974365,0.1936954945901722,obse,cracker_scene1,50,old
1433,6.093431711196899,0.1936954945901722,obse,cracker_scene1,50,old
1434,6.098125457763672,0.19384641638345032,obse,cracker_scene1,50,old
1435,6.102404594421387,0.19364813096413147,obse,cracker_scene1,50,old
1436,6.106804132461548,0.19364813096413147,obse,cracker_scene1,50,old
1437,6.111058950424194,0.19216837932515252,obse,cracker_scene1,50,old
1438,6.115128993988037,0.19216837932515252,obse,cracker_scene1,50,old
1439,6.119091987609863,0.19216837932515252,obse,cracker_scene1,50,old
1440,6.123340606689453,0.19179959019789403,obse,cracker_scene1,50,old
1441,6.127380847930908,0.19179959019789403,obse,cracker_scene1,50,old
1442,6.131941080093384,0.19336979113782035,obse,cracker_scene1,50,old
1443,6.136074066162109,0.1937170761666909,obse,cracker_scene1,50,old
1444,6.1404101848602295,0.1937170761666909,obse,cracker_scene1,50,old
1445,6.144428491592407,0.19301868257076413,obse,cracker_scene1,50,old
1446,6.148538112640381,0.19301868257076413,obse,cracker_scene1,50,old
1447,6.152559280395508,0.19298050201567132,obse,cracker_scene1,50,old
1448,6.156634569168091,0.19298050201567132,obse,cracker_scene1,50,old
1449,6.160620450973511,0.19298050201567132,obse,cracker_scene1,50,old
1450,6.164855241775513,0.1927102048419727,obse,cracker_scene1,50,old
1451,6.169091463088989,0.1929602709876223,obse,cracker_scene1,50,old
1452,6.173407793045044,0.1929602709876223,obse,cracker_scene1,50,old
1453,6.177452564239502,0.1931743301663501,obse,cracker_scene1,50,old
1454,6.18171238899231,0.1931743301663501,obse,cracker_scene1,50,old
1455,6.185681343078613,0.19280182352581166,obse,cracker_scene1,50,old
1456,6.189894199371338,0.19280182352581166,obse,cracker_scene1,50,old
1457,6.193898677825928,0.19244582930784473,obse,cracker_scene1,50,old
1458,6.19805645942688,0.19244582930784473,obse,cracker_scene1,50,old
1459,6.202128648757935,0.19239640230229255,obse,cracker_scene1,50,old
1460,6.206400394439697,0.19274713081151149,obse,cracker_scene1,50,old
1461,6.21052360534668,0.19267793055773796,obse,cracker_scene1,50,old
1462,6.214721202850342,0.19276568134112032,obse,cracker_scene1,50,old
1463,6.218632459640503,0.19276568134112032,obse,cracker_scene1,50,old
1464,6.222873687744141,0.19222676990731302,obse,cracker_scene1,50,old
1465,6.2270026206970215,0.19222676990731302,obse,cracker_scene1,50,old
1466,6.23168420791626,0.1920999716830932,obse,cracker_scene1,50,old
1467,6.236013412475586,0.1920999716830932,obse,cracker_scene1,50,old
1468,6.240585803985596,0.19135914947262797,obse,cracker_scene1,50,old
1469,6.2452003955841064,0.19092599027875845,obse,cracker_scene1,50,old
1470,6.249356508255005,0.19092599027875845,obse,cracker_scene1,50,old
1471,6.253579378128052,0.19162286164805434,obse,cracker_scene1,50,old
1472,6.257925748825073,0.19162286164805434,obse,cracker_scene1,50,old
1473,6.262354850769043,0.19165624993823752,obse,cracker_scene1,50,old
1474,6.266484975814819,0.19165624993823752,obse,cracker_scene1,50,old
1475,6.2710280418396,0.19169882053469361,obse,cracker_scene1,50,old
1476,6.275418043136597,0.19169882053469361,obse,cracker_scene1,50,old
1477,6.2798168659210205,0.19225634315250023,obse,cracker_scene1,50,old
1478,6.2840800285339355,0.19225634315250023,obse,cracker_scene1,50,old
1479,6.288511514663696,0.19266085225096016,obse,cracker_scene1,50,old
1480,6.293233394622803,0.19266085225096016,obse,cracker_scene1,50,old
1481,6.297588109970093,0.1921956804048413,obse,cracker_scene1,50,old
1482,6.3017494678497314,0.1921956804048413,obse,cracker_scene1,50,old
1483,6.3062217235565186,0.19152067770421624,obse,cracker_scene1,50,old
1484,6.310285806655884,0.19152067770421624,obse,cracker_scene1,50,old
1485,6.314382076263428,0.19168357278723727,obse,cracker_scene1,50,old
1486,6.31827187538147,0.19168357278723727,obse,cracker_scene1,50,old
1487,6.322744131088257,0.19038943821172022,obse,cracker_scene1,50,old
1488,6.326909065246582,0.19038943821172022,obse,cracker_scene1,50,old
1489,6.3316330909729,0.1902305532241967,obse,cracker_scene1,50,old
1490,6.33560585975647,0.1902305532241967,obse,cracker_scene1,50,old
1491,6.340301513671875,0.19016517524964135,obse,cracker_scene1,50,old
1492,6.344390153884888,0.19146663650735993,obse,cracker_scene1,50,old
1493,6.348751783370972,0.19176139428362743,obse,cracker_scene1,50,old
1494,6.353015184402466,0.19167281086774554,obse,cracker_scene1,50,old
1495,6.357342004776001,0.19167281086774554,obse,cracker_scene1,50,old
1496,6.361482381820679,0.1917277599835448,obse,cracker_scene1,50,old
1497,6.365755081176758,0.1914140525965403,obse,cracker_scene1,50,old
1498,6.37030553817749,0.19175287640183447,obse,cracker_scene1,50,old
1499,6.374554395675659,0.19175287640183447,obse,cracker_scene1,50,old
1500,6.378894090652466,0.19178435030236998,obse,cracker_scene1,50,old
1501,6.382954359054565,0.19178435030236998,obse,cracker_scene1,50,old
1502,6.3873350620269775,0.19139298881889322,obse,cracker_scene1,50,old
1503,6.3914711475372314,0.19139298881889322,obse,cracker_scene1,50,old
1504,6.396042823791504,0.19136609142235605,obse,cracker_scene1,50,old
1505,6.400087594985962,0.19136609142235605,obse,cracker_scene1,50,old
1506,6.404404878616333,0.19122155676948518,obse,cracker_scene1,50,old
1507,6.408503293991089,0.19122155676948518,obse,cracker_scene1,50,old
1508,6.412961721420288,0.19044045892514724,obse,cracker_scene1,50,old
1509,6.417068243026733,0.19044045892514724,obse,cracker_scene1,50,old
1510,6.42151665687561,0.19179719040320528,obse,cracker_scene1,50,old
1511,6.4257237911224365,0.19179719040320528,obse,cracker_scene1,50,old
1512,6.430209398269653,0.19183257792963274,obse,cracker_scene1,50,old
1513,6.434476613998413,0.19183257792963274,obse,cracker_scene1,50,old
1514,6.438899040222168,0.19144539071602085,obse,cracker_scene1,50,old
1515,6.442893743515015,0.19144539071602085,obse,cracker_scene1,50,old
1516,6.447301626205444,0.19001868883632006,obse,cracker_scene1,50,old
1517,6.4513514041900635,0.19001868883632006,obse,cracker_scene1,50,old
1518,6.455782413482666,0.18969798496057796,obse,cracker_scene1,50,old
1519,6.460017919540405,0.18969798496057796,obse,cracker_scene1,50,old
1520,6.464550495147705,0.1891305866758182,obse,cracker_scene1,50,old
1521,6.468572378158569,0.1891305866758182,obse,cracker_scene1,50,old
1522,6.473146677017212,0.18867592490607762,obse,cracker_scene1,50,old
1523,6.477259635925293,0.18867592490607762,obse,cracker_scene1,50,old
1524,6.481545686721802,0.19022236051320784,obse,cracker_scene1,50,old
1525,6.485763311386108,0.19153439017304727,obse,cracker_scene1,50,old
1526,6.489906311035156,0.19153439017304727,obse,cracker_scene1,50,old
1527,6.494163751602173,0.19126851830446312,obse,cracker_scene1,50,old
1528,6.498343467712402,0.19126851830446312,obse,cracker_scene1,50,old
1529,6.502521514892578,0.19126851830446312,obse,cracker_scene1,50,old
1530,6.506961345672607,0.192008731162137,obse,cracker_scene1,50,old
1531,6.511092662811279,0.19148281284952987,obse,cracker_scene1,50,old
1532,6.515310525894165,0.19148281284952987,obse,cracker_scene1,50,old
1533,6.51946496963501,0.19066355389020745,obse,cracker_scene1,50,old
1534,6.523702383041382,0.19066355389020745,obse,cracker_scene1,50,old
1535,6.5278849601745605,0.1899463981036034,obse,cracker_scene1,50,old
1536,6.532102584838867,0.1899463981036034,obse,cracker_scene1,50,old
1537,6.536243915557861,0.18952969275334855,obse,cracker_scene1,50,old
1538,6.540566682815552,0.18952969275334855,obse,cracker_scene1,50,old
1539,6.544658422470093,0.1895555011629305,obse,cracker_scene1,50,old
1540,6.548894166946411,0.1895555011629305,obse,cracker_scene1,50,old
1541,6.5532355308532715,0.19013439277592944,obse,cracker_scene1,50,old
1542,6.557558536529541,0.19013439277592944,obse,cracker_scene1,50,old
1543,6.561835050582886,0.1911760275528956,obse,cracker_scene1,50,old
1544,6.56607985496521,0.1911760275528956,obse,cracker_scene1,50,old
1545,6.570507764816284,0.1913198525565768,obse,cracker_scene1,50,old
1546,6.574882507324219,0.1913198525565768,obse,cracker_scene1,50,old
1547,6.579222917556763,0.19096047985297832,obse,cracker_scene1,50,old
1548,6.583353042602539,0.19096047985297832,obse,cracker_scene1,50,old
1549,6.5878496170043945,0.1892363928026439,obse,cracker_scene1,50,old
1550,6.592289686203003,0.1892363928026439,obse,cracker_scene1,50,old
1551,6.596648693084717,0.19043932065518285,obse,cracker_scene1,50,old
1552,6.600772380828857,0.19043932065518285,obse,cracker_scene1,50,old
1553,6.60541558265686,0.18993867761075028,obse,cracker_scene1,50,old
1554,6.609571218490601,0.1894781530814048,obse,cracker_scene1,50,old
1555,6.614028215408325,0.18952372392784228,obse,cracker_scene1,50,old
1556,6.618096828460693,0.18952372392784228,obse,cracker_scene1,50,old
1557,6.622540473937988,0.19037030846194677,obse,cracker_scene1,50,old
1558,6.626704216003418,0.19037030846194677,obse,cracker_scene1,50,old
1559,6.631061553955078,0.190315666709337,obse,cracker_scene1,50,old
1560,6.635133743286133,0.190315666709337,obse,cracker_scene1,50,old
1561,6.639650344848633,0.190268849056039,obse,cracker_scene1,50,old
1562,6.644021511077881,0.18913611223317556,obse,cracker_scene1,50,old
1563,6.648337364196777,0.18913611223317556,obse,cracker_scene1,50,old
1564,6.65365195274353,0.18994581908195893,obse,cracker_scene1,50,old
1565,6.659124851226807,0.18994581908195893,obse,cracker_scene1,50,old
1566,6.663736343383789,0.18952065548057428,obse,cracker_scene1,50,old
1567,6.668682098388672,0.18952065548057428,obse,cracker_scene1,50,old
1568,6.673104524612427,0.1884147817578645,obse,cracker_scene1,50,old
1569,6.677367687225342,0.1884147817578645,obse,cracker_scene1,50,old
1570,6.6817216873168945,0.19037824159461084,obse,cracker_scene1,50,old
1571,6.68595814704895,0.1903617701755604,obse,cracker_scene1,50,old
1572,6.6901631355285645,0.1898240882643639,obse,cracker_scene1,50,old
1573,6.6942033767700195,0.1898240882643639,obse,cracker_scene1,50,old
1574,6.6986682415008545,0.1888391980098624,obse,cracker_scene1,50,old
1575,6.702763319015503,0.18880699328228817,obse,cracker_scene1,50,old
1576,6.707094669342041,0.18885613014936245,obse,cracker_scene1,50,old
1577,6.711254358291626,0.1890532639147475,obse,cracker_scene1,50,old
1578,6.71557879447937,0.1890532639147475,obse,cracker_scene1,50,old
1579,6.719823122024536,0.18957657538711808,obse,cracker_scene1,50,old
1580,6.724153518676758,0.18957657538711808,obse,cracker_scene1,50,old
1581,6.728543519973755,0.19046748079928025,obse,cracker_scene1,50,old
1582,6.73307204246521,0.19046748079928025,obse,cracker_scene1,50,old
1583,6.737500429153442,0.18983804788011666,obse,cracker_scene1,50,old
1584,6.742107152938843,0.18983804788011666,obse,cracker_scene1,50,old
1585,6.7466113567352295,0.1880371465424526,obse,cracker_scene1,50,old
1586,6.750699043273926,0.1880371465424526,obse,cracker_scene1,50,old
1587,6.755139589309692,0.18706375367894862,obse,cracker_scene1,50,old
1588,6.761382579803467,0.18827115968216282,obse,cracker_scene1,50,old
1589,6.766604423522949,0.18792132951888296,obse,cracker_scene1,50,old
1590,6.770899057388306,0.18765090571942877,obse,cracker_scene1,50,old
1591,6.775083780288696,0.18765090571942877,obse,cracker_scene1,50,old
1592,6.779121398925781,0.18765090571942877,obse,cracker_scene1,50,old
1593,6.783400535583496,0.18895879483686212,obse,cracker_scene1,50,old
1594,6.787381410598755,0.18895879483686212,obse,cracker_scene1,50,old
1595,6.791725397109985,0.19009831578488784,obse,cracker_scene1,50,old
1596,6.795768737792969,0.19009831578488784,obse,cracker_scene1,50,old
1597,6.79993748664856,0.19009831578488784,obse,cracker_scene1,50,old
1598,6.804307460784912,0.18883431733202904,obse,cracker_scene1,50,old
1599,6.808417081832886,0.18883431733202904,obse,cracker_scene1,50,old
1600,6.812541961669922,0.18883431733202904,obse,cracker_scene1,50,old
1601,6.818720579147339,0.18775323573427863,obse,cracker_scene1,50,old
1602,6.82311749458313,0.18893774307819422,obse,cracker_scene1,50,old
1603,6.827208518981934,0.18845793798655264,obse,cracker_scene1,50,old
1604,6.831589937210083,0.1884567828835846,obse,cracker_scene1,50,old
1605,6.835911750793457,0.18838562333995115,obse,cracker_scene1,50,old
1606,6.840417385101318,0.1873029978861572,obse,cracker_scene1,50,old
1607,6.844652891159058,0.1873029978861572,obse,cracker_scene1,50,old
1608,6.849214792251587,0.1886270145296521,obse,cracker_scene1,50,old
1609,6.85343861579895,0.1886270145296521,obse,cracker_scene1,50,old
1610,6.857614994049072,0.1886270145296521,obse,cracker_scene1,50,old
1611,6.861923456192017,0.18933575630469762,obse,cracker_scene1,50,old
1612,6.866191148757935,0.18933575630469762,obse,cracker_scene1,50,old
1613,6.8704962730407715,0.18876117708011345,obse,cracker_scene1,50,old
1614,6.8748133182525635,0.18876117708011345,obse,cracker_scene1,50,old
1615,6.8790435791015625,0.18876117708011345,obse,cracker_scene1,50,old
1616,6.883429050445557,0.18930394156214922,obse,cracker_scene1,50,old
1617,6.887754440307617,0.18930394156214922,obse,cracker_scene1,50,old
1618,6.891946315765381,0.18759452845876687,obse,cracker_scene1,50,old
1619,6.896494626998901,0.18759452845876687,obse,cracker_scene1,50,old
1620,6.901669979095459,0.1884020125396769,obse,cracker_scene1,50,old
1621,6.905990839004517,0.18849834401829943,obse,cracker_scene1,50,old
1622,6.910290002822876,0.18830837346798232,obse,cracker_scene1,50,old
1623,6.914707660675049,0.18830837346798232,obse,cracker_scene1,50,old
1624,6.921266794204712,0.18717724839133343,obse,cracker_scene1,50,old
1625,6.925931215286255,0.18717724839133343,obse,cracker_scene1,50,old
1626,6.93017053604126,0.1877803113174985,obse,cracker_scene1,50,old
1627,6.934579133987427,0.18698752375530386,obse,cracker_scene1,50,old
1628,6.939129114151001,0.18819248254107096,obse,cracker_scene1,50,old
1629,6.9435601234436035,0.18848094537198476,obse,cracker_scene1,50,old
1630,6.947938442230225,0.18770112803059616,obse,cracker_scene1,50,old
1631,6.952286720275879,0.1871744852678907,obse,cracker_scene1,50,old
1632,6.956690073013306,0.18834594874934138,obse,cracker_scene1,50,old
1633,6.960907220840454,0.18798042213989508,obse,cracker_scene1,50,old
1634,6.965245008468628,0.18798042213989508,obse,cracker_scene1,50,old
1635,6.969327688217163,0.18737413807534883,obse,cracker_scene1,50,old
1636,6.974291086196899,0.18737413807534883,obse,cracker_scene1,50,old
1637,6.980127334594727,0.18708769182591606,obse,cracker_scene1,50,old
1638,6.9843456745147705,0.18708769182591606,obse,cracker_scene1,50,old
1639,6.989904880523682,0.18745469717717306,obse,cracker_scene1,50,old
1640,6.993967771530151,0.18745469717717306,obse,cracker_scene1,50,old
1641,6.99827241897583,0.1876578771010603,obse,cracker_scene1,50,old
1642,7.00240159034729,0.18638488418927526,obse,cracker_scene1,50,old
1643,7.0068135261535645,0.18638488418927526,obse,cracker_scene1,50,old
1644,7.010887384414673,0.1867811807861689,obse,cracker_scene1,50,old
1645,7.015178203582764,0.1867811807861689,obse,cracker_scene1,50,old
1646,7.019329071044922,0.18794674115871893,obse,cracker_scene1,50,old
1647,7.02392315864563,0.18794674115871893,obse,cracker_scene1,50,old
1648,7.028326988220215,0.18799469691704468,obse,cracker_scene1,50,old
1649,7.0327699184417725,0.18799469691704468,obse,cracker_scene1,50,old
1650,7.037360906600952,0.18822434312278188,obse,cracker_scene1,50,old
1651,7.041737794876099,0.18822434312278188,obse,cracker_scene1,50,old
1652,7.046125888824463,0.1883942318834466,obse,cracker_scene1,50,old
1653,7.050439119338989,0.1883942318834466,obse,cracker_scene1,50,old
1654,7.054870128631592,0.1878869706473094,obse,cracker_scene1,50,old
1655,7.059229373931885,0.1878869706473094,obse,cracker_scene1,50,old
1656,7.063678026199341,0.18784222743770024,obse,cracker_scene1,50,old
1657,7.067778825759888,0.18784222743770024,obse,cracker_scene1,50,old
1658,7.0720720291137695,0.18723303662046725,obse,cracker_scene1,50,old
1659,7.07660984992981,0.18723303662046725,obse,cracker_scene1,50,old
1660,7.080964803695679,0.18792539631815014,obse,cracker_scene1,50,old
1661,7.085117340087891,0.18792539631815014,obse,cracker_scene1,50,old
1662,7.089405298233032,0.1876829559775991,obse,cracker_scene1,50,old
1663,7.093491077423096,0.1876829559775991,obse,cracker_scene1,50,old
1664,7.09775447845459,0.1876462204192153,obse,cracker_scene1,50,old
1665,7.1017796993255615,0.18751518114501486,obse,cracker_scene1,50,old
1666,7.106086254119873,0.18750111875982658,obse,cracker_scene1,50,old
1667,7.110055685043335,0.18750111875982658,obse,cracker_scene1,50,old
1668,7.114210367202759,0.1853378461067063,obse,cracker_scene1,50,old
1669,7.118368864059448,0.18666005294210095,obse,cracker_scene1,50,old
1670,7.122655153274536,0.18724083881975223,obse,cracker_scene1,50,old
1671,7.12667989730835,0.18724083881975223,obse,cracker_scene1,50,old
1672,7.130964756011963,0.18732513415826163,obse,cracker_scene1,50,old
1673,7.1350812911987305,0.18732513415826163,obse,cracker_scene1,50,old
1674,7.1394362449646,0.18754154021034752,obse,cracker_scene1,50,old
1675,7.143506765365601,0.1876700538738245,obse,cracker_scene1,50,old
1676,7.147843599319458,0.18755099620264112,obse,cracker_scene1,50,old
1677,7.151810169219971,0.18755099620264112,obse,cracker_scene1,50,old
1678,7.156162977218628,0.18587621280008682,obse,cracker_scene1,50,old
1679,7.160367965698242,0.18587621280008682,obse,cracker_scene1,50,old
1680,7.16472315788269,0.1869634140635633,obse,cracker_scene1,50,old
1681,7.1689629554748535,0.1869580604269177,obse,cracker_scene1,50,old
1682,7.173407554626465,0.1869580604269177,obse,cracker_scene1,50,old
1683,7.17738676071167,0.1869580604269177,obse,cracker_scene1,50,old
1684,7.181345224380493,0.1869580604269177,obse,cracker_scene1,50,old
1685,7.185601711273193,0.18585439175197896,obse,cracker_scene1,50,old
1686,7.1897499561309814,0.18585439175197896,obse,cracker_scene1,50,old
1687,7.193939924240112,0.1874998591290053,obse,cracker_scene1,50,old
1688,7.198126792907715,0.1874998591290053,obse,cracker_scene1,50,old
1689,7.202170372009277,0.1874998591290053,obse,cracker_scene1,50,old
1690,7.206629037857056,0.1858248437811139,obse,cracker_scene1,50,old
1691,7.210713624954224,0.18710585370110952,obse,cracker_scene1,50,old
1692,7.214834690093994,0.18710585370110952,obse,cracker_scene1,50,old
1693,7.2190186977386475,0.1869327197882325,obse,cracker_scene1,50,old
1694,7.223407030105591,0.1869327197882325,obse,cracker_scene1,50,old
1695,7.227524280548096,0.1858557370356729,obse,cracker_scene1,50,old
1696,7.232104063034058,0.1858557370356729,obse,cracker_scene1,50,old
1697,7.236818075180054,0.18640678341069894,obse,cracker_scene1,50,old
1698,7.240886926651001,0.18640678341069894,obse,cracker_scene1,50,old
1699,7.245498180389404,0.18594717200948568,obse,cracker_scene1,50,old
1700,7.249556303024292,0.18594717200948568,obse,cracker_scene1,50,old
1701,7.2538745403289795,0.18618565793738867,obse,cracker_scene1,50,old
1702,7.258074998855591,0.18618565793738867,obse,cracker_scene1,50,old
1703,7.262316703796387,0.18582942133534236,obse,cracker_scene1,50,old
1704,7.266669511795044,0.18587784823512576,obse,cracker_scene1,50,old
1705,7.270936012268066,0.186041089901077,obse,cracker_scene1,50,old
1706,7.275113105773926,0.186041089901077,obse,cracker_scene1,50,old
1707,7.2793614864349365,0.186041089901077,obse,cracker_scene1,50,old
1708,7.283769607543945,0.18530564746136685,obse,cracker_scene1,50,old
1709,7.287931442260742,0.18530564746136685,obse,cracker_scene1,50,old
1710,7.292120456695557,0.1854322867800056,obse,cracker_scene1,50,old
1711,7.2962727546691895,0.1854322867800056,obse,cracker_scene1,50,old
1712,7.300493955612183,0.18451074600707296,obse,cracker_scene1,50,old
1713,7.304845571517944,0.18451074600707296,obse,cracker_scene1,50,old
1714,7.308997631072998,0.18614952790181366,obse,cracker_scene1,50,old
1715,7.313138008117676,0.18614952790181366,obse,cracker_scene1,50,old
1716,7.31745457649231,0.18512773684869785,obse,cracker_scene1,50,old
1717,7.321543216705322,0.18512773684869785,obse,cracker_scene1,50,old
1718,7.325796127319336,0.18529713301155523,obse,cracker_scene1,50,old
1719,7.330050706863403,0.18529713301155523,obse,cracker_scene1,50,old
1720,7.334050893783569,0.18529713301155523,obse,cracker_scene1,50,old
1721,7.338465213775635,0.18659702396026348,obse,cracker_scene1,50,old
1722,7.342882394790649,0.18527247071412495,obse,cracker_scene1,50,old
1723,7.347280979156494,0.18638075352777703,obse,cracker_scene1,50,old
1724,7.351720094680786,0.18615890618070208,obse,cracker_scene1,50,old
1725,7.3561296463012695,0.1859814597404483,obse,cracker_scene1,50,old
1726,7.360261917114258,0.18434330626293238,obse,cracker_scene1,50,old
1727,7.364490032196045,0.18434330626293238,obse,cracker_scene1,50,old
1728,7.368605613708496,0.18481971376125597,obse,cracker_scene1,50,old
1729,7.373014211654663,0.18481971376125597,obse,cracker_scene1,50,old
1730,7.377011299133301,0.18530877479708194,obse,cracker_scene1,50,old
1731,7.381220817565918,0.18518239252808683,obse,cracker_scene1,50,old
1732,7.38512659072876,0.18518239252808683,obse,cracker_scene1,50,old
1733,7.389423131942749,0.1851866929254214,obse,cracker_scene1,50,old
1734,7.39376425743103,0.1851866929254214,obse,cracker_scene1,50,old
1735,7.398171424865723,0.18515166223192142,obse,cracker_scene1,50,old
1736,7.402228355407715,0.18519308522986855,obse,cracker_scene1,50,old
1737,7.406601667404175,0.18528740659213908,obse,cracker_scene1,50,old
1738,7.410635709762573,0.185272285733669,obse,cracker_scene1,50,old
1739,7.41481351852417,0.1852142751640564,obse,cracker_scene1,50,old
1740,7.419050455093384,0.1852142751640564,obse,cracker_scene1,50,old
1741,7.423311948776245,0.1853405330024149,obse,cracker_scene1,50,old
1742,7.4273903369903564,0.1853405330024149,obse,cracker_scene1,50,old
1743,7.431666135787964,0.18389314705158477,obse,cracker_scene1,50,old
1744,7.43574333190918,0.1847274364338407,obse,cracker_scene1,50,old
1745,7.440307140350342,0.1847274364338407,obse,cracker_scene1,50,old
1746,7.444337606430054,0.1851095256507671,obse,cracker_scene1,50,old
1747,7.4485251903533936,0.1851095256507671,obse,cracker_scene1,50,old
1748,7.452624559402466,0.18517487967491125,obse,cracker_scene1,50,old
1749,7.4568846225738525,0.18516623867966645,obse,cracker_scene1,50,old
1750,7.4610679149627686,0.18399737432533814,obse,cracker_scene1,50,old
1751,7.465298891067505,0.18399737432533814,obse,cracker_scene1,50,old
1752,7.46952748298645,0.18465557691818665,obse,cracker_scene1,50,old
1753,7.473784685134888,0.18466641105075962,obse,cracker_scene1,50,old
1754,7.47790265083313,0.185339643769509,obse,cracker_scene1,50,old
1755,7.48210883140564,0.185339643769509,obse,cracker_scene1,50,old
1756,7.4862987995147705,0.18536022802396018,obse,cracker_scene1,50,old
1757,7.490536212921143,0.18536022802396018,obse,cracker_scene1,50,old
1758,7.4947474002838135,0.18521348612672922,obse,cracker_scene1,50,old
1759,7.499002933502197,0.18521348612672922,obse,cracker_scene1,50,old
1760,7.503081798553467,0.1851728660155913,obse,cracker_scene1,50,old
1761,7.507436037063599,0.18464989057424958,obse,cracker_scene1,50,old
1762,7.511544227600098,0.18413611058584983,obse,cracker_scene1,50,old
1763,7.515592813491821,0.18413611058584983,obse,cracker_scene1,50,old
1764,7.519810438156128,0.18387703576793363,obse,cracker_scene1,50,old
1765,7.524303913116455,0.18387703576793363,obse,cracker_scene1,50,old
1766,7.528870105743408,0.1853858571058048,obse,cracker_scene1,50,old
1767,7.533006906509399,0.1853858571058048,obse,cracker_scene1,50,old
1768,7.537442684173584,0.1853227638906147,obse,cracker_scene1,50,old
1769,7.541658401489258,0.1853227638906147,obse,cracker_scene1,50,old
1770,7.545998811721802,0.18475521615385546,obse,cracker_scene1,50,old
1771,7.550235986709595,0.18475521615385546,obse,cracker_scene1,50,old
1772,7.554805278778076,0.18526463719605002,obse,cracker_scene1,50,old
1773,7.559114456176758,0.18526463719605002,obse,cracker_scene1,50,old
1774,7.5637526512146,0.18471007548422366,obse,cracker_scene1,50,old
1775,7.567950248718262,0.18471007548422366,obse,cracker_scene1,50,old
1776,7.572658061981201,0.1846714719225904,obse,cracker_scene1,50,old
1777,7.576753854751587,0.1846714719225904,obse,cracker_scene1,50,old
1778,7.581210374832153,0.18391267516703047,obse,cracker_scene1,50,old
1779,7.585462808609009,0.18391267516703047,obse,cracker_scene1,50,old
1780,7.589958429336548,0.18520208731759338,obse,cracker_scene1,50,old
1781,7.594169855117798,0.1840351957846423,obse,cracker_scene1,50,old
1782,7.598606586456299,0.1840351957846423,obse,cracker_scene1,50,old
1783,7.60292649269104,0.18513643271717217,obse,cracker_scene1,50,old
1784,7.607387065887451,0.18513643271717217,obse,cracker_scene1,50,old
1785,7.611631155014038,0.18509328543868353,obse,cracker_scene1,50,old
1786,7.616023540496826,0.18509328543868353,obse,cracker_scene1,50,old
1787,7.620471477508545,0.18520235343340213,obse,cracker_scene1,50,old
1788,7.6246607303619385,0.18520235343340213,obse,cracker_scene1,50,old
1789,7.62910532951355,0.18431165582425385,obse,cracker_scene1,50,old
1790,7.633231163024902,0.18431165582425385,obse,cracker_scene1,50,old
1791,7.6378254890441895,0.18519933323824356,obse,cracker_scene1,50,old
1792,7.641969680786133,0.18519933323824356,obse,cracker_scene1,50,old
1793,7.646457195281982,0.18463427515027545,obse,cracker_scene1,50,old
1794,7.650663614273071,0.18463427515027545,obse,cracker_scene1,50,old
1795,7.655126333236694,0.18415245814770043,obse,cracker_scene1,50,old
1796,7.659329652786255,0.18415245814770043,obse,cracker_scene1,50,old
1797,7.663935899734497,0.18519949002723946,obse,cracker_scene1,50,old
1798,7.668070077896118,0.18519949002723946,obse,cracker_scene1,50,old
1799,7.672649145126343,0.18522385829520346,obse,cracker_scene1,50,old
1800,7.676806926727295,0.18522385829520346,obse,cracker_scene1,50,old
1801,7.6814069747924805,0.18518667509986256,obse,cracker_scene1,50,old
1802,7.685764312744141,0.18513183627821406,obse,cracker_scene1,50,old
1803,7.690170049667358,0.18513183627821406,obse,cracker_scene1,50,old
1804,7.69428825378418,0.18513183627821406,obse,cracker_scene1,50,old
1805,7.698758602142334,0.18513270341486734,obse,cracker_scene1,50,old
1806,7.703387975692749,0.18581946219735396,obse,cracker_scene1,50,old
1807,7.7077956199646,0.18581946219735396,obse,cracker_scene1,50,old
1808,7.712169885635376,0.18608512800912935,obse,cracker_scene1,50,old
1809,7.716441869735718,0.18608512800912935,obse,cracker_scene1,50,old
1810,7.72097373008728,0.18513109446755904,obse,cracker_scene1,50,old
1811,7.725119113922119,0.18513109446755904,obse,cracker_scene1,50,old
1812,7.729616403579712,0.18674242857686,obse,cracker_scene1,50,old
1813,7.733910799026489,0.18674242857686,obse,cracker_scene1,50,old
1814,7.738585948944092,0.18706645182892423,obse,cracker_scene1,50,old
1815,7.742728233337402,0.18706645182892423,obse,cracker_scene1,50,old
1816,7.747157096862793,0.18615428208360812,obse,cracker_scene1,50,old
1817,7.7512617111206055,0.18615428208360812,obse,cracker_scene1,50,old
1818,7.756015062332153,0.18783343515853354,obse,cracker_scene1,50,old
1819,7.760258913040161,0.18783343515853354,obse,cracker_scene1,50,old
1820,7.764747858047485,0.1865517408918651,obse,cracker_scene1,50,old
1821,7.769186496734619,0.1865363475442569,obse,cracker_scene1,50,old
1822,7.773573875427246,0.1865363475442569,obse,cracker_scene1,50,old
1823,7.777829647064209,0.18799045216370988,obse,cracker_scene1,50,old
1824,7.782205104827881,0.1879061824568675,obse,cracker_scene1,50,old
1825,7.786452531814575,0.18704258725994194,obse,cracker_scene1,50,old
1826,7.79077672958374,0.18704258725994194,obse,cracker_scene1,50,old
1827,7.795085191726685,0.18474271005761714,obse,cracker_scene1,50,old
1828,7.799447298049927,0.18474271005761714,obse,cracker_scene1,50,old
1829,7.803828001022339,0.1844214648640817,obse,cracker_scene1,50,old
1830,7.808225154876709,0.1844214648640817,obse,cracker_scene1,50,old
1831,7.812578201293945,0.18492229814767916,obse,cracker_scene1,50,old
1832,7.816733360290527,0.18492229814767916,obse,cracker_scene1,50,old
1833,7.821213483810425,0.1857507277046316,obse,cracker_scene1,50,old
1834,7.825352907180786,0.1857507277046316,obse,cracker_scene1,50,old
1835,7.82993745803833,0.184764462398637,obse,cracker_scene1,50,old
1836,7.834083795547485,0.184764462398637,obse,cracker_scene1,50,old
1837,7.838652610778809,0.18431893174890313,obse,cracker_scene1,50,old
1838,7.842909336090088,0.18431893174890313,obse,cracker_scene1,50,old
1839,7.847402572631836,0.18550054661765755,obse,cracker_scene1,50,old
1840,7.8514978885650635,0.18550054661765755,obse,cracker_scene1,50,old
1841,7.855925559997559,0.18536402972737612,obse,cracker_scene1,50,old
1842,7.860270023345947,0.18479295091275513,obse,cracker_scene1,50,old
1843,7.864586353302002,0.18501187629105623,obse,cracker_scene1,50,old
1844,7.868801832199097,0.18501187629105623,obse,cracker_scene1,50,old
1845,7.873445987701416,0.1841094819998844,obse,cracker_scene1,50,old
1846,7.8777008056640625,0.18419241970162367,obse,cracker_scene1,50,old
1847,7.882056474685669,0.18419241970162367,obse,cracker_scene1,50,old
1848,7.886345148086548,0.18472617003898512,obse,cracker_scene1,50,old
1849,7.890737056732178,0.18472617003898512,obse,cracker_scene1,50,old
1850,7.895133018493652,0.18415064203889223,obse,cracker_scene1,50,old
1851,7.899389743804932,0.18415064203889223,obse,cracker_scene1,50,old
1852,7.903822183609009,0.18512720006730288,obse,cracker_scene1,50,old
1853,7.908105134963989,0.18512720006730288,obse,cracker_scene1,50,old
1854,7.912583827972412,0.18476835748587642,obse,cracker_scene1,50,old
1855,7.9168524742126465,0.18476835748587642,obse,cracker_scene1,50,old
1856,7.921363592147827,0.1843648348487369,obse,cracker_scene1,50,old
1857,7.925451040267944,0.1843648348487369,obse,cracker_scene1,50,old
1858,7.92997932434082,0.184118554505983,obse,cracker_scene1,50,old
1859,7.934202671051025,0.184118554505983,obse,cracker_scene1,50,old
1860,7.938826560974121,0.18581570101925848,obse,cracker_scene1,50,old
1861,7.942977428436279,0.18581570101925848,obse,cracker_scene1,50,old
1862,7.947397470474243,0.18609622011358404,obse,cracker_scene1,50,old
1863,7.951734781265259,0.1854426518362559,obse,cracker_scene1,50,old
1864,7.9561402797698975,0.1854426518362559,obse,cracker_scene1,50,old
1865,7.960448980331421,0.1854426518362559,obse,cracker_scene1,50,old
1866,7.9651758670806885,0.184267552645485,obse,cracker_scene1,50,old
1867,7.969649076461792,0.18362913032461955,obse,cracker_scene1,50,old
1868,7.974055767059326,0.18362913032461955,obse,cracker_scene1,50,old
1869,7.9782116413116455,0.18480183165635658,obse,cracker_scene1,50,old
1870,7.982288837432861,0.18480183165635658,obse,cracker_scene1,50,old
1871,7.9865875244140625,0.18480183165635658,obse,cracker_scene1,50,old
1872,7.990893363952637,0.1839600272123046,obse,cracker_scene1,50,old
1873,7.995217800140381,0.1839600272123046,obse,cracker_scene1,50,old
1874,7.9995338916778564,0.18406132201412181,obse,cracker_scene1,50,old
1875,8.004134178161621,0.18406132201412181,obse,cracker_scene1,50,old
1876,8.008219957351685,0.18406132201412181,obse,cracker_scene1,50,old
1877,8.013047456741333,0.18387577240907751,obse,cracker_scene1,50,old
1878,8.017399549484253,0.18387577240907751,obse,cracker_scene1,50,old
1879,8.021705627441406,0.18387577240907751,obse,cracker_scene1,50,old
1880,8.026197671890259,0.183686894722966,obse,cracker_scene1,50,old
1881,8.03049635887146,0.183686894722966,obse,cracker_scene1,50,old
1882,8.034904956817627,0.1835206998496274,obse,cracker_scene1,50,old
1883,8.039548873901367,0.18321917152809356,obse,cracker_scene1,50,old
1884,8.043696880340576,0.18321917152809356,obse,cracker_scene1,50,old
1885,8.047887802124023,0.18392104141166973,obse,cracker_scene1,50,old
1886,8.05203890800476,0.18392104141166973,obse,cracker_scene1,50,old
1887,8.056042194366455,0.18392104141166973,obse,cracker_scene1,50,old
1888,8.06050157546997,0.18233592466583057,obse,cracker_scene1,50,old
1889,8.065002918243408,0.18233592466583057,obse,cracker_scene1,50,old
1890,8.069275856018066,0.18286586659876747,obse,cracker_scene1,50,old
1891,8.073749780654907,0.18286586659876747,obse,cracker_scene1,50,old
1892,8.07797908782959,0.1837113660459012,obse,cracker_scene1,50,old
1893,8.082326173782349,0.1837113660459012,obse,cracker_scene1,50,old
1894,8.086675643920898,0.18377615288870186,obse,cracker_scene1,50,old
1895,8.090867042541504,0.18377615288870186,obse,cracker_scene1,50,old
1896,8.095154047012329,0.18377615288870186,obse,cracker_scene1,50,old
1897,8.099501848220825,0.18267906547809026,obse,cracker_scene1,50,old
1898,8.10417366027832,0.18267058795756058,obse,cracker_scene1,50,old
1899,8.108290433883667,0.18267058795756058,obse,cracker_scene1,50,old
1900,8.112769603729248,0.18168962592777144,obse,cracker_scene1,50,old
1901,8.1170973777771,0.18205492743626778,obse,cracker_scene1,50,old
1902,8.121356725692749,0.18205492743626778,obse,cracker_scene1,50,old
1903,8.125716209411621,0.18249999591198712,obse,cracker_scene1,50,old
1904,8.130133867263794,0.18249999591198712,obse,cracker_scene1,50,old
1905,8.134296894073486,0.18249999591198712,obse,cracker_scene1,50,old
1906,8.138899564743042,0.1836806911742061,obse,cracker_scene1,50,old
1907,8.143433094024658,0.18414923332635288,obse,cracker_scene1,50,old
1908,8.148050546646118,0.1829063486635969,obse,cracker_scene1,50,old
1909,8.152672529220581,0.18275210446939102,obse,cracker_scene1,50,old
1910,8.157257080078125,0.18209733201597902,obse,cracker_scene1,50,old
1911,8.161827802658081,0.18178172775247697,obse,cracker_scene1,50,old
1912,8.166182041168213,0.18178172775247697,obse,cracker_scene1,50,old
1913,8.17054796218872,0.181822639515202,obse,cracker_scene1,50,old
1914,8.174849271774292,0.181822639515202,obse,cracker_scene1,50,old
1915,8.1792471408844,0.18286469742560638,obse,cracker_scene1,50,old
1916,8.183470010757446,0.18286469742560638,obse,cracker_scene1,50,old
1917,8.18795919418335,0.1825949483761683,obse,cracker_scene1,50,old
1918,8.1924729347229,0.1825949483761683,obse,cracker_scene1,50,old
1919,8.197027206420898,0.18218088765133503,obse,cracker_scene1,50,old
1920,8.201339721679688,0.18218088765133503,obse,cracker_scene1,50,old
1921,8.205892562866211,0.1822707870306421,obse,cracker_scene1,50,old
1922,8.210084199905396,0.1822707870306421,obse,cracker_scene1,50,old
1923,8.214493751525879,0.1815239850270578,obse,cracker_scene1,50,old
1924,8.218684911727905,0.1815239850270578,obse,cracker_scene1,50,old
1925,8.223262786865234,0.1803136825687118,obse,cracker_scene1,50,old
1926,8.227531671524048,0.17983420883391502,obse,cracker_scene1,50,old
1927,8.23195505142212,0.17983420883391502,obse,cracker_scene1,50,old
1928,8.23640251159668,0.18039890868627936,obse,cracker_scene1,50,old
1929,8.24110221862793,0.18039890868627936,obse,cracker_scene1,50,old
1930,8.245560884475708,0.18019867292387012,obse,cracker_scene1,50,old
1931,8.24965786933899,0.18019867292387012,obse,cracker_scene1,50,old
1932,8.254144430160522,0.18042729405457775,obse,cracker_scene1,50,old
1933,8.258368253707886,0.18042729405457775,obse,cracker_scene1,50,old
1934,8.262975215911865,0.18039721633882558,obse,cracker_scene1,50,old
1935,8.26709771156311,0.18039721633882558,obse,cracker_scene1,50,old
1936,8.271591186523438,0.18035873976221647,obse,cracker_scene1,50,old
1937,8.275804996490479,0.18035873976221647,obse,cracker_scene1,50,old
1938,8.28028416633606,0.17941733888650122,obse,cracker_scene1,50,old
1939,8.284411668777466,0.17941733888650122,obse,cracker_scene1,50,old
1940,8.288849830627441,0.18002785678673314,obse,cracker_scene1,50,old
1941,8.293033838272095,0.18002785678673314,obse,cracker_scene1,50,old
1942,8.297623872756958,0.180184339083861,obse,cracker_scene1,50,old
1943,8.301764488220215,0.180184339083861,obse,cracker_scene1,50,old
1944,8.306386709213257,0.17936376715210942,obse,cracker_scene1,50,old
1945,8.310722827911377,0.17936376715210942,obse,cracker_scene1,50,old
1946,8.315072774887085,0.1800148857463239,obse,cracker_scene1,50,old
1947,8.31922721862793,0.17975340954406735,obse,cracker_scene1,50,old
1948,8.32375192642212,0.17975340954406735,obse,cracker_scene1,50,old
1949,8.328065395355225,0.1796456720471348,obse,cracker_scene1,50,old
1950,8.332416296005249,0.1795740768301586,obse,cracker_scene1,50,old
1951,8.336795330047607,0.17944012792900388,obse,cracker_scene1,50,old
1952,8.341187715530396,0.17944012792900388,obse,cracker_scene1,50,old
1953,8.345581531524658,0.17820901849740764,obse,cracker_scene1,50,old
1954,8.349943399429321,0.17820901849740764,obse,cracker_scene1,50,old
1955,8.354637145996094,0.17920463474437118,obse,cracker_scene1,50,old
1956,8.358747720718384,0.17920463474437118,obse,cracker_scene1,50,old
1957,8.363215446472168,0.17936711787726373,obse,cracker_scene1,50,old
1958,8.367271900177002,0.17936711787726373,obse,cracker_scene1,50,old
1959,8.3718843460083,0.1777950368002169,obse,cracker_scene1,50,old
1960,8.375977277755737,0.1777950368002169,obse,cracker_scene1,50,old
1961,8.38016653060913,0.178673667023648,obse,cracker_scene1,50,old
1962,8.384400844573975,0.178673667023648,obse,cracker_scene1,50,old
1963,8.388801097869873,0.17905538201027826,obse,cracker_scene1,50,old
1964,8.393150091171265,0.17905538201027826,obse,cracker_scene1,50,old
1965,8.397559881210327,0.17912854062006262,obse,cracker_scene1,50,old
1966,8.402038812637329,0.17898772282902534,obse,cracker_scene1,50,old
1967,8.406411409378052,0.17826707244560255,obse,cracker_scene1,50,old
1968,8.41070294380188,0.17826707244560255,obse,cracker_scene1,50,old
1969,8.414934158325195,0.17826707244560255,obse,cracker_scene1,50,old
1970,8.419460535049438,0.17828862211274077,obse,cracker_scene1,50,old
1971,8.423775911331177,0.17828862211274077,obse,cracker_scene1,50,old
1972,8.42805790901184,0.1781974046527922,obse,cracker_scene1,50,old
1973,8.432337284088135,0.1781974046527922,obse,cracker_scene1,50,old
1974,8.436676263809204,0.17700592854018107,obse,cracker_scene1,50,old
1975,8.44117784500122,0.17733948759143156,obse,cracker_scene1,50,old
1976,8.445313692092896,0.17733948759143156,obse,cracker_scene1,50,old
1977,8.450741052627563,0.17747477389682573,obse,cracker_scene1,50,old
1978,8.455044746398926,0.17743759401133072,obse,cracker_scene1,50,old
1979,8.459259986877441,0.17794010087839066,obse,cracker_scene1,50,old
1980,8.46358847618103,0.17794010087839066,obse,cracker_scene1,50,old
1981,8.4677734375,0.17794010087839066,obse,cracker_scene1,50,old
1982,8.472273111343384,0.17632629888649134,obse,cracker_scene1,50,old
1983,8.476756572723389,0.1776669668571421,obse,cracker_scene1,50,old
1984,8.481325626373291,0.1779146810342752,obse,cracker_scene1,50,old
1985,8.48568606376648,0.17796869865472154,obse,cracker_scene1,50,old
1986,8.489998579025269,0.17783031367311686,obse,cracker_scene1,50,old
1987,8.495047092437744,0.1779426163980613,obse,cracker_scene1,50,old
1988,8.499914646148682,0.17743024911459016,obse,cracker_scene1,50,old
1989,8.504408359527588,0.17798010228720623,obse,cracker_scene1,50,old
1990,8.508499145507812,0.17798010228720623,obse,cracker_scene1,50,old
1991,8.513092756271362,0.17804507022547783,obse,cracker_scene1,50,old
1992,8.517695903778076,0.17804507022547783,obse,cracker_scene1,50,old
1993,8.521981716156006,0.1777173512500037,obse,cracker_scene1,50,old
1994,8.526063442230225,0.1777173512500037,obse,cracker_scene1,50,old
1995,8.530304193496704,0.1777173512500037,obse,cracker_scene1,50,old
1996,8.534704685211182,0.17774178608011967,obse,cracker_scene1,50,old
1997,8.53901219367981,0.17774178608011967,obse,cracker_scene1,50,old
1998,8.543254137039185,0.1779589008394586,obse,cracker_scene1,50,old
1999,8.547632455825806,0.17819376390676808,obse,cracker_scene1,50,old
2000,8.552202939987183,0.17851379956854513,obse,cracker_scene1,50,old
2001,8.556737899780273,0.17800857511003934,obse,cracker_scene1,50,old
2002,8.561128616333008,0.17752924128050865,obse,cracker_scene1,50,old
2003,8.565533638000488,0.17744023121264815,obse,cracker_scene1,50,old
2004,8.56987476348877,0.17783339827967082,obse,cracker_scene1,50,old
2005,8.57561731338501,0.17783339827967082,obse,cracker_scene1,50,old
2006,8.581690311431885,0.1777873950678312,obse,cracker_scene1,50,old
2007,8.586109638214111,0.1774570953545729,obse,cracker_scene1,50,old
2008,8.590427160263062,0.1774570953545729,obse,cracker_scene1,50,old
2009,8.594662189483643,0.1771675761925949,obse,cracker_scene1,50,old
2010,8.598963022232056,0.1771675761925949,obse,cracker_scene1,50,old
2011,8.603238821029663,0.17721173668186044,obse,cracker_scene1,50,old
2012,8.607688188552856,0.17721173668186044,obse,cracker_scene1,50,old
2013,8.61203670501709,0.17741898575645637,obse,cracker_scene1,50,old
2014,8.616350412368774,0.17741898575645637,obse,cracker_scene1,50,old
2015,8.621211051940918,0.17737402258807272,obse,cracker_scene1,50,old
2016,8.625992774963379,0.17737402258807272,obse,cracker_scene1,50,old
2017,8.630412817001343,0.17779663320390282,obse,cracker_scene1,50,old
2018,8.634697675704956,0.17779663320390282,obse,cracker_scene1,50,old
2019,8.639146089553833,0.17680444562049435,obse,cracker_scene1,50,old
2020,8.643384218215942,0.17680444562049435,obse,cracker_scene1,50,old
2021,8.648370265960693,0.17750969196732305,obse,cracker_scene1,50,old
2022,8.652706861495972,0.17712575831293342,obse,cracker_scene1,50,old
2023,8.656994342803955,0.17712575831293342,obse,cracker_scene1,50,old
2024,8.661240100860596,0.1768648533000206,obse,cracker_scene1,50,old
2025,8.665734052658081,0.1768648533000206,obse,cracker_scene1,50,old
2026,8.670150518417358,0.17743484897019135,obse,cracker_scene1,50,old
2027,8.674447774887085,0.17743484897019135,obse,cracker_scene1,50,old
2028,8.678760290145874,0.17730314188889482,obse,cracker_scene1,50,old
2029,8.683482646942139,0.17763722044301855,obse,cracker_scene1,50,old
2030,8.688065528869629,0.17748935128808005,obse,cracker_scene1,50,old
2031,8.69228482246399,0.17748935128808005,obse,cracker_scene1,50,old
2032,8.696754932403564,0.17726347194931824,obse,cracker_scene1,50,old
2033,8.700854301452637,0.17726347194931824,obse,cracker_scene1,50,old
2034,8.705518960952759,0.1756927037082841,obse,cracker_scene1,50,old
2035,8.709581136703491,0.1756927037082841,obse,cracker_scene1,50,old
2036,8.714016914367676,0.17758435093843603,obse,cracker_scene1,50,old
2037,8.718228578567505,0.17758435093843603,obse,cracker_scene1,50,old
2038,8.722579002380371,0.17711530516545188,obse,cracker_scene1,50,old
2039,8.72658371925354,0.17711530516545188,obse,cracker_scene1,50,old
2040,8.73125433921814,0.1783474564133755,obse,cracker_scene1,50,old
2041,8.735806465148926,0.1783663295898097,obse,cracker_scene1,50,old
2042,8.740312099456787,0.1783663295898097,obse,cracker_scene1,50,old
2043,8.744688510894775,0.17754909323535448,obse,cracker_scene1,50,old
2044,8.74899959564209,0.17754909323535448,obse,cracker_scene1,50,old
2045,8.75336480140686,0.17917318855525818,obse,cracker_scene1,50,old
2046,8.757650375366211,0.17917318855525818,obse,cracker_scene1,50,old
2047,8.762095928192139,0.178789069649134,obse,cracker_scene1,50,old
2048,8.76633906364441,0.178789069649134,obse,cracker_scene1,50,old
2049,8.770812034606934,0.17686291429537532,obse,cracker_scene1,50,old
2050,8.775023698806763,0.17686291429537532,obse,cracker_scene1,50,old
2051,8.779330492019653,0.17716948151777534,obse,cracker_scene1,50,old
2052,8.783517360687256,0.17716948151777534,obse,cracker_scene1,50,old
2053,8.787999629974365,0.17682753420025518,obse,cracker_scene1,50,old
2054,8.792152881622314,0.17682753420025518,obse,cracker_scene1,50,old
2055,8.796766757965088,0.17656045273578702,obse,cracker_scene1,50,old
2056,8.800955533981323,0.17656045273578702,obse,cracker_scene1,50,old
2057,8.805651664733887,0.1775243106997017,obse,cracker_scene1,50,old
2058,8.809676170349121,0.1775243106997017,obse,cracker_scene1,50,old
2059,8.814215898513794,0.17782764547199148,obse,cracker_scene1,50,old
2060,8.819061517715454,0.1775392512817005,obse,cracker_scene1,50,old
2061,8.823609352111816,0.1775392512817005,obse,cracker_scene1,50,old
2062,8.82786774635315,0.17687256295716255,obse,cracker_scene1,50,old
2063,8.832252025604248,0.17799957152525603,obse,cracker_scene1,50,old
2064,8.837011337280273,0.17841407642137552,obse,cracker_scene1,50,old
2065,8.84121561050415,0.17841407642137552,obse,cracker_scene1,50,old
2066,8.845637798309326,0.17898655058040513,obse,cracker_scene1,50,old
2067,8.849793195724487,0.17898655058040513,obse,cracker_scene1,50,old
2068,8.85412073135376,0.17743861129810037,obse,cracker_scene1,50,old
2069,8.858258724212646,0.17743861129810037,obse,cracker_scene1,50,old
2070,8.862597703933716,0.17702691923074507,obse,cracker_scene1,50,old
2071,8.866865158081055,0.17702691923074507,obse,cracker_scene1,50,old
2072,8.871265172958374,0.1773051746536238,obse,cracker_scene1,50,old
2073,8.875319004058838,0.1773051746536238,obse,cracker_scene1,50,old
2074,8.879556894302368,0.17542071218743596,obse,cracker_scene1,50,old
2075,8.883604049682617,0.17542071218743596,obse,cracker_scene1,50,old
2076,8.887810945510864,0.17642098016609167,obse,cracker_scene1,50,old
2077,8.89189887046814,0.17642098016609167,obse,cracker_scene1,50,old
2078,8.896254539489746,0.17530533036510848,obse,cracker_scene1,50,old
2079,8.900192260742188,0.17530533036510848,obse,cracker_scene1,50,old
2080,8.904906034469604,0.17654040978723964,obse,cracker_scene1,50,old
2081,8.908901453018188,0.17654040978723964,obse,cracker_scene1,50,old
2082,8.913235187530518,0.17645882215725778,obse,cracker_scene1,50,old
2083,8.917320966720581,0.17645882215725778,obse,cracker_scene1,50,old
2084,8.921602010726929,0.1774903519749019,obse,cracker_scene1,50,old
2085,8.925793886184692,0.1774903519749019,obse,cracker_scene1,50,old
2086,8.930089235305786,0.1783980186559348,obse,cracker_scene1,50,old
2087,8.93416452407837,0.1783980186559348,obse,cracker_scene1,50,old
2088,8.938565492630005,0.17891799242036452,obse,cracker_scene1,50,old
2089,8.942797183990479,0.17891799242036452,obse,cracker_scene1,50,old
2090,8.947188377380371,0.1789758546825869,obse,cracker_scene1,50,old
2091,8.95132064819336,0.1789758546825869,obse,cracker_scene1,50,old
2092,8.955880880355835,0.17784751644829525,obse,cracker_scene1,50,old
2093,8.960050582885742,0.17904928652300517,obse,cracker_scene1,50,old
2094,8.964353799819946,0.1789750031735941,obse,cracker_scene1,50,old
2095,8.968371868133545,0.17829952528404225,obse,cracker_scene1,50,old
2096,8.9727783203125,0.17829952528404225,obse,cracker_scene1,50,old
2097,8.976842403411865,0.17772788880722895,obse,cracker_scene1,50,old
2098,8.981151819229126,0.17686663230874547,obse,cracker_scene1,50,old
2099,8.985271692276001,0.17673708276388214,obse,cracker_scene1,50,old
2100,8.989503860473633,0.17726538096254524,obse,cracker_scene1,50,old
2101,8.993658542633057,0.17726538096254524,obse,cracker_scene1,50,old
2102,8.998166799545288,0.1772983672385049,obse,cracker_scene1,50,old
2103,9.002203702926636,0.17746369252558133,obse,cracker_scene1,50,old
2104,9.006509780883789,0.17790903365571137,obse,cracker_scene1,50,old
2105,9.010581493377686,0.17759145653554487,obse,cracker_scene1,50,old
2106,9.014999866485596,0.17759145653554487,obse,cracker_scene1,50,old
2107,9.01913857460022,0.1778530472678621,obse,cracker_scene1,50,old
2108,9.02383303642273,0.1778530472678621,obse,cracker_scene1,50,old
2109,9.028114080429077,0.17772179067945892,obse,cracker_scene1,50,old
2110,9.032534837722778,0.17772179067945892,obse,cracker_scene1,50,old
2111,9.036850452423096,0.17736458890815524,obse,cracker_scene1,50,old
2112,9.041102886199951,0.17736458890815524,obse,cracker_scene1,50,old
2113,9.045440673828125,0.17800869207573988,obse,cracker_scene1,50,old
2114,9.049562215805054,0.17800869207573988,obse,cracker_scene1,50,old
2115,9.05402421951294,0.17832109578550553,obse,cracker_scene1,50,old
2116,9.058420419692993,0.17832109578550553,obse,cracker_scene1,50,old
2117,9.062825202941895,0.1784403327648383,obse,cracker_scene1,50,old
2118,9.06712794303894,0.1784403327648383,obse,cracker_scene1,50,old
2119,9.071713209152222,0.17849370022361882,obse,cracker_scene1,50,old
2120,9.075852394104004,0.17849370022361882,obse,cracker_scene1,50,old
2121,9.08025574684143,0.17724230760751164,obse,cracker_scene1,50,old
2122,9.084220886230469,0.17724230760751164,obse,cracker_scene1,50,old
2123,9.088568449020386,0.1778921374081168,obse,cracker_scene1,50,old
2124,9.092555046081543,0.1778921374081168,obse,cracker_scene1,50,old
2125,9.096842527389526,0.17773981266431554,obse,cracker_scene1,50,old
2126,9.100937604904175,0.17773981266431554,obse,cracker_scene1,50,old
2127,9.10540509223938,0.17781529860820952,obse,cracker_scene1,50,old
2128,9.10951542854309,0.17781529860820952,obse,cracker_scene1,50,old
2129,9.113857984542847,0.17666324772992698,obse,cracker_scene1,50,old
2130,9.117973566055298,0.17666324772992698,obse,cracker_scene1,50,old
2131,9.122305631637573,0.17678526727875038,obse,cracker_scene1,50,old
2132,9.126394510269165,0.17678526727875038,obse,cracker_scene1,50,old
2133,9.130794048309326,0.17664032604670935,obse,cracker_scene1,50,old
2134,9.134870052337646,0.1764456541710203,obse,cracker_scene1,50,old
2135,9.139308214187622,0.17645576571567684,obse,cracker_scene1,50,old
2136,9.143280982971191,0.17645576571567684,obse,cracker_scene1,50,old
2137,9.147561311721802,0.1772033550985863,obse,cracker_scene1,50,old
2138,9.151678085327148,0.1772033550985863,obse,cracker_scene1,50,old
2139,9.156494379043579,0.17781843912442105,obse,cracker_scene1,50,old
2140,9.160698413848877,0.17791161140291425,obse,cracker_scene1,50,old
2141,9.165091276168823,0.17812622194034994,obse,cracker_scene1,50,old
2142,9.169130563735962,0.17758387610781412,obse,cracker_scene1,50,old
2143,9.173705339431763,0.17758387610781412,obse,cracker_scene1,50,old
2144,9.177826404571533,0.17868792822759902,obse,cracker_scene1,50,old
2145,9.182163000106812,0.17868792822759902,obse,cracker_scene1,50,old
2146,9.186336278915405,0.17868792822759902,obse,cracker_scene1,50,old
2147,9.19037675857544,0.17824164284238725,obse,cracker_scene1,50,old
2148,9.194815874099731,0.17824164284238725,obse,cracker_scene1,50,old
2149,9.199116945266724,0.17784022482515918,obse,cracker_scene1,50,old
2150,9.20365858078003,0.17782572109021375,obse,cracker_scene1,50,old
2151,9.207613468170166,0.17575266710185738,obse,cracker_scene1,50,old
2152,9.212097883224487,0.17575266710185738,obse,cracker_scene1,50,old
2153,9.216431379318237,0.17537039069714916,obse,cracker_scene1,50,old
2154,9.220749616622925,0.17537039069714916,obse,cracker_scene1,50,old
2155,9.224982738494873,0.1754885287883877,obse,cracker_scene1,50,old
2156,9.229203462600708,0.1754885287883877,obse,cracker_scene1,50,old
2157,9.23347544670105,0.17636250110315957,obse,cracker_scene1,50,old
2158,9.237904071807861,0.17636250110315957,obse,cracker_scene1,50,old
2159,9.242241621017456,0.17744168754740444,obse,cracker_scene1,50,old
2160,9.246496677398682,0.17744168754740444,obse,cracker_scene1,50,old
2161,9.25077223777771,0.17720177300974718,obse,cracker_scene1,50,old
2162,9.255007028579712,0.17781784529849615,obse,cracker_scene1,50,old
2163,9.25931692123413,0.17781784529849615,obse,cracker_scene1,50,old
2164,9.263689756393433,0.1772012985709699,obse,cracker_scene1,50,old
2165,9.267943859100342,0.17703619272747256,obse,cracker_scene1,50,old
2166,9.272140502929688,0.17703619272747256,obse,cracker_scene1,50,old
2167,9.276345252990723,0.17822247216675907,obse,cracker_scene1,50,old
2168,9.280356884002686,0.17822247216675907,obse,cracker_scene1,50,old
2169,9.284730672836304,0.17999369473651355,obse,cracker_scene1,50,old
2170,9.289114713668823,0.17999369473651355,obse,cracker_scene1,50,old
2171,9.293291807174683,0.1808679952858845,obse,cracker_scene1,50,old
2172,9.297552585601807,0.1808679952858845,obse,cracker_scene1,50,old
2173,9.301662683486938,0.1808697279201963,obse,cracker_scene1,50,old
2174,9.30604863166809,0.18002782213297458,obse,cracker_scene1,50,old
2175,9.310255765914917,0.17872579566114669,obse,cracker_scene1,50,old
2176,9.314659833908081,0.17872579566114669,obse,cracker_scene1,50,old
2177,9.319241285324097,0.17872579566114669,obse,cracker_scene1,50,old
2178,9.323637962341309,0.17949859525656067,obse,cracker_scene1,50,old
2179,9.32782506942749,0.17912677528427418,obse,cracker_scene1,50,old
2180,9.331973552703857,0.17912677528427418,obse,cracker_scene1,50,old
2181,9.336223602294922,0.17912677528427418,obse,cracker_scene1,50,old
2182,9.340832471847534,0.17807218323615856,obse,cracker_scene1,50,old
2183,9.345172643661499,0.17928335780949026,obse,cracker_scene1,50,old
2184,9.349435567855835,0.1798299695725717,obse,cracker_scene1,50,old
2185,9.353586196899414,0.18048271921670353,obse,cracker_scene1,50,old
2186,9.357714891433716,0.18048271921670353,obse,cracker_scene1,50,old
2187,9.362069845199585,0.18058610131388556,obse,cracker_scene1,50,old
2188,9.36638355255127,0.18058610131388556,obse,cracker_scene1,50,old
2189,9.370669841766357,0.1798487791502005,obse,cracker_scene1,50,old
2190,9.374905586242676,0.1798487791502005,obse,cracker_scene1,50,old
2191,9.379116296768188,0.17848358236011053,obse,cracker_scene1,50,old
2192,9.383479595184326,0.17848358236011053,obse,cracker_scene1,50,old
2193,9.387739181518555,0.17911611864457033,obse,cracker_scene1,50,old
2194,9.391832113265991,0.17911611864457033,obse,cracker_scene1,50,old
2195,9.396176815032959,0.17818424827266363,obse,cracker_scene1,50,old
2196,9.4005126953125,0.17818424827266363,obse,cracker_scene1,50,old
2197,9.40500521659851,0.17922971297312576,obse,cracker_scene1,50,old
2198,9.409249782562256,0.17922971297312576,obse,cracker_scene1,50,old
2199,9.413673639297485,0.17973462671976492,obse,cracker_scene1,50,old
2200,9.417866945266724,0.17973462671976492,obse,cracker_scene1,50,old
2201,9.422279596328735,0.17955961818638078,obse,cracker_scene1,50,old
2202,9.426339864730835,0.17955961818638078,obse,cracker_scene1,50,old
2203,9.430779457092285,0.17941194484182668,obse,cracker_scene1,50,old
2204,9.434791326522827,0.17945684912920046,obse,cracker_scene1,50,old
2205,9.43930435180664,0.1793282110884864,obse,cracker_scene1,50,old
2206,9.443350791931152,0.17894063597927964,obse,cracker_scene1,50,old
2207,9.4478280544281,0.1788714456480469,obse,cracker_scene1,50,old
2208,9.451810121536255,0.1788714456480469,obse,cracker_scene1,50,old
2209,9.456154108047485,0.17914046772365616,obse,cracker_scene1,50,old
2210,9.460418462753296,0.17914046772365616,obse,cracker_scene1,50,old
2211,9.464640855789185,0.1781461970810498,obse,cracker_scene1,50,old
2212,9.469314575195312,0.1777070551842517,obse,cracker_scene1,50,old
2213,9.473537683486938,0.1777070551842517,obse,cracker_scene1,50,old
2214,9.477700471878052,0.17939621321243573,obse,cracker_scene1,50,old
2215,9.48184323310852,0.17939621321243573,obse,cracker_scene1,50,old
2216,9.485959768295288,0.17932840309304238,obse,cracker_scene1,50,old
2217,9.490266799926758,0.17932840309304238,obse,cracker_scene1,50,old
2218,9.494540214538574,0.17865352594822503,obse,cracker_scene1,50,old
2219,9.498862504959106,0.17865352594822503,obse,cracker_scene1,50,old
2220,9.503077030181885,0.17934704185122055,obse,cracker_scene1,50,old
2221,9.507315397262573,0.17934704185122055,obse,cracker_scene1,50,old
2222,9.5114266872406,0.17891893845590512,obse,cracker_scene1,50,old
2223,9.515565156936646,0.17891893845590512,obse,cracker_scene1,50,old
2224,9.519863367080688,0.1775822782201432,obse,cracker_scene1,50,old
2225,9.524018287658691,0.1775822782201432,obse,cracker_scene1,50,old
2226,9.528229475021362,0.17855653104823277,obse,cracker_scene1,50,old
2227,9.532454252243042,0.17855653104823277,obse,cracker_scene1,50,old
2228,9.536795139312744,0.17911184499310792,obse,cracker_scene1,50,old
2229,9.541132926940918,0.17911184499310792,obse,cracker_scene1,50,old
2230,9.545413494110107,0.1792451301721434,obse,cracker_scene1,50,old
2231,9.54961347579956,0.1792451301721434,obse,cracker_scene1,50,old
2232,9.553772449493408,0.17809725709506996,obse,cracker_scene1,50,old
2233,9.558083534240723,0.17809725709506996,obse,cracker_scene1,50,old
2234,9.56235933303833,0.17843403864513216,obse,cracker_scene1,50,old
2235,9.566583633422852,0.17843403864513216,obse,cracker_scene1,50,old
2236,9.571009874343872,0.17906260236679572,obse,cracker_scene1,50,old
2237,9.575241088867188,0.17906260236679572,obse,cracker_scene1,50,old
2238,9.579608678817749,0.17912398467229682,obse,cracker_scene1,50,old
2239,9.583591222763062,0.17912398467229682,obse,cracker_scene1,50,old
2240,9.587757587432861,0.17894111840668278,obse,cracker_scene1,50,old
2241,9.591943979263306,0.17894111840668278,obse,cracker_scene1,50,old
2242,9.596087455749512,0.1780568078781288,obse,cracker_scene1,50,old
2243,9.600254535675049,0.1786841288321344,obse,cracker_scene1,50,old
2244,9.604544401168823,0.17802770694728934,obse,cracker_scene1,50,old
2245,9.608678817749023,0.17802770694728934,obse,cracker_scene1,50,old
2246,9.613086938858032,0.17910825997150664,obse,cracker_scene1,50,old
2247,9.61719822883606,0.17910825997150664,obse,cracker_scene1,50,old
2248,9.621584177017212,0.17859384858084068,obse,cracker_scene1,50,old
2249,9.625733375549316,0.17859384858084068,obse,cracker_scene1,50,old
2250,9.629927635192871,0.17859384858084068,obse,cracker_scene1,50,old
2251,9.6344633102417,0.17857628606494366,obse,cracker_scene1,50,old
2252,9.638787031173706,0.17857628606494366,obse,cracker_scene1,50,old
2253,9.643081426620483,0.1789324812675252,obse,cracker_scene1,50,old
2254,9.647284507751465,0.1797829814395885,obse,cracker_scene1,50,old
2255,9.651450634002686,0.1797829814395885,obse,cracker_scene1,50,old
2256,9.655647039413452,0.18020872751974662,obse,cracker_scene1,50,old
2257,9.659838914871216,0.18010557904508445,obse,cracker_scene1,50,old
2258,9.66381025314331,0.18010557904508445,obse,cracker_scene1,50,old
2259,9.668082237243652,0.17964113084526748,obse,cracker_scene1,50,old
2260,9.672409296035767,0.17964113084526748,obse,cracker_scene1,50,old
2261,9.676533937454224,0.17964113084526748,obse,cracker_scene1,50,old
2262,9.680695056915283,0.1796794387268857,obse,cracker_scene1,50,old
2263,9.684943914413452,0.179001082591232,obse,cracker_scene1,50,old
2264,9.689099788665771,0.17911201237114768,obse,cracker_scene1,50,old
2265,9.693074941635132,0.17911201237114768,obse,cracker_scene1,50,old
2266,9.697279691696167,0.17911201237114768,obse,cracker_scene1,50,old
2267,9.701706647872925,0.17858931630537342,obse,cracker_scene1,50,old
2268,9.705877304077148,0.17858931630537342,obse,cracker_scene1,50,old
2269,9.710140466690063,0.17807797941108303,obse,cracker_scene1,50,old
2270,9.714345455169678,0.17807797941108303,obse,cracker_scene1,50,old
2271,9.718573331832886,0.17913822228702028,obse,cracker_scene1,50,old
2272,9.72278094291687,0.17913822228702028,obse,cracker_scene1,50,old
2273,9.726929903030396,0.17855778699350364,obse,cracker_scene1,50,old
2274,9.731229543685913,0.17855778699350364,obse,cracker_scene1,50,old
2275,9.735843420028687,0.17849411237704135,obse,cracker_scene1,50,old
2276,9.740011930465698,0.17849411237704135,obse,cracker_scene1,50,old
2277,9.744429111480713,0.17841156223260818,obse,cracker_scene1,50,old
2278,9.74894905090332,0.17853848281653595,obse,cracker_scene1,50,old
2279,9.753381729125977,0.17766814222930202,obse,cracker_scene1,50,old
2280,9.757861137390137,0.17984914183051914,obse,cracker_scene1,50,old
2281,9.762434482574463,0.17921693188110277,obse,cracker_scene1,50,old
2282,9.766557216644287,0.17921693188110277,obse,cracker_scene1,50,old
2283,9.770948886871338,0.17908776178287916,obse,cracker_scene1,50,old
2284,9.77501916885376,0.17908776178287916,obse,cracker_scene1,50,old
2285,9.779297828674316,0.1785710809289334,obse,cracker_scene1,50,old
2286,9.783515214920044,0.1785710809289334,obse,cracker_scene1,50,old
2287,9.787818670272827,0.17912587329003848,obse,cracker_scene1,50,old
2288,9.792343854904175,0.17912587329003848,obse,cracker_scene1,50,old
2289,9.796821355819702,0.1775405244359941,obse,cracker_scene1,50,old
2290,9.800925254821777,0.1775405244359941,obse,cracker_scene1,50,old
2291,9.805508852005005,0.1773208651835194,obse,cracker_scene1,50,old
2292,9.809635162353516,0.1773208651835194,obse,cracker_scene1,50,old
2293,9.813952445983887,0.17762333918061352,obse,cracker_scene1,50,old
2294,9.818104982376099,0.17762333918061352,obse,cracker_scene1,50,old
2295,9.82243013381958,0.1779714485505298,obse,cracker_scene1,50,old
2296,9.82662582397461,0.1779714485505298,obse,cracker_scene1,50,old
2297,9.831012964248657,0.17820205691887273,obse,cracker_scene1,50,old
2298,9.835055351257324,0.17820205691887273,obse,cracker_scene1,50,old
2299,9.839648962020874,0.17851513695944607,obse,cracker_scene1,50,old
2300,9.843716621398926,0.17851513695944607,obse,cracker_scene1,50,old
2301,9.848106861114502,0.17773602152011214,obse,cracker_scene1,50,old
2302,9.85223913192749,0.1787854537816262,obse,cracker_scene1,50,old
2303,9.856525182723999,0.1787854537816262,obse,cracker_scene1,50,old
2304,9.860753297805786,0.1787854537816262,obse,cracker_scene1,50,old
2305,9.8650803565979,0.17849458326134923,obse,cracker_scene1,50,old
2306,9.869279146194458,0.17936775497289673,obse,cracker_scene1,50,old
2307,9.873627662658691,0.17936775497289673,obse,cracker_scene1,50,old
2308,9.877832651138306,0.17958171096313294,obse,cracker_scene1,50,old
2309,9.88210940361023,0.17958171096313294,obse,cracker_scene1,50,old
2310,9.88637900352478,0.17889125739148837,obse,cracker_scene1,50,old
2311,9.890618562698364,0.17889125739148837,obse,cracker_scene1,50,old
2312,9.894771814346313,0.17888108722831067,obse,cracker_scene1,50,old
2313,9.899089813232422,0.17888108722831067,obse,cracker_scene1,50,old
2314,9.903409957885742,0.17837305589421174,obse,cracker_scene1,50,old
2315,9.907609224319458,0.17837305589421174,obse,cracker_scene1,50,old
2316,9.911928176879883,0.17781971970045105,obse,cracker_scene1,50,old
2317,9.916054487228394,0.17781971970045105,obse,cracker_scene1,50,old
2318,9.92035961151123,0.1779852686515339,obse,cracker_scene1,50,old
2319,9.924573183059692,0.1779852686515339,obse,cracker_scene1,50,old
2320,9.928868055343628,0.1778495825187259,obse,cracker_scene1,50,old
2321,9.933143377304077,0.1778495825187259,obse,cracker_scene1,50,old
2322,9.937475442886353,0.17825879128259176,obse,cracker_scene1,50,old
2323,9.941731214523315,0.17825879128259176,obse,cracker_scene1,50,old
2324,9.94615387916565,0.17867950284284176,obse,cracker_scene1,50,old
2325,9.95067834854126,0.17867950284284176,obse,cracker_scene1,50,old
2326,9.955037355422974,0.17936910375250037,obse,cracker_scene1,50,old
2327,9.959064245223999,0.17936910375250037,obse,cracker_scene1,50,old
2328,9.963400840759277,0.17880910601968814,obse,cracker_scene1,50,old
2329,9.967540740966797,0.17880910601968814,obse,cracker_scene1,50,old
2330,9.971916198730469,0.1788391153287867,obse,cracker_scene1,50,old
2331,9.97606873512268,0.1788391153287867,obse,cracker_scene1,50,old
2332,9.980473279953003,0.17814226905823183,obse,cracker_scene1,50,old
2333,9.984457015991211,0.17814226905823183,obse,cracker_scene1,50,old
2334,9.988735437393188,0.17899786755353078,obse,cracker_scene1,50,old
2335,9.992783546447754,0.17899786755353078,obse,cracker_scene1,50,old
2336,9.997302770614624,0.17864838095924582,obse,cracker_scene1,50,old
2337,10.001367330551147,0.17864838095924582,obse,cracker_scene1,50,old
2338,10.005846977233887,0.1782012670929224,obse,cracker_scene1,50,old
2339,10.010034084320068,0.18125185362526117,obse,cracker_scene1,50,old
2340,10.014437198638916,0.18050490745995934,obse,cracker_scene1,50,old
2341,10.018530130386353,0.18050490745995934,obse,cracker_scene1,50,old
2342,10.022895097732544,0.18137133554119253,obse,cracker_scene1,50,old
2343,10.027023792266846,0.18137133554119253,obse,cracker_scene1,50,old
2344,10.0313720703125,0.18216741348001708,obse,cracker_scene1,50,old
2345,10.035642862319946,0.18197635840028584,obse,cracker_scene1,50,old
2346,10.040112018585205,0.18197635840028584,obse,cracker_scene1,50,old
2347,10.044259548187256,0.18244565709563165,obse,cracker_scene1,50,old
2348,10.048649549484253,0.18254784587746134,obse,cracker_scene1,50,old
2349,10.05286455154419,0.18257643813524072,obse,cracker_scene1,50,old
2350,10.057252168655396,0.1825139538599841,obse,cracker_scene1,50,old
2351,10.061469793319702,0.18220192646887476,obse,cracker_scene1,50,old
2352,10.06579041481018,0.18220192646887476,obse,cracker_scene1,50,old
2353,10.0700204372406,0.18187828077210927,obse,cracker_scene1,50,old
2354,10.074609518051147,0.18187828077210927,obse,cracker_scene1,50,old
2355,10.078886032104492,0.18264179687116677,obse,cracker_scene1,50,old
2356,10.08303713798523,0.18264179687116677,obse,cracker_scene1,50,old
2357,10.087314367294312,0.182390676770482,obse,cracker_scene1,50,old
2358,10.091492414474487,0.182390676770482,obse,cracker_scene1,50,old
2359,10.095731019973755,0.1821852184854171,obse,cracker_scene1,50,old
2360,10.09993028640747,0.1821852184854171,obse,cracker_scene1,50,old
2361,10.104251146316528,0.18208203095440775,obse,cracker_scene1,50,old
2362,10.108364820480347,0.18208203095440775,obse,cracker_scene1,50,old
2363,10.11278223991394,0.18279396420620433,obse,cracker_scene1,50,old
2364,10.117320775985718,0.18279396420620433,obse,cracker_scene1,50,old
2365,10.121650695800781,0.1817259389526493,obse,cracker_scene1,50,old
2366,10.125710487365723,0.1817259389526493,obse,cracker_scene1,50,old
2367,10.130035400390625,0.18196451005472924,obse,cracker_scene1,50,old
2368,10.134138822555542,0.18196451005472924,obse,cracker_scene1,50,old
2369,10.13845682144165,0.180977737752971,obse,cracker_scene1,50,old
2370,10.142576456069946,0.180977737752971,obse,cracker_scene1,50,old
2371,10.146880388259888,0.18157510233333585,obse,cracker_scene1,50,old
2372,10.15092921257019,0.18157510233333585,obse,cracker_scene1,50,old
2373,10.155287027359009,0.18214849363583124,obse,cracker_scene1,50,old
2374,10.159379243850708,0.18214849363583124,obse,cracker_scene1,50,old
2375,10.16381049156189,0.18197124390628988,obse,cracker_scene1,50,old
2376,10.167799234390259,0.18197124390628988,obse,cracker_scene1,50,old
2377,10.17223310470581,0.18121095899084008,obse,cracker_scene1,50,old
2378,10.176239490509033,0.18121095899084008,obse,cracker_scene1,50,old
2379,10.180524587631226,0.18219743323931425,obse,cracker_scene1,50,old
2380,10.184725761413574,0.18219743323931425,obse,cracker_scene1,50,old
2381,10.189076900482178,0.18177950165032686,obse,cracker_scene1,50,old
2382,10.193191289901733,0.18177950165032686,obse,cracker_scene1,50,old
2383,10.197627782821655,0.1816452627641138,obse,cracker_scene1,50,old
2384,10.20169448852539,0.1816452627641138,obse,cracker_scene1,50,old
2385,10.206152439117432,0.1818345990648206,obse,cracker_scene1,50,old
2386,10.210367679595947,0.18088140116053938,obse,cracker_scene1,50,old
2387,10.214653730392456,0.18088140116053938,obse,cracker_scene1,50,old
2388,10.218714237213135,0.18088140116053938,obse,cracker_scene1,50,old
2389,10.223143815994263,0.18083806935000374,obse,cracker_scene1,50,old
2390,10.227276086807251,0.18057077855219783,obse,cracker_scene1,50,old
2391,10.23163628578186,0.18057077855219783,obse,cracker_scene1,50,old
2392,10.236055135726929,0.1801888395834148,obse,cracker_scene1,50,old
2393,10.240460395812988,0.1801888395834148,obse,cracker_scene1,50,old
2394,10.244733810424805,0.18069334509577387,obse,cracker_scene1,50,old
2395,10.248978853225708,0.18069334509577387,obse,cracker_scene1,50,old
2396,10.253226280212402,0.18030586103072996,obse,cracker_scene1,50,old
2397,10.257468223571777,0.18030586103072996,obse,cracker_scene1,50,old
2398,10.261796474456787,0.1807629749246626,obse,cracker_scene1,50,old
2399,10.266056060791016,0.1807629749246626,obse,cracker_scene1,50,old
2400,10.270755290985107,0.18057697960328165,obse,cracker_scene1,50,old
2401,10.275040864944458,0.18057697960328165,obse,cracker_scene1,50,old
2402,10.279349088668823,0.18070014653746294,obse,cracker_scene1,50,old
2403,10.283553123474121,0.18070014653746294,obse,cracker_scene1,50,old
2404,10.287801027297974,0.18040014326054818,obse,cracker_scene1,50,old
2405,10.29188585281372,0.18040014326054818,obse,cracker_scene1,50,old
2406,10.296226263046265,0.1792872549712614,obse,cracker_scene1,50,old
2407,10.300279378890991,0.1792872549712614,obse,cracker_scene1,50,old
2408,10.304726839065552,0.17928060282308167,obse,cracker_scene1,50,old
2409,10.30876636505127,0.17928060282308167,obse,cracker_scene1,50,old
2410,10.31305456161499,0.17884898844652727,obse,cracker_scene1,50,old
2411,10.317228078842163,0.17884898844652727,obse,cracker_scene1,50,old
2412,10.321543216705322,0.17957212495767602,obse,cracker_scene1,50,old
2413,10.325678586959839,0.17957212495767602,obse,cracker_scene1,50,old
2414,10.329970359802246,0.17905313222303848,obse,cracker_scene1,50,old
2415,10.334030628204346,0.17905313222303848,obse,cracker_scene1,50,old
2416,10.33839225769043,0.17937737811831792,obse,cracker_scene1,50,old
2417,10.34243655204773,0.17937737811831792,obse,cracker_scene1,50,old
2418,10.346888780593872,0.17900790496892002,obse,cracker_scene1,50,old
2419,10.350998640060425,0.17900790496892002,obse,cracker_scene1,50,old
2420,10.355473756790161,0.17801047974709183,obse,cracker_scene1,50,old
2421,10.359509944915771,0.17801047974709183,obse,cracker_scene1,50,old
2422,10.363908052444458,0.1792884276812373,obse,cracker_scene1,50,old
2423,10.36795973777771,0.1792884276812373,obse,cracker_scene1,50,old
2424,10.372368574142456,0.17839156307793064,obse,cracker_scene1,50,old
2425,10.376516819000244,0.17839156307793064,obse,cracker_scene1,50,old
2426,10.380860328674316,0.17868801601887863,obse,cracker_scene1,50,old
2427,10.384922504425049,0.17868801601887863,obse,cracker_scene1,50,old
2428,10.389099836349487,0.17743209931103024,obse,cracker_scene1,50,old
2429,10.3934485912323,0.17743209931103024,obse,cracker_scene1,50,old
2430,10.397502422332764,0.17781025715372883,obse,cracker_scene1,50,old
2431,10.401702404022217,0.17781025715372883,obse,cracker_scene1,50,old
2432,10.40616512298584,0.1775964546857,obse,cracker_scene1,50,old
2433,10.410258054733276,0.1775964546857,obse,cracker_scene1,50,old
2434,10.414416790008545,0.17752769535730734,obse,cracker_scene1,50,old
2435,10.418672323226929,0.1778216902886996,obse,cracker_scene1,50,old
2436,10.422951459884644,0.1781431153241568,obse,cracker_scene1,50,old
2437,10.427412748336792,0.1781431153241568,obse,cracker_scene1,50,old
2438,10.431801080703735,0.17871006346897705,obse,cracker_scene1,50,old
2439,10.435972929000854,0.17871006346897705,obse,cracker_scene1,50,old
2440,10.440232038497925,0.17783235041845194,obse,cracker_scene1,50,old
2441,10.444557905197144,0.17783235041845194,obse,cracker_scene1,50,old
2442,10.448676347732544,0.17801663758934025,obse,cracker_scene1,50,old
2443,10.452967643737793,0.17801663758934025,obse,cracker_scene1,50,old
2444,10.457249879837036,0.17784692650195347,obse,cracker_scene1,50,old
2445,10.461424112319946,0.17784692650195347,obse,cracker_scene1,50,old
2446,10.465644598007202,0.17784692650195347,obse,cracker_scene1,50,old
2447,10.469886302947998,0.17716705482682796,obse,cracker_scene1,50,old
2448,10.474110126495361,0.17716705482682796,obse,cracker_scene1,50,old
2449,10.478191375732422,0.17729760344213139,obse,cracker_scene1,50,old
2450,10.482271194458008,0.17729760344213139,obse,cracker_scene1,50,old
2451,10.486300945281982,0.17729760344213139,obse,cracker_scene1,50,old
2452,10.490367412567139,0.17792883729919673,obse,cracker_scene1,50,old
2453,10.494306087493896,0.17792883729919673,obse,cracker_scene1,50,old
2454,10.498830080032349,0.17808987325252376,obse,cracker_scene1,50,old
2455,10.503137826919556,0.17720258792146087,obse,cracker_scene1,50,old
2456,10.507275819778442,0.17720258792146087,obse,cracker_scene1,50,old
2457,10.511436700820923,0.17720258792146087,obse,cracker_scene1,50,old
2458,10.515724897384644,0.17764842514555287,obse,cracker_scene1,50,old
2459,10.519954442977905,0.17765647621184358,obse,cracker_scene1,50,old
2460,10.524338006973267,0.1776449032905122,obse,cracker_scene1,50,old
2461,10.528434991836548,0.1776449032905122,obse,cracker_scene1,50,old
2462,10.53266191482544,0.17789009604916506,obse,cracker_scene1,50,old
2463,10.536730289459229,0.17789009604916506,obse,cracker_scene1,50,old
2464,10.541015625,0.17789009604916506,obse,cracker_scene1,50,old
2465,10.545267820358276,0.1772061931153447,obse,cracker_scene1,50,old
2466,10.549742221832275,0.17686245479733467,obse,cracker_scene1,50,old
2467,10.55417513847351,0.17694852062757513,obse,cracker_scene1,50,old
2468,10.558581829071045,0.1772539087947394,obse,cracker_scene1,50,old
2469,10.56297755241394,0.1772255998896322,obse,cracker_scene1,50,old
2470,10.567169666290283,0.1772255998896322,obse,cracker_scene1,50,old
2471,10.571484804153442,0.177432350721852,obse,cracker_scene1,50,old
2472,10.575769424438477,0.177432350721852,obse,cracker_scene1,50,old
2473,10.580224752426147,0.1770433539505869,obse,cracker_scene1,50,old
2474,10.584344148635864,0.1770433539505869,obse,cracker_scene1,50,old
2475,10.588624954223633,0.17730797558533143,obse,cracker_scene1,50,old
2476,10.592813491821289,0.17730797558533143,obse,cracker_scene1,50,old
2477,10.597351551055908,0.17636750452311367,obse,cracker_scene1,50,old
2478,10.601438283920288,0.17636750452311367,obse,cracker_scene1,50,old
2479,10.605746269226074,0.17617115637176123,obse,cracker_scene1,50,old
2480,10.609814405441284,0.17617115637176123,obse,cracker_scene1,50,old
2481,10.614112615585327,0.1765947703115451,obse,cracker_scene1,50,old
2482,10.61818265914917,0.17665316039295195,obse,cracker_scene1,50,old
2483,10.622461557388306,0.17655530851102727,obse,cracker_scene1,50,old
2484,10.626656532287598,0.17655530851102727,obse,cracker_scene1,50,old
2485,10.631053924560547,0.17735514782581785,obse,cracker_scene1,50,old
2486,10.635152339935303,0.17735514782581785,obse,cracker_scene1,50,old
2487,10.639578819274902,0.17827149981576104,obse,cracker_scene1,50,old
2488,10.64359712600708,0.17827149981576104,obse,cracker_scene1,50,old
2489,10.647909879684448,0.17724299535787602,obse,cracker_scene1,50,old
2490,10.652023792266846,0.17724299535787602,obse,cracker_scene1,50,old
2491,10.656350135803223,0.17672506231424293,obse,cracker_scene1,50,old
2492,10.660476446151733,0.1760241938410059,obse,cracker_scene1,50,old
2493,10.664870738983154,0.17684170458946208,obse,cracker_scene1,50,old
2494,10.669086456298828,0.1768554530432343,obse,cracker_scene1,50,old
2495,10.67374873161316,0.17721434097954597,obse,cracker_scene1,50,old
2496,10.67813229560852,0.17623105699060715,obse,cracker_scene1,50,old
2497,10.682491302490234,0.17623105699060715,obse,cracker_scene1,50,old
2498,10.68691349029541,0.17647153263956716,obse,cracker_scene1,50,old
2499,10.691290140151978,0.17647153263956716,obse,cracker_scene1,50,old
2500,10.695749998092651,0.176186974172057,obse,cracker_scene1,50,old
2501,10.700093507766724,0.176186974172057,obse,cracker_scene1,50,old
2502,10.704672574996948,0.17574706787692407,obse,cracker_scene1,50,old
2503,10.708868265151978,0.17574706787692407,obse,cracker_scene1,50,old
2504,10.713320016860962,0.17574845058780408,obse,cracker_scene1,50,old
2505,10.717665672302246,0.17574845058780408,obse,cracker_scene1,50,old
2506,10.722296237945557,0.1761920322515878,obse,cracker_scene1,50,old
2507,10.726548910140991,0.1761920322515878,obse,cracker_scene1,50,old
2508,10.73128366470337,0.17724243946723847,obse,cracker_scene1,50,old
2509,10.73597526550293,0.17699211788221506,obse,cracker_scene1,50,old
2510,10.740453004837036,0.17699211788221506,obse,cracker_scene1,50,old
2511,10.744739532470703,0.17726679380632301,obse,cracker_scene1,50,old
2512,10.749265670776367,0.17726679380632301,obse,cracker_scene1,50,old
2513,10.753502130508423,0.17654901715340443,obse,cracker_scene1,50,old
2514,10.758164644241333,0.17654901715340443,obse,cracker_scene1,50,old
2515,10.762469053268433,0.1766626990667919,obse,cracker_scene1,50,old
2516,10.766574621200562,0.1766626990667919,obse,cracker_scene1,50,old
2517,10.771059513092041,0.17571517113578805,obse,cracker_scene1,50,old
2518,10.775306224822998,0.17571517113578805,obse,cracker_scene1,50,old
2519,10.779765129089355,0.1764003272092747,obse,cracker_scene1,50,old
2520,10.78389286994934,0.1764003272092747,obse,cracker_scene1,50,old
2521,10.788006067276001,0.1764003272092747,obse,cracker_scene1,50,old
2522,10.792554140090942,0.17715031688459332,obse,cracker_scene1,50,old
2523,10.797176361083984,0.17715031688459332,obse,cracker_scene1,50,old
2524,10.801558256149292,0.1772915433098533,obse,cracker_scene1,50,old
2525,10.806054592132568,0.17683909701529577,obse,cracker_scene1,50,old
2526,10.810365915298462,0.17683909701529577,obse,cracker_scene1,50,old
2527,10.814882040023804,0.17645415669129594,obse,cracker_scene1,50,old
2528,10.81947112083435,0.17645415669129594,obse,cracker_scene1,50,old
2529,10.82363247871399,0.17570570649320502,obse,cracker_scene1,50,old
2530,10.828195333480835,0.17570570649320502,obse,cracker_scene1,50,old
2531,10.83262586593628,0.17648794577098828,obse,cracker_scene1,50,old
2532,10.837013006210327,0.17648794577098828,obse,cracker_scene1,50,old
2533,10.841323852539062,0.17648794577098828,obse,cracker_scene1,50,old
2534,10.845610618591309,0.17614175795354942,obse,cracker_scene1,50,old
2535,10.850061893463135,0.17614175795354942,obse,cracker_scene1,50,old
2536,10.854382753372192,0.1762628665247745,obse,cracker_scene1,50,old
2537,10.858812808990479,0.17647226765547777,obse,cracker_scene1,50,old
2538,10.863057136535645,0.17647226765547777,obse,cracker_scene1,50,old
2539,10.867762565612793,0.17595564191653326,obse,cracker_scene1,50,old
2540,10.871958017349243,0.17595564191653326,obse,cracker_scene1,50,old
2541,10.87627911567688,0.17700440152804447,obse,cracker_scene1,50,old
2542,10.880488395690918,0.17700440152804447,obse,cracker_scene1,50,old
2543,10.88462519645691,0.17700440152804447,obse,cracker_scene1,50,old
2544,10.889068126678467,0.1765850057488307,obse,cracker_scene1,50,old
2545,10.893119812011719,0.1765850057488307,obse,cracker_scene1,50,old
2546,10.897688627243042,0.17629532426326328,obse,cracker_scene1,50,old
2547,10.901926040649414,0.17629532426326328,obse,cracker_scene1,50,old
2548,10.906533479690552,0.1760225796856298,obse,cracker_scene1,50,old
2549,10.910526275634766,0.1760225796856298,obse,cracker_scene1,50,old
2550,10.914860725402832,0.17548565644100908,obse,cracker_scene1,50,old
2551,10.919284105300903,0.17548565644100908,obse,cracker_scene1,50,old
2552,10.92342734336853,0.17548565644100908,obse,cracker_scene1,50,old
2553,10.927619934082031,0.1765772150099903,obse,cracker_scene1,50,old
2554,10.931857824325562,0.17572350219106675,obse,cracker_scene1,50,old
2555,10.936584949493408,0.17572350219106675,obse,cracker_scene1,50,old
2556,10.941185712814331,0.17572350219106675,obse,cracker_scene1,50,old
2557,10.945828676223755,0.17624594281922554,obse,cracker_scene1,50,old
2558,10.950414180755615,0.17636004558389012,obse,cracker_scene1,50,old
2559,10.955241680145264,0.17623841671293358,obse,cracker_scene1,50,old
2560,10.960181713104248,0.17521453052608252,obse,cracker_scene1,50,old
2561,10.964748620986938,0.17521453052608252,obse,cracker_scene1,50,old
2562,10.96883773803711,0.1744198532173752,obse,cracker_scene1,50,old
2563,10.973448991775513,0.17551959166783437,obse,cracker_scene1,50,old
2564,10.977684497833252,0.17664161512789836,obse,cracker_scene1,50,old
2565,10.982023239135742,0.17664161512789836,obse,cracker_scene1,50,old
2566,10.986361265182495,0.17661089352191192,obse,cracker_scene1,50,old
2567,10.990626335144043,0.17661089352191192,obse,cracker_scene1,50,old
2568,10.994888544082642,0.17652544280574825,obse,cracker_scene1,50,old
2569,10.99911904335022,0.17652544280574825,obse,cracker_scene1,50,old
2570,11.003315925598145,0.17566042310694335,obse,cracker_scene1,50,old
2571,11.007628917694092,0.17566042310694335,obse,cracker_scene1,50,old
2572,11.011855602264404,0.17570911874752462,obse,cracker_scene1,50,old
2573,11.016123294830322,0.17570911874752462,obse,cracker_scene1,50,old
2574,11.02053689956665,0.17642765821921003,obse,cracker_scene1,50,old
2575,11.024736881256104,0.17642765821921003,obse,cracker_scene1,50,old
2576,11.028979778289795,0.17548295828878757,obse,cracker_scene1,50,old
2577,11.033406019210815,0.17548295828878757,obse,cracker_scene1,50,old
2578,11.037998914718628,0.17574579121076514,obse,cracker_scene1,50,old
2579,11.041955471038818,0.17574579121076514,obse,cracker_scene1,50,old
2580,11.046378374099731,0.17599897106289128,obse,cracker_scene1,50,old
2581,11.050396203994751,0.17599897106289128,obse,cracker_scene1,50,old
2582,11.054662942886353,0.1757912191426712,obse,cracker_scene1,50,old
2583,11.058870077133179,0.1757912191426712,obse,cracker_scene1,50,old
2584,11.063407897949219,0.17610337269398257,obse,cracker_scene1,50,old
2585,11.067449808120728,0.17610337269398257,obse,cracker_scene1,50,old
2586,11.07195496559143,0.17530327538463703,obse,cracker_scene1,50,old
2587,11.075988292694092,0.17530327538463703,obse,cracker_scene1,50,old
2588,11.08089017868042,0.17511736763374733,obse,cracker_scene1,50,old
2589,11.084885597229004,0.17511736763374733,obse,cracker_scene1,50,old
2590,11.089444398880005,0.1754273982536251,obse,cracker_scene1,50,old
2591,11.093552589416504,0.1754273982536251,obse,cracker_scene1,50,old
2592,11.098098278045654,0.17629272341591748,obse,cracker_scene1,50,old
2593,11.102212905883789,0.17643873443534122,obse,cracker_scene1,50,old
2594,11.106742143630981,0.17557079228361674,obse,cracker_scene1,50,old
2595,11.110822439193726,0.17643807404864062,obse,cracker_scene1,50,old
2596,11.11528992652893,0.1762828479865948,obse,cracker_scene1,50,old
2597,11.1194429397583,0.17560141313902583,obse,cracker_scene1,50,old
2598,11.123769283294678,0.17560141313902583,obse,cracker_scene1,50,old
2599,11.12796139717102,0.17574763575378213,obse,cracker_scene1,50,old
2600,11.132426738739014,0.17574763575378213,obse,cracker_scene1,50,old
2601,11.136752367019653,0.1747158646722178,obse,cracker_scene1,50,old
2602,11.14111614227295,0.1747158646722178,obse,cracker_scene1,50,old
2603,11.145366907119751,0.1754249750624552,obse,cracker_scene1,50,old
2604,11.149545669555664,0.1754249750624552,obse,cracker_scene1,50,old
2605,11.153769493103027,0.17472628263269843,obse,cracker_scene1,50,old
2606,11.157989978790283,0.17472628263269843,obse,cracker_scene1,50,old
2607,11.162207841873169,0.17579498932165907,obse,cracker_scene1,50,old
2608,11.166537761688232,0.17579498932165907,obse,cracker_scene1,50,old
2609,11.170928239822388,0.17517746836588252,obse,cracker_scene1,50,old
2610,11.175122022628784,0.17517746836588252,obse,cracker_scene1,50,old
2611,11.179539442062378,0.17483367592495277,obse,cracker_scene1,50,old
2612,11.183547973632812,0.17483367592495277,obse,cracker_scene1,50,old
2613,11.187943935394287,0.1750970870806451,obse,cracker_scene1,50,old
2614,11.191980361938477,0.1750970870806451,obse,cracker_scene1,50,old
2615,11.196267127990723,0.17557124152663484,obse,cracker_scene1,50,old
2616,11.200783252716064,0.17557124152663484,obse,cracker_scene1,50,old
2617,11.205244302749634,0.17460766337003658,obse,cracker_scene1,50,old
2618,11.209489107131958,0.17460766337003658,obse,cracker_scene1,50,old
2619,11.213905096054077,0.17394178844354105,obse,cracker_scene1,50,old
2620,11.2179696559906,0.17394178844354105,obse,cracker_scene1,50,old
2621,11.222385883331299,0.17345313774518906,obse,cracker_scene1,50,old
2622,11.226551055908203,0.17345313774518906,obse,cracker_scene1,50,old
2623,11.23107099533081,0.17339511583644662,obse,cracker_scene1,50,old
2624,11.235558986663818,0.1741419131489138,obse,cracker_scene1,50,old
2625,11.240036487579346,0.17501206047272141,obse,cracker_scene1,50,old
2626,11.244747877120972,0.17380013044370315,obse,cracker_scene1,50,old
2627,11.248987913131714,0.17380013044370315,obse,cracker_scene1,50,old
2628,11.253175973892212,0.17483963947853323,obse,cracker_scene1,50,old
2629,11.257267951965332,0.17483963947853323,obse,cracker_scene1,50,old
2630,11.261382818222046,0.17488304521319498,obse,cracker_scene1,50,old
2631,11.265746831893921,2.6788277983642654,obse,cracker_scene1,50,old
2632,11.270169734954834,2.6796733495994842,obse,cracker_scene1,50,old
2633,11.274291276931763,2.6800568002563856,obse,cracker_scene1,50,old
2634,11.278530359268188,2.6814328093293636,obse,cracker_scene1,50,old
2635,11.28261661529541,2.6814328093293636,obse,cracker_scene1,50,old
2636,11.286864995956421,2.6797622358765913,obse,cracker_scene1,50,old
2637,11.29106330871582,2.6797622358765913,obse,cracker_scene1,50,old
2638,11.295380592346191,2.680655818857252,obse,cracker_scene1,50,old
2639,11.2996244430542,2.680655818857252,obse,cracker_scene1,50,old
2640,11.30403208732605,2.679606204179828,obse,cracker_scene1,50,old
2641,11.3083016872406,2.679606204179828,obse,cracker_scene1,50,old
2642,11.312567949295044,2.6797534690855422,obse,cracker_scene1,50,old
2643,11.316685676574707,2.6797534690855422,obse,cracker_scene1,50,old
2644,11.321060180664062,2.679428574390432,obse,cracker_scene1,50,old
2645,11.325194835662842,2.679428574390432,obse,cracker_scene1,50,old
2646,11.329654932022095,2.680677094608136,obse,cracker_scene1,50,old
2647,11.333684206008911,2.680677094608136,obse,cracker_scene1,50,old
2648,11.338247299194336,2.6799216767293372,obse,cracker_scene1,50,old
2649,11.342317342758179,2.6799216767293372,obse,cracker_scene1,50,old
2650,11.346704721450806,2.679244317579638,obse,cracker_scene1,50,old
2651,11.350773096084595,2.679244317579638,obse,cracker_scene1,50,old
2652,11.355103254318237,2.679588876453327,obse,cracker_scene1,50,old
2653,11.359296560287476,2.679588876453327,obse,cracker_scene1,50,old
2654,11.363659620285034,2.680965700626899,obse,cracker_scene1,50,old
2655,11.367714643478394,2.680965700626899,obse,cracker_scene1,50,old
2656,11.372400045394897,2.679308253055897,obse,cracker_scene1,50,old
2657,11.37649655342102,2.679308253055897,obse,cracker_scene1,50,old
2658,11.38095474243164,2.6795416942936607,obse,cracker_scene1,50,old
2659,11.385026454925537,2.679911050697777,obse,cracker_scene1,50,old
2660,11.38953709602356,2.679911050697777,obse,cracker_scene1,50,old
2661,11.393879652023315,2.6798802353165763,obse,cracker_scene1,50,old
2662,11.3981773853302,2.680097460616229,obse,cracker_scene1,50,old
2663,11.402304410934448,2.6800503073165847,obse,cracker_scene1,50,old
2664,11.406596422195435,2.6800503073165847,obse,cracker_scene1,50,old
2665,11.410647630691528,2.6800411353353035,obse,cracker_scene1,50,old
2666,11.41485071182251,2.6799302146434827,obse,cracker_scene1,50,old
2667,11.41892409324646,2.6794873755618163,obse,cracker_scene1,50,old
2668,11.423123121261597,2.6794873755618163,obse,cracker_scene1,50,old
2669,11.427140474319458,2.6794873755618163,obse,cracker_scene1,50,old
2670,11.431576251983643,2.6794403729838163,obse,cracker_scene1,50,old
2671,11.435616254806519,2.6813328597681245,obse,cracker_scene1,50,old
2672,11.440083026885986,2.6813328597681245,obse,cracker_scene1,50,old
2673,11.444189310073853,2.680920224566786,obse,cracker_scene1,50,old
2674,11.448495149612427,2.680920224566786,obse,cracker_scene1,50,old
2675,11.452636957168579,2.6808969970219083,obse,cracker_scene1,50,old
2676,11.45686411857605,2.6808969970219083,obse,cracker_scene1,50,old
2677,11.461134672164917,2.681059147120198,obse,cracker_scene1,50,old
2678,11.465370655059814,2.681059147120198,obse,cracker_scene1,50,old
2679,11.469680309295654,2.6810960069809506,obse,cracker_scene1,50,old
2680,11.473981380462646,2.6810960069809506,obse,cracker_scene1,50,old
2681,11.478264570236206,2.6799606395779274,obse,cracker_scene1,50,old
2682,11.482606172561646,2.6799606395779274,obse,cracker_scene1,50,old
2683,11.486825227737427,2.680930245307242,obse,cracker_scene1,50,old
2684,11.490988731384277,2.680930245307242,obse,cracker_scene1,50,old
2685,11.495259761810303,2.679807902610662,obse,cracker_scene1,50,old
2686,11.49943733215332,2.679807902610662,obse,cracker_scene1,50,old
2687,11.503761053085327,2.679284349749421,obse,cracker_scene1,50,old
2688,11.50794792175293,2.679284349749421,obse,cracker_scene1,50,old
2689,11.512135028839111,2.680554976990881,obse,cracker_scene1,50,old
2690,11.516305685043335,2.680554976990881,obse,cracker_scene1,50,old
2691,11.520747661590576,2.679216353185268,obse,cracker_scene1,50,old
2692,11.525000810623169,2.679216353185268,obse,cracker_scene1,50,old
2693,11.529558420181274,2.679424333049501,obse,cracker_scene1,50,old
2694,11.533523559570312,2.679424333049501,obse,cracker_scene1,50,old
2695,11.538007497787476,2.680742598501073,obse,cracker_scene1,50,old
2696,11.542144775390625,2.680742598501073,obse,cracker_scene1,50,old
2697,11.546562671661377,2.680695441007434,obse,cracker_scene1,50,old
2698,11.551026582717896,2.680695441007434,obse,cracker_scene1,50,old
2699,11.555519580841064,2.680813979549048,obse,cracker_scene1,50,old
2700,11.55964970588684,2.6805963615512383,obse,cracker_scene1,50,old
2701,11.564090967178345,2.6807101487789216,obse,cracker_scene1,50,old
2702,11.568451881408691,2.6807101487789216,obse,cracker_scene1,50,old
2703,11.572978496551514,2.6804884103782207,obse,cracker_scene1,50,old
2704,11.577166080474854,2.6791952884289363,obse,cracker_scene1,50,old
2705,11.58158278465271,2.6792326618088453,obse,cracker_scene1,50,old
2706,11.5856351852417,2.6792326618088453,obse,cracker_scene1,50,old
2707,11.589821577072144,2.6794613728469647,obse,cracker_scene1,50,old
2708,11.594089984893799,2.6794613728469647,obse,cracker_scene1,50,old
2709,11.598107099533081,2.6794613728469647,obse,cracker_scene1,50,old
2710,11.602639436721802,2.67943106191335,obse,cracker_scene1,50,old
2711,11.607294082641602,2.6806373756189164,obse,cracker_scene1,50,old
2712,11.611313343048096,2.6806373756189164,obse,cracker_scene1,50,old
2713,11.615729331970215,2.6806373756189164,obse,cracker_scene1,50,old
2714,11.620007753372192,2.6794313445482603,obse,cracker_scene1,50,old
2715,11.62439775466919,2.6794175830939313,obse,cracker_scene1,50,old
2716,11.628443002700806,2.6794175830939313,obse,cracker_scene1,50,old
2717,11.632747411727905,2.679436637954969,obse,cracker_scene1,50,old
2718,11.636937379837036,2.6793203670810994,obse,cracker_scene1,50,old
2719,11.641454219818115,2.6793203670810994,obse,cracker_scene1,50,old
2720,11.645581007003784,2.6793203670810994,obse,cracker_scene1,50,old
2721,11.650004625320435,2.6793419791131514,obse,cracker_scene1,50,old
2722,11.654109477996826,2.6793419791131514,obse,cracker_scene1,50,old
2723,11.658393144607544,2.6792818232431066,obse,cracker_scene1,50,old
2724,11.662523746490479,2.6792818232431066,obse,cracker_scene1,50,old
2725,11.666778802871704,2.6792818232431066,obse,cracker_scene1,50,old
2726,11.671151399612427,2.6803658058894033,obse,cracker_scene1,50,old
2727,11.675444602966309,2.6803658058894033,obse,cracker_scene1,50,old
2728,11.679837942123413,2.6788985656806847,obse,cracker_scene1,50,old
2729,11.684000015258789,2.6788985656806847,obse,cracker_scene1,50,old
2730,11.688215255737305,2.6788985656806847,obse,cracker_scene1,50,old
2731,11.692471981048584,2.6801101215271745,obse,cracker_scene1,50,old
2732,11.696671962738037,2.6801101215271745,obse,cracker_scene1,50,old
2733,11.700868368148804,2.678822523024707,obse,cracker_scene1,50,old
2734,11.705211162567139,2.678822523024707,obse,cracker_scene1,50,old
2735,11.709430694580078,2.6800490831457604,obse,cracker_scene1,50,old
2736,11.713709354400635,2.6788014215126563,obse,cracker_scene1,50,old
2737,11.717934131622314,2.678899630244214,obse,cracker_scene1,50,old
2738,11.722078084945679,2.678899630244214,obse,cracker_scene1,50,old
2739,11.726203918457031,2.6787247208409117,obse,cracker_scene1,50,old
2740,11.730448722839355,2.6787247208409117,obse,cracker_scene1,50,old
2741,11.734586715698242,2.6787247208409117,obse,cracker_scene1,50,old
2742,11.738952875137329,2.6789217121850855,obse,cracker_scene1,50,old
2743,11.743292093276978,2.680118647179576,obse,cracker_scene1,50,old
2744,11.747634172439575,2.6788616290534155,obse,cracker_scene1,50,old
2745,11.752089500427246,2.6789236923405966,obse,cracker_scene1,50,old
2746,11.756618738174438,2.678931318137079,obse,cracker_scene1,50,old
2747,11.761022090911865,2.6788943213645267,obse,cracker_scene1,50,old
2748,11.765324592590332,2.6788943213645267,obse,cracker_scene1,50,old
2749,11.769515991210938,2.6801537054483964,obse,cracker_scene1,50,old
2750,11.773992776870728,2.6801537054483964,obse,cracker_scene1,50,old
2751,11.778199672698975,2.679867986668012,obse,cracker_scene1,50,old
2752,11.78243613243103,2.679867986668012,obse,cracker_scene1,50,old
2753,11.786641836166382,2.6788247018915756,obse,cracker_scene1,50,old
2754,11.790884971618652,2.6788247018915756,obse,cracker_scene1,50,old
2755,11.795108795166016,2.678933275138328,obse,cracker_scene1,50,old
2756,11.799271583557129,2.678933275138328,obse,cracker_scene1,50,old
2757,11.80357575416565,2.6788650300529318,obse,cracker_scene1,50,old
2758,11.807811737060547,2.6788650300529318,obse,cracker_scene1,50,old
2759,11.81214427947998,2.680081476495514,obse,cracker_scene1,50,old
2760,11.81630253791809,2.680081476495514,obse,cracker_scene1,50,old
2761,11.820636510848999,2.6798176021785265,obse,cracker_scene1,50,old
2762,11.824741840362549,2.6798176021785265,obse,cracker_scene1,50,old
2763,11.829020977020264,2.678900836613262,obse,cracker_scene1,50,old
2764,11.833200454711914,2.678900836613262,obse,cracker_scene1,50,old
2765,11.837746620178223,2.6788372309325057,obse,cracker_scene1,50,old
2766,11.841952562332153,2.6788372309325057,obse,cracker_scene1,50,old
2767,11.846305847167969,2.67885680547369,obse,cracker_scene1,50,old
2768,11.850338459014893,2.67885680547369,obse,cracker_scene1,50,old
2769,11.85457444190979,2.679867269606405,obse,cracker_scene1,50,old
2770,11.858653783798218,2.679867269606405,obse,cracker_scene1,50,old
2771,11.86293077468872,2.6800974623015827,obse,cracker_scene1,50,old
2772,11.867037296295166,2.6800974623015827,obse,cracker_scene1,50,old
2773,11.871986865997314,2.6787894347591865,obse,cracker_scene1,50,old
2774,11.876047372817993,2.6787894347591865,obse,cracker_scene1,50,old
2775,11.880441904067993,2.6788331134599632,obse,cracker_scene1,50,old
2776,11.884418249130249,2.6788331134599632,obse,cracker_scene1,50,old
2777,11.888695001602173,2.6789169268672475,obse,cracker_scene1,50,old
2778,11.89283537864685,2.6789169268672475,obse,cracker_scene1,50,old
2779,11.897100687026978,2.6801317538243015,obse,cracker_scene1,50,old
2780,11.901209115982056,2.6801317538243015,obse,cracker_scene1,50,old
2781,11.905586957931519,2.679861309799662,obse,cracker_scene1,50,old
2782,11.909808158874512,2.679861309799662,obse,cracker_scene1,50,old
2783,11.914262056350708,2.6788493963807025,obse,cracker_scene1,50,old
2784,11.918318748474121,2.6788493963807025,obse,cracker_scene1,50,old
2785,11.922682285308838,2.6788750806822854,obse,cracker_scene1,50,old
2786,11.92674446105957,2.679878164548097,obse,cracker_scene1,50,old
2787,11.93102765083313,2.679907441823334,obse,cracker_scene1,50,old
2788,11.935149908065796,2.6788408460383333,obse,cracker_scene1,50,old
2789,11.939531087875366,2.6789205922641957,obse,cracker_scene1,50,old
2790,11.943717241287231,2.6788797890232896,obse,cracker_scene1,50,old
2791,11.948005199432373,2.6788797890232896,obse,cracker_scene1,50,old
2792,11.952170848846436,2.679833208828495,obse,cracker_scene1,50,old
2793,11.956398725509644,2.679833208828495,obse,cracker_scene1,50,old
2794,11.96068787574768,2.679866554056465,obse,cracker_scene1,50,old
2795,11.964972496032715,2.6799388560827575,obse,cracker_scene1,50,old
2796,11.969037294387817,2.678929875822537,obse,cracker_scene1,50,old
2797,11.973416090011597,2.6789252372911943,obse,cracker_scene1,50,old
2798,11.977584600448608,2.6789669803914373,obse,cracker_scene1,50,old
2799,11.98192310333252,2.6789669803914373,obse,cracker_scene1,50,old
2800,11.985905647277832,2.6800748006222266,obse,cracker_scene1,50,old
2801,11.990174293518066,2.6800748006222266,obse,cracker_scene1,50,old
2802,11.994327068328857,2.6800748006222266,obse,cracker_scene1,50,old
2803,11.998663425445557,2.679827240022111,obse,cracker_scene1,50,old
2804,12.002883672714233,2.679912324403992,obse,cracker_scene1,50,old
2805,12.007387638092041,2.679912324403992,obse,cracker_scene1,50,old
2806,12.011984586715698,2.6788695315294757,obse,cracker_scene1,50,old
2807,12.016449213027954,2.6788695315294757,obse,cracker_scene1,50,old
2808,12.020598888397217,2.680266352482244,obse,cracker_scene1,50,old
2809,12.025223970413208,2.680266352482244,obse,cracker_scene1,50,old
2810,12.029510498046875,2.6792381409620125,obse,cracker_scene1,50,old
2811,12.034228324890137,2.6792381409620125,obse,cracker_scene1,50,old
2812,12.038700580596924,2.6806175912947006,obse,cracker_scene1,50,old
2813,12.043205499649048,2.6795380821428694,obse,cracker_scene1,50,old
2814,12.047601222991943,2.6797025930837637,obse,cracker_scene1,50,old
2815,12.052045822143555,2.6797025930837637,obse,cracker_scene1,50,old
2816,12.05645203590393,2.67974227546291,obse,cracker_scene1,50,old
2817,12.060651302337646,2.67974227546291,obse,cracker_scene1,50,old
2818,12.065082788467407,2.67974227546291,obse,cracker_scene1,50,old
2819,12.06953740119934,2.680999345774741,obse,cracker_scene1,50,old
2820,12.074262857437134,2.680999345774741,obse,cracker_scene1,50,old
2821,12.078554153442383,2.680346593388964,obse,cracker_scene1,50,old
2822,12.083266973495483,2.680346593388964,obse,cracker_scene1,50,old
2823,12.087499141693115,2.680282670233745,obse,cracker_scene1,50,old
2824,12.09182620048523,2.680282670233745,obse,cracker_scene1,50,old
2825,12.096217632293701,2.680282670233745,obse,cracker_scene1,50,old
2826,12.100413799285889,2.681425859009753,obse,cracker_scene1,50,old
2827,12.10507345199585,2.6801021226998545,obse,cracker_scene1,50,old
2828,12.109256267547607,2.6801021226998545,obse,cracker_scene1,50,old
2829,12.113412141799927,2.6801021226998545,obse,cracker_scene1,50,old
2830,12.117635011672974,2.6800952697331515,obse,cracker_scene1,50,old
2831,12.12190294265747,2.679520670332048,obse,cracker_scene1,50,old
2832,12.126113653182983,2.679092275239703,obse,cracker_scene1,50,old
2833,12.130232572555542,2.679092275239703,obse,cracker_scene1,50,old
2834,12.134382724761963,2.679119723478801,obse,cracker_scene1,50,old
2835,12.138612270355225,2.679119723478801,obse,cracker_scene1,50,old
2836,12.14275574684143,2.679119723478801,obse,cracker_scene1,50,old
2837,12.147062540054321,2.6807118576130526,obse,cracker_scene1,50,old
2838,12.151351690292358,2.680621139954939,obse,cracker_scene1,50,old
2839,12.156060457229614,2.680285273744387,obse,cracker_scene1,50,old
2840,12.160746335983276,2.67922879208255,obse,cracker_scene1,50,old
2841,12.165518999099731,2.6801144149049683,obse,cracker_scene1,50,old
2842,12.170137882232666,2.6798707170558034,obse,cracker_scene1,50,old
2843,12.174452304840088,2.6798707170558034,obse,cracker_scene1,50,old
2844,12.178711175918579,2.6791930176343146,obse,cracker_scene1,50,old
2845,12.182807445526123,2.6791930176343146,obse,cracker_scene1,50,old
2846,12.18713903427124,2.680262128701489,obse,cracker_scene1,50,old
2847,12.1912841796875,2.680262128701489,obse,cracker_scene1,50,old
2848,12.195622682571411,2.680377946766317,obse,cracker_scene1,50,old
2849,12.199676990509033,2.680377946766317,obse,cracker_scene1,50,old
2850,12.204105138778687,2.6806933542809697,obse,cracker_scene1,50,old
2851,12.208085060119629,2.6806933542809697,obse,cracker_scene1,50,old
2852,12.212339162826538,2.6807658909215375,obse,cracker_scene1,50,old
2853,12.21642255783081,2.6807658909215375,obse,cracker_scene1,50,old
2854,12.221011638641357,2.6797649505840515,obse,cracker_scene1,50,old
2855,12.225274562835693,2.6797649505840515,obse,cracker_scene1,50,old
2856,12.229586124420166,2.6791568180589826,obse,cracker_scene1,50,old
2857,12.233850240707397,2.6791568180589826,obse,cracker_scene1,50,old
2858,12.238333463668823,2.679191264939685,obse,cracker_scene1,50,old
2859,12.242401838302612,2.679191264939685,obse,cracker_scene1,50,old
2860,12.246685981750488,2.6789532330280483,obse,cracker_scene1,50,old
2861,12.250756978988647,2.6789532330280483,obse,cracker_scene1,50,old
2862,12.255187273025513,2.6791287201639693,obse,cracker_scene1,50,old
2863,12.259150743484497,2.6791287201639693,obse,cracker_scene1,50,old
2864,12.263557434082031,2.679355116741609,obse,cracker_scene1,50,old
2865,12.267590522766113,2.679355116741609,obse,cracker_scene1,50,old
2866,12.272198915481567,2.6806763546214207,obse,cracker_scene1,50,old
2867,12.276303768157959,2.6806763546214207,obse,cracker_scene1,50,old
2868,12.280699253082275,2.6796785108901733,obse,cracker_scene1,50,old
2869,12.284894227981567,2.679637933264863,obse,cracker_scene1,50,old
2870,12.28924560546875,2.679626087783144,obse,cracker_scene1,50,old
2871,12.29334545135498,2.679626087783144,obse,cracker_scene1,50,old
2872,12.29766297340393,2.6789367097722367,obse,cracker_scene1,50,old
2873,12.301753520965576,2.678984563647849,obse,cracker_scene1,50,old
2874,12.306271314620972,2.678984563647849,obse,cracker_scene1,50,old
2875,12.310405731201172,2.6789392476340677,obse,cracker_scene1,50,old
2876,12.314762592315674,2.6789392476340677,obse,cracker_scene1,50,old
2877,12.318866491317749,2.680098741204746,obse,cracker_scene1,50,old
2878,12.323182344436646,2.680098741204746,obse,cracker_scene1,50,old
2879,12.327269077301025,2.6791374402472914,obse,cracker_scene1,50,old
2880,12.33161735534668,2.6793074271879393,obse,cracker_scene1,50,old
2881,12.335951805114746,2.6792939678874172,obse,cracker_scene1,50,old
2882,12.340264558792114,2.6792939678874172,obse,cracker_scene1,50,old
2883,12.344680547714233,2.6803691587068634,obse,cracker_scene1,50,old
2884,12.349142074584961,2.6803691587068634,obse,cracker_scene1,50,old
2885,12.354031562805176,2.679214584619178,obse,cracker_scene1,50,old
2886,12.358117818832397,2.679214584619178,obse,cracker_scene1,50,old
2887,12.362486362457275,2.6792487261589284,obse,cracker_scene1,50,old
2888,12.366702318191528,2.6792487261589284,obse,cracker_scene1,50,old
2889,12.371228694915771,2.6791247094434105,obse,cracker_scene1,50,old
2890,12.375418901443481,2.6791247094434105,obse,cracker_scene1,50,old
2891,12.379939794540405,2.6790271567067245,obse,cracker_scene1,50,old
2892,12.384034395217896,2.6790271567067245,obse,cracker_scene1,50,old
2893,12.388643980026245,2.6790432498888466,obse,cracker_scene1,50,old
2894,12.392717361450195,2.6790432498888466,obse,cracker_scene1,50,old
2895,12.397214651107788,2.678764516135556,obse,cracker_scene1,50,old
2896,12.401240348815918,2.678764516135556,obse,cracker_scene1,50,old
2897,12.40561318397522,2.6793534343934224,obse,cracker_scene1,50,old
2898,12.40976858139038,2.6793534343934224,obse,cracker_scene1,50,old
2899,12.414163827896118,2.6791013258036136,obse,cracker_scene1,50,old
2900,12.41834807395935,2.679652860416029,obse,cracker_scene1,50,old
2901,12.422799348831177,2.679645199394283,obse,cracker_scene1,50,old
2902,12.427070140838623,0.24497608674303706,obse,cracker_scene1,50,old
2903,12.43149733543396,0.2596947372265266,obse,cracker_scene1,50,old
2904,12.43581247329712,0.2597083476855673,obse,cracker_scene1,50,old
2905,12.440218687057495,0.25972814359130236,obse,cracker_scene1,50,old
2906,12.444546461105347,0.26005553773014345,obse,cracker_scene1,50,old
2907,12.44879698753357,0.26005553773014345,obse,cracker_scene1,50,old
2908,12.453081369400024,0.25966857741835714,obse,cracker_scene1,50,old
2909,12.457412719726562,0.25966857741835714,obse,cracker_scene1,50,old
2910,12.461948156356812,0.2588611881462981,obse,cracker_scene1,50,old
2911,12.466298818588257,0.2588611881462981,obse,cracker_scene1,50,old
2912,12.470739841461182,0.2600172081627399,obse,cracker_scene1,50,old
2913,12.475008964538574,0.2600172081627399,obse,cracker_scene1,50,old
2914,12.4794442653656,0.25958349722530105,obse,cracker_scene1,50,old
2915,12.483545780181885,0.25958349722530105,obse,cracker_scene1,50,old
2916,12.488105297088623,0.25816876106248543,obse,cracker_scene1,50,old
2917,12.492541074752808,1.2014361812722978,obse,cracker_scene1,50,old
2918,12.496857166290283,1.2027282355237459,obse,cracker_scene1,50,old
2919,12.501161098480225,1.298928264424708,obse,cracker_scene1,50,old
2920,12.505750894546509,1.3006652237717367,obse,cracker_scene1,50,old
2921,12.509772062301636,1.3006652237717367,obse,cracker_scene1,50,old
2922,12.514692544937134,1.3005471386546477,obse,cracker_scene1,50,old
2923,12.518999338150024,1.3004177624926747,obse,cracker_scene1,50,old
2924,12.52332854270935,1.3004177624926747,obse,cracker_scene1,50,old
2925,12.52758240699768,1.298459715169482,obse,cracker_scene1,50,old
2926,12.531929731369019,1.298459715169482,obse,cracker_scene1,50,old
2927,12.536105632781982,1.2994884291550273,obse,cracker_scene1,50,old
2928,12.54079008102417,1.2991887262978121,obse,cracker_scene1,50,old
2929,12.545106887817383,1.299665432609804,obse,cracker_scene1,50,old
2930,12.549289464950562,1.299665432609804,obse,cracker_scene1,50,old
2931,12.553584814071655,1.2983401280051643,obse,cracker_scene1,50,old
2932,12.557794094085693,1.2983401280051643,obse,cracker_scene1,50,old
2933,12.562339544296265,2.6052241817091666,obse,cracker_scene1,50,old
2934,12.56664490699768,2.796077817874753,obse,cracker_scene1,50,old
2935,12.571192741394043,2.7980116620965294,obse,cracker_scene1,50,old
2936,12.575234651565552,2.7980116620965294,obse,cracker_scene1,50,old
2937,12.579473495483398,2.7969873886095598,obse,cracker_scene1,50,old
2938,12.583711624145508,2.7969873886095598,obse,cracker_scene1,50,old
2939,12.58826470375061,2.7983160254144503,obse,cracker_scene1,50,old
2940,12.59238886833191,2.7983160254144503,obse,cracker_scene1,50,old
2941,12.596990585327148,2.7969866728067454,obse,cracker_scene1,50,old
2942,12.600988626480103,2.7969866728067454,obse,cracker_scene1,50,old
2943,12.605565547943115,2.798167897290114,obse,cracker_scene1,50,old
2944,12.609930992126465,2.798155155704459,obse,cracker_scene1,50,old
2945,12.614313125610352,2.798182670563356,obse,cracker_scene1,50,old
2946,12.618422985076904,2.7968571013468373,obse,cracker_scene1,50,old
2947,12.622767686843872,2.797017141690689,obse,cracker_scene1,50,old
2948,12.626895904541016,2.797017141690689,obse,cracker_scene1,50,old
2949,12.631523132324219,2.936407715526689,obse,cracker_scene1,50,old
2950,12.635911703109741,2.936644466942479,obse,cracker_scene1,50,old
2951,12.640234231948853,2.936644466942479,obse,cracker_scene1,50,old
2952,12.64441704750061,2.936565818394753,obse,cracker_scene1,50,old
2953,12.64875078201294,2.936565818394753,obse,cracker_scene1,50,old
2954,12.653058052062988,2.936590369571835,obse,cracker_scene1,50,old
2955,12.657254219055176,2.936590369571835,obse,cracker_scene1,50,old
2956,12.6618812084198,2.9366996858534486,obse,cracker_scene1,50,old
2957,12.666148900985718,2.9366996858534486,obse,cracker_scene1,50,old
2958,12.670449495315552,2.936607931970245,obse,cracker_scene1,50,old
2959,12.675136089324951,2.936607931970245,obse,cracker_scene1,50,old
2960,12.679728031158447,2.9376307533922397,obse,cracker_scene1,50,old
2961,12.683993816375732,0.36354977431482727,obse,cracker_scene1,50,old
2962,12.688595533370972,0.2297998196365567,obse,cracker_scene1,50,old
2963,12.692818641662598,0.2297998196365567,obse,cracker_scene1,50,old
2964,12.697308778762817,0.22894294403708404,obse,cracker_scene1,50,old
2965,12.70150876045227,0.22894294403708404,obse,cracker_scene1,50,old
2966,12.706104755401611,0.22877976338977746,obse,cracker_scene1,50,old
2967,12.710198640823364,0.22877976338977746,obse,cracker_scene1,50,old
2968,12.714544534683228,0.23052450440528904,obse,cracker_scene1,50,old
2969,12.718746185302734,0.23013679806475018,obse,cracker_scene1,50,old
2970,12.722938299179077,0.23013679806475018,obse,cracker_scene1,50,old
2971,12.727171421051025,0.2305516376025123,obse,cracker_scene1,50,old
2972,12.731417417526245,0.2305516376025123,obse,cracker_scene1,50,old
2973,12.736027240753174,0.2300992304997509,obse,cracker_scene1,50,old
2974,12.74041199684143,0.5313745100195835,obse,cracker_scene1,50,old
2975,12.744865417480469,0.5331472140649334,obse,cracker_scene1,50,old
2976,12.749176025390625,0.5596453485883774,obse,cracker_scene1,50,old
2977,12.753448963165283,0.5587177207837,obse,cracker_scene1,50,old
2978,12.757657051086426,0.5587177207837,obse,cracker_scene1,50,old
2979,12.761973142623901,0.5590032378339496,obse,cracker_scene1,50,old
2980,12.766196250915527,0.5590032378339496,obse,cracker_scene1,50,old
2981,12.770848274230957,0.5595253476507667,obse,cracker_scene1,50,old
2982,12.774904012680054,0.5595253476507667,obse,cracker_scene1,50,old
2983,12.779075860977173,0.559755760598601,obse,cracker_scene1,50,old
2984,12.783104419708252,0.559755760598601,obse,cracker_scene1,50,old
2985,12.787405967712402,0.5615320426463599,obse,cracker_scene1,50,old
2986,12.791425466537476,0.5615320426463599,obse,cracker_scene1,50,old
2987,12.795508623123169,0.5599489536812436,obse,cracker_scene1,50,old
2988,12.799679517745972,0.5598455951846111,obse,cracker_scene1,50,old
2989,12.80422043800354,0.5598455951846111,obse,cracker_scene1,50,old
2990,12.808520555496216,0.561802626168789,obse,cracker_scene1,50,old
2991,12.812777042388916,0.561802626168789,obse,cracker_scene1,50,old
2992,12.817144870758057,0.2579723159173634,obse,cracker_scene1,50,old
2993,12.821462869644165,0.2472411660551981,obse,cracker_scene1,50,old
2994,12.82572627067566,0.24744747900016711,obse,cracker_scene1,50,old
2995,12.829998970031738,0.2470037298042586,obse,cracker_scene1,50,old
2996,12.834387063980103,0.2470037298042586,obse,cracker_scene1,50,old
2997,12.839355230331421,0.24735004047027742,obse,cracker_scene1,50,old
2998,12.843366384506226,0.24735004047027742,obse,cracker_scene1,50,old
2999,12.84773874282837,0.24757160081852367,obse,cracker_scene1,50,old
3000,12.851791858673096,0.24757160081852367,obse,cracker_scene1,50,old
3001,12.856239795684814,0.2473352780881221,obse,cracker_scene1,50,old
3002,12.860231161117554,0.2473352780881221,obse,cracker_scene1,50,old
3003,12.864630222320557,0.24930775839140024,obse,cracker_scene1,50,old
3004,12.868905067443848,0.24930775839140024,obse,cracker_scene1,50,old
3005,12.873266696929932,0.25039455329707216,obse,cracker_scene1,50,old
3006,12.877618074417114,0.22311859469472597,obse,cracker_scene1,50,old
3007,12.881816387176514,0.22058905569078516,obse,cracker_scene1,50,old
3008,12.886200666427612,0.22074230107598694,obse,cracker_scene1,50,old
3009,12.89056134223938,0.21988597045239808,obse,cracker_scene1,50,old
3010,12.894765377044678,0.21988597045239808,obse,cracker_scene1,50,old
3011,12.898918151855469,0.21988597045239808,obse,cracker_scene1,50,old
3012,12.903502464294434,0.22044532599107347,obse,cracker_scene1,50,old
3013,12.907616138458252,0.22044532599107347,obse,cracker_scene1,50,old
3014,12.912178754806519,0.2215518368918633,obse,cracker_scene1,50,old
3015,12.916361808776855,0.22093634877249152,obse,cracker_scene1,50,old
3016,12.920538902282715,0.22093634877249152,obse,cracker_scene1,50,old
3017,12.924962759017944,0.22349937084335858,obse,cracker_scene1,50,old
3018,12.929328680038452,0.22349937084335858,obse,cracker_scene1,50,old
3019,12.933523893356323,0.22349937084335858,obse,cracker_scene1,50,old
3020,12.938018083572388,0.22476133965564646,obse,cracker_scene1,50,old
3021,12.942230224609375,0.22476133965564646,obse,cracker_scene1,50,old
3022,12.946242094039917,0.22476133965564646,obse,cracker_scene1,50,old
3023,12.950665712356567,0.21035745984116236,obse,cracker_scene1,50,old
3024,12.95518183708191,0.20845642921115348,obse,cracker_scene1,50,old
3025,12.959684371948242,0.20834892285803822,obse,cracker_scene1,50,old
3026,12.964350461959839,0.2100149266516996,obse,cracker_scene1,50,old
3027,12.968936204910278,0.20948609916417982,obse,cracker_scene1,50,old
3028,12.9734468460083,0.2106101682714314,obse,cracker_scene1,50,old
3029,12.977763652801514,0.21153742673743922,obse,cracker_scene1,50,old
3030,12.981990098953247,0.21153742673743922,obse,cracker_scene1,50,old
3031,12.98614764213562,0.21137235184360362,obse,cracker_scene1,50,old
3032,12.99045181274414,0.2119669080075818,obse,cracker_scene1,50,old
3033,12.994600057601929,0.21281899311035715,obse,cracker_scene1,50,old
3034,12.999080896377563,0.21281899311035715,obse,cracker_scene1,50,old
3035,13.003647804260254,0.21489360789137854,obse,cracker_scene1,50,old
3036,13.008169412612915,0.2310901495038957,obse,cracker_scene1,50,old
3037,13.012471914291382,0.23040996607853317,obse,cracker_scene1,50,old
3038,13.016626358032227,0.23199821652975602,obse,cracker_scene1,50,old
3039,13.021036148071289,0.23464596416835465,obse,cracker_scene1,50,old
3040,13.026429176330566,0.23464596416835465,obse,cracker_scene1,50,old
3041,13.031023025512695,0.23563438971209788,obse,cracker_scene1,50,old
3042,13.035189390182495,0.235593651888595,obse,cracker_scene1,50,old
3043,13.039689540863037,0.2362083245886957,obse,cracker_scene1,50,old
3044,13.043768405914307,0.23619864888354103,obse,cracker_scene1,50,old
3045,13.048034191131592,0.23707335960628645,obse,cracker_scene1,50,old
3046,13.052270412445068,0.23726196868661975,obse,cracker_scene1,50,old
3047,13.056495428085327,0.23726196868661975,obse,cracker_scene1,50,old
3048,13.060673475265503,0.2391943381969895,obse,cracker_scene1,50,old
3049,13.064958333969116,0.2391943381969895,obse,cracker_scene1,50,old
3050,13.069325923919678,0.2072037878860265,obse,cracker_scene1,50,old
3051,13.0739164352417,0.20193285692254118,obse,cracker_scene1,50,old
3052,13.07817029953003,0.20328481043416002,obse,cracker_scene1,50,old
3053,13.082366228103638,0.2030967203239037,obse,cracker_scene1,50,old
3054,13.086611270904541,0.2026568580885568,obse,cracker_scene1,50,old
3055,13.090980529785156,0.2026568580885568,obse,cracker_scene1,50,old
3056,13.09529733657837,0.20405835289673407,obse,cracker_scene1,50,old
3057,13.099548816680908,0.20405835289673407,obse,cracker_scene1,50,old
3058,13.104012489318848,0.20316872238524925,obse,cracker_scene1,50,old
3059,13.10824179649353,0.20316872238524925,obse,cracker_scene1,50,old
3060,13.112658023834229,0.20560467849400035,obse,cracker_scene1,50,old
3061,13.116868734359741,0.20560467849400035,obse,cracker_scene1,50,old
3062,13.121278047561646,0.20634289567865513,obse,cracker_scene1,50,old
3063,13.125382900238037,0.20634289567865513,obse,cracker_scene1,50,old
3064,13.129805326461792,0.20776223736050572,obse,cracker_scene1,50,old
3065,13.133968591690063,0.21448383497772436,obse,cracker_scene1,50,old
3066,13.138553142547607,0.21536168348414933,obse,cracker_scene1,50,old
3067,13.142610549926758,0.21536168348414933,obse,cracker_scene1,50,old
3068,13.147004842758179,0.21704335678178668,obse,cracker_scene1,50,old
3069,13.15110731124878,0.21704335678178668,obse,cracker_scene1,50,old
3070,13.15566349029541,0.21706367573913818,obse,cracker_scene1,50,old
3071,13.160107374191284,0.2169241687558795,obse,cracker_scene1,50,old
3072,13.164423704147339,0.21790441128406374,obse,cracker_scene1,50,old
3073,13.168469190597534,0.21790441128406374,obse,cracker_scene1,50,old
3074,13.172925472259521,0.22029846302947767,obse,cracker_scene1,50,old
3075,13.177063465118408,0.2201426004717166,obse,cracker_scene1,50,old
3076,13.181413888931274,0.2218496048533577,obse,cracker_scene1,50,old
3077,13.185597896575928,0.22267894839805785,obse,cracker_scene1,50,old
3078,13.189895629882812,0.22267894839805785,obse,cracker_scene1,50,old
3079,13.193992853164673,0.22279687211509103,obse,cracker_scene1,50,old
3080,13.198198080062866,0.223751559199241,obse,cracker_scene1,50,old
3081,13.202286720275879,0.223751559199241,obse,cracker_scene1,50,old
3082,13.206634521484375,0.22439039460871973,obse,cracker_scene1,50,old
3083,13.210886001586914,0.22439039460871973,obse,cracker_scene1,50,old
3084,13.215329885482788,0.22140129565709663,obse,cracker_scene1,50,old
3085,13.21968698501587,0.22140129565709663,obse,cracker_scene1,50,old
3086,13.224096059799194,0.2224749867788378,obse,cracker_scene1,50,old
3087,13.228271484375,0.22242726277853794,obse,cracker_scene1,50,old
3088,13.232909679412842,0.22377359222642376,obse,cracker_scene1,50,old
3089,13.237573146820068,0.22377359222642376,obse,cracker_scene1,50,old
3090,13.241994857788086,0.2235168879177425,obse,cracker_scene1,50,old
3091,13.246289253234863,0.2235168879177425,obse,cracker_scene1,50,old
3092,13.250487565994263,0.22434952275346862,obse,cracker_scene1,50,old
3093,13.254826545715332,0.22434952275346862,obse,cracker_scene1,50,old
3094,13.259046792984009,0.22528442615251823,obse,cracker_scene1,50,old
3095,13.263435363769531,0.22528442615251823,obse,cracker_scene1,50,old
3096,13.267781972885132,0.22706634399994047,obse,cracker_scene1,50,old
3097,13.272196054458618,0.22706634399994047,obse,cracker_scene1,50,old
3098,13.276482820510864,0.2271437452967434,obse,cracker_scene1,50,old
3099,13.280839920043945,0.22819008268101906,obse,cracker_scene1,50,old
3100,13.2850980758667,0.22817381503299214,obse,cracker_scene1,50,old
3101,13.289362907409668,0.22817381503299214,obse,cracker_scene1,50,old
3102,13.293665885925293,0.20822793813937818,obse,cracker_scene1,50,old
3103,13.297979354858398,0.2106618708203377,obse,cracker_scene1,50,old
3104,13.302189350128174,0.20673277625303335,obse,cracker_scene1,50,old
3105,13.3069486618042,0.20767853354806765,obse,cracker_scene1,50,old
3106,13.311489343643188,0.20767853354806765,obse,cracker_scene1,50,old
3107,13.315692663192749,0.20850088579265527,obse,cracker_scene1,50,old
3108,13.319974899291992,0.20850088579265527,obse,cracker_scene1,50,old
3109,13.32414197921753,0.20948968326905076,obse,cracker_scene1,50,old
3110,13.328220844268799,0.20948968326905076,obse,cracker_scene1,50,old
3111,13.332558870315552,0.20920604364131257,obse,cracker_scene1,50,old
3112,13.336734056472778,0.20920604364131257,obse,cracker_scene1,50,old
3113,13.34100341796875,0.2114144379837155,obse,cracker_scene1,50,old
3114,13.345117330551147,0.2114144379837155,obse,cracker_scene1,50,old
3115,13.349437236785889,0.2114144379837155,obse,cracker_scene1,50,old
3116,13.353912591934204,0.21226913449796958,obse,cracker_scene1,50,old
3117,13.358738899230957,0.21429743870027304,obse,cracker_scene1,50,old
3118,13.363245964050293,0.21667942819964692,obse,cracker_scene1,50,old
3119,13.367649793624878,0.2177708256495277,obse,cracker_scene1,50,old
3120,13.372375249862671,0.21952503397296982,obse,cracker_scene1,50,old
3121,13.376471281051636,0.21952503397296982,obse,cracker_scene1,50,old
3122,13.380958080291748,0.2191528846746066,obse,cracker_scene1,50,old
3123,13.385454654693604,0.21985589703388722,obse,cracker_scene1,50,old
3124,13.389670848846436,0.22115337010074868,obse,cracker_scene1,50,old
3125,13.393978834152222,0.22194221138914016,obse,cracker_scene1,50,old
3126,13.398292064666748,0.22064876922444995,obse,cracker_scene1,50,old
3127,13.402485847473145,0.22174127277570957,obse,cracker_scene1,50,old
3128,13.406768083572388,0.22174127277570957,obse,cracker_scene1,50,old
3129,13.411088943481445,0.22422873200473087,obse,cracker_scene1,50,old
3130,13.41541337966919,0.22422873200473087,obse,cracker_scene1,50,old
3131,13.419743299484253,0.2455798077365476,obse,cracker_scene1,50,old
3132,13.424043655395508,0.24936152017608493,obse,cracker_scene1,50,old
3133,13.428407430648804,0.24921128920664895,obse,cracker_scene1,50,old
3134,13.43259334564209,0.24971879308203965,obse,cracker_scene1,50,old
3135,13.437032222747803,0.25073662203488223,obse,cracker_scene1,50,old
3136,13.441279172897339,0.25073662203488223,obse,cracker_scene1,50,old
3137,13.445737838745117,0.252602968366246,obse,cracker_scene1,50,old
3138,13.4498770236969,0.252602968366246,obse,cracker_scene1,50,old
3139,13.454172372817993,0.2524808514265018,obse,cracker_scene1,50,old
3140,13.458321332931519,0.2524808514265018,obse,cracker_scene1,50,old
3141,13.462682962417603,0.2536198802945209,obse,cracker_scene1,50,old
3142,13.46694040298462,0.2536198802945209,obse,cracker_scene1,50,old
3143,13.471418380737305,0.25600818122953023,obse,cracker_scene1,50,old
3144,13.475550889968872,0.25600818122953023,obse,cracker_scene1,50,old
3145,13.479811668395996,0.2553984492543739,obse,cracker_scene1,50,old
3146,13.483901262283325,0.2553984492543739,obse,cracker_scene1,50,old
3147,13.48824405670166,0.25651785890245754,obse,cracker_scene1,50,old
3148,13.492292642593384,0.25651785890245754,obse,cracker_scene1,50,old
3149,13.496668577194214,0.25866092839427796,obse,cracker_scene1,50,old
3150,13.500819444656372,0.2537743236000265,obse,cracker_scene1,50,old
3151,13.505261659622192,0.25475298934081336,obse,cracker_scene1,50,old
3152,13.509267568588257,0.25456288237770375,obse,cracker_scene1,50,old
3153,13.51364803314209,0.2555878845822043,obse,cracker_scene1,50,old
3154,13.517637968063354,0.2555878845822043,obse,cracker_scene1,50,old
3155,13.522005081176758,0.255415945384743,obse,cracker_scene1,50,old
3156,13.525979280471802,0.255415945384743,obse,cracker_scene1,50,old
3157,13.53038477897644,0.25772936717109723,obse,cracker_scene1,50,old
3158,13.534543514251709,0.2570661291573841,obse,cracker_scene1,50,old
3159,13.53903603553772,0.2570661291573841,obse,cracker_scene1,50,old
3160,13.54323148727417,0.25660065966501105,obse,cracker_scene1,50,old
3161,13.547701358795166,0.25917639234006845,obse,cracker_scene1,50,old
3162,13.551842212677002,0.26050451814419745,obse,cracker_scene1,50,old
3163,13.55636191368103,0.22966345532522617,obse,cracker_scene1,50,old
3164,13.560638904571533,0.22856495574916566,obse,cracker_scene1,50,old
3165,13.564977645874023,0.22973587406940926,obse,cracker_scene1,50,old
3166,13.569201946258545,0.23100025435931598,obse,cracker_scene1,50,old
3167,13.573594570159912,0.2320085934510453,obse,cracker_scene1,50,old
3168,13.577898740768433,0.2307920838896157,obse,cracker_scene1,50,old
3169,13.582239866256714,0.2307920838896157,obse,cracker_scene1,50,old
3170,13.586660623550415,0.23429722097329786,obse,cracker_scene1,50,old
3171,13.590925931930542,0.23429722097329786,obse,cracker_scene1,50,old
3172,13.595245122909546,0.23422889343801265,obse,cracker_scene1,50,old
3173,13.59943699836731,0.23422889343801265,obse,cracker_scene1,50,old
3174,13.603813171386719,0.23501203880616697,obse,cracker_scene1,50,old
3175,13.607940673828125,0.23501203880616697,obse,cracker_scene1,50,old
3176,13.61224889755249,0.23759635325439718,obse,cracker_scene1,50,old
3177,13.616514444351196,0.1494138041091007,obse,cracker_scene1,50,old
3178,13.620984315872192,0.15037441707770133,obse,cracker_scene1,50,old
3179,13.625114917755127,0.14477694524402918,obse,cracker_scene1,50,old
3180,13.629598617553711,0.14353219809432768,obse,cracker_scene1,50,old
3181,13.634041786193848,0.14353219809432768,obse,cracker_scene1,50,old
3182,13.638357639312744,0.14492985372988315,obse,cracker_scene1,50,old
3183,13.6424400806427,0.14492985372988315,obse,cracker_scene1,50,old
3184,13.646688461303711,0.14585453711950727,obse,cracker_scene1,50,old
3185,13.650900840759277,0.14585453711950727,obse,cracker_scene1,50,old
3186,13.655246019363403,0.14979497117599277,obse,cracker_scene1,50,old
3187,13.65934157371521,0.14979497117599277,obse,cracker_scene1,50,old
3188,13.663818120956421,0.15059508235478808,obse,cracker_scene1,50,old
3189,13.667924642562866,0.15070831649612818,obse,cracker_scene1,50,old
3190,13.672365665435791,0.15089789662134823,obse,cracker_scene1,50,old
3191,13.676452398300171,0.150880628107584,obse,cracker_scene1,50,old
3192,13.680850982666016,0.15215891091270412,obse,cracker_scene1,50,old
3193,13.68519401550293,0.1858058688570517,obse,cracker_scene1,50,old
3194,13.689647197723389,0.18786401442984224,obse,cracker_scene1,50,old
3195,13.693820238113403,0.18992967077312667,obse,cracker_scene1,50,old
3196,13.698065996170044,0.18992967077312667,obse,cracker_scene1,50,old
3197,13.702266454696655,0.1937769487075925,obse,cracker_scene1,50,old
3198,13.706672668457031,0.1937769487075925,obse,cracker_scene1,50,old
3199,13.71088171005249,0.19366902200495878,obse,cracker_scene1,50,old
3200,13.715099573135376,0.19366902200495878,obse,cracker_scene1,50,old
3201,13.719387531280518,0.1947084158634572,obse,cracker_scene1,50,old
3202,13.723618745803833,0.1947084158634572,obse,cracker_scene1,50,old
3203,13.727741956710815,0.19566072898067594,obse,cracker_scene1,50,old
3204,13.73214054107666,0.19566072898067594,obse,cracker_scene1,50,old
3205,13.737050533294678,0.17842664843910322,obse,cracker_scene1,50,old
3206,13.741365671157837,0.1772079802555036,obse,cracker_scene1,50,old
3207,13.745772361755371,0.1780392031262998,obse,cracker_scene1,50,old
3208,13.74994444847107,0.1780392031262998,obse,cracker_scene1,50,old
3209,13.754324436187744,0.18193058465128045,obse,cracker_scene1,50,old
3210,13.758435726165771,0.18193058465128045,obse,cracker_scene1,50,old
3211,13.76278042793274,0.18361173330642433,obse,cracker_scene1,50,old
3212,13.767010927200317,0.18361173330642433,obse,cracker_scene1,50,old
3213,13.771472454071045,0.1825146611504496,obse,cracker_scene1,50,old
3214,13.775599241256714,0.1825146611504496,obse,cracker_scene1,50,old
3215,13.780040502548218,0.18280115198773947,obse,cracker_scene1,50,old
3216,13.784173250198364,0.18280115198773947,obse,cracker_scene1,50,old
3217,13.788657665252686,0.1810375245393226,obse,cracker_scene1,50,old
3218,13.792967796325684,0.1810375245393226,obse,cracker_scene1,50,old
3219,13.797301530838013,0.1826381938478911,obse,cracker_scene1,50,old
3220,13.801438570022583,0.18262767557936854,obse,cracker_scene1,50,old
3221,13.805783748626709,0.1839742783069505,obse,cracker_scene1,50,old
3222,13.80992603302002,0.1839325864036643,obse,cracker_scene1,50,old
3223,13.814343929290771,0.18487677072512762,obse,cracker_scene1,50,old
3224,13.818552017211914,1.152362822185002,obse,cracker_scene1,50,old
3225,13.822988986968994,1.2645558129853613,obse,cracker_scene1,50,old
3226,13.82711911201477,1.2645558129853613,obse,cracker_scene1,50,old
3227,13.831538200378418,1.2637639541359604,obse,cracker_scene1,50,old
3228,13.835675239562988,1.2630238514996268,obse,cracker_scene1,50,old
3229,13.839954853057861,1.2630238514996268,obse,cracker_scene1,50,old
3230,13.84412169456482,1.2653267227330414,obse,cracker_scene1,50,old
3231,13.848319053649902,1.2653267227330414,obse,cracker_scene1,50,old
3232,13.8525972366333,1.265343735478866,obse,cracker_scene1,50,old
3233,13.856797456741333,1.265343735478866,obse,cracker_scene1,50,old
3234,13.861230373382568,1.266906781467668,obse,cracker_scene1,50,old
3235,13.86546277999878,1.266906781467668,obse,cracker_scene1,50,old
3236,13.869867324829102,0.23535300265186893,obse,cracker_scene1,50,old
3237,13.874237060546875,0.16555734909341438,obse,cracker_scene1,50,old
3238,13.878646850585938,0.16658611213265315,obse,cracker_scene1,50,old
3239,13.882864475250244,0.16658611213265315,obse,cracker_scene1,50,old
3240,13.887249231338501,0.16567151271987526,obse,cracker_scene1,50,old
3241,13.8914635181427,0.16567151271987526,obse,cracker_scene1,50,old
3242,13.89585542678833,0.16920981909260385,obse,cracker_scene1,50,old
3243,13.900048732757568,0.16920981909260385,obse,cracker_scene1,50,old
3244,13.904717683792114,0.16889155843765002,obse,cracker_scene1,50,old
3245,13.908696174621582,0.16889155843765002,obse,cracker_scene1,50,old
3246,13.913220643997192,0.17027437225884703,obse,cracker_scene1,50,old
3247,13.917266845703125,0.17027437225884703,obse,cracker_scene1,50,old
3248,13.921796798706055,0.17177590726128672,obse,cracker_scene1,50,old
3249,13.925780057907104,0.17177590726128672,obse,cracker_scene1,50,old
3250,13.930366516113281,0.17272699268848726,obse,cracker_scene1,50,old
3251,13.934704542160034,0.20635582594968613,obse,cracker_scene1,50,old
3252,13.939455270767212,0.210304482147813,obse,cracker_scene1,50,old
3253,13.943843126296997,0.21111855471345856,obse,cracker_scene1,50,old
3254,13.948379755020142,0.21111855471345856,obse,cracker_scene1,50,old
3255,13.953076839447021,0.21241010276631886,obse,cracker_scene1,50,old
3256,13.957347631454468,0.21241010276631886,obse,cracker_scene1,50,old
3257,13.961950302124023,0.21243178472165414,obse,cracker_scene1,50,old
3258,13.967451810836792,0.21243178472165414,obse,cracker_scene1,50,old
3259,13.972548961639404,0.21271140645137715,obse,cracker_scene1,50,old
3260,13.97742772102356,0.21581054577877437,obse,cracker_scene1,50,old
3261,13.981912851333618,0.21581054577877437,obse,cracker_scene1,50,old
3262,13.98649549484253,0.2160283499424978,obse,cracker_scene1,50,old
3263,13.990777969360352,0.2160283499424978,obse,cracker_scene1,50,old
3264,13.994945526123047,0.2177925844019635,obse,cracker_scene1,50,old
3265,13.99915361404419,0.2177925844019635,obse,cracker_scene1,50,old
3266,14.003683090209961,0.21776232585614205,obse,cracker_scene1,50,old
3267,14.007928848266602,0.25995552530583543,obse,cracker_scene1,50,old
3268,14.012333631515503,0.26503386590277295,obse,cracker_scene1,50,old
3269,14.016514301300049,0.26511494698488985,obse,cracker_scene1,50,old
3270,14.020966291427612,0.26836651093223707,obse,cracker_scene1,50,old
3271,14.025393962860107,0.26947159574610097,obse,cracker_scene1,50,old
3272,14.029729127883911,0.2694884980318806,obse,cracker_scene1,50,old
3273,14.034026622772217,0.27127211458582906,obse,cracker_scene1,50,old
3274,14.038390636444092,0.27127211458582906,obse,cracker_scene1,50,old
3275,14.042759418487549,0.27153540249216884,obse,cracker_scene1,50,old
3276,14.046886444091797,0.27153540249216884,obse,cracker_scene1,50,old
3277,14.051554203033447,0.2724713580075771,obse,cracker_scene1,50,old
3278,14.055778980255127,0.2724713580075771,obse,cracker_scene1,50,old
3279,14.060389995574951,0.2732465291569505,obse,cracker_scene1,50,old
3280,14.064657926559448,0.274781484821455,obse,cracker_scene1,50,old
3281,14.068811178207397,0.274781484821455,obse,cracker_scene1,50,old
3282,14.073419332504272,0.2757834767420582,obse,cracker_scene1,50,old
3283,14.077659606933594,0.2757834767420582,obse,cracker_scene1,50,old
3284,14.08202052116394,0.2760035463261207,obse,cracker_scene1,50,old
3285,14.086348056793213,0.2760035463261207,obse,cracker_scene1,50,old
3286,14.090672731399536,0.2771697167698836,obse,cracker_scene1,50,old
3287,14.095354557037354,0.27711178191849245,obse,cracker_scene1,50,old
3288,14.099577188491821,0.27797418762954423,obse,cracker_scene1,50,old
3289,14.104138135910034,0.27796299951533954,obse,cracker_scene1,50,old
3290,14.108470916748047,0.27914752801536363,obse,cracker_scene1,50,old
3291,14.112684965133667,0.27914752801536363,obse,cracker_scene1,50,old
3292,14.117507934570312,0.28095865672509895,obse,cracker_scene1,50,old
3293,14.121894359588623,0.2809959428885724,obse,cracker_scene1,50,old
3294,14.12621545791626,0.28212060558110624,obse,cracker_scene1,50,old
3295,14.130444526672363,0.28212060558110624,obse,cracker_scene1,50,old
3296,14.134833335876465,0.2838526563999387,obse,cracker_scene1,50,old
3297,14.139339923858643,0.2838526563999387,obse,cracker_scene1,50,old
3298,14.143689393997192,0.28369464027741015,obse,cracker_scene1,50,old
3299,14.147900342941284,0.28369464027741015,obse,cracker_scene1,50,old
3300,14.152533531188965,0.2841099009877344,obse,cracker_scene1,50,old
3301,14.157171726226807,0.28509986849160596,obse,cracker_scene1,50,old
3302,14.161702394485474,0.286465428792342,obse,cracker_scene1,50,old
3303,14.1659574508667,0.286465428792342,obse,cracker_scene1,50,old
3304,14.170378923416138,0.2877535500655286,obse,cracker_scene1,50,old
3305,14.174659967422485,0.2877535500655286,obse,cracker_scene1,50,old
3306,14.179070711135864,0.2889840887648831,obse,cracker_scene1,50,old
3307,14.183241367340088,0.2889840887648831,obse,cracker_scene1,50,old
3308,14.187802791595459,0.29060932925047983,obse,cracker_scene1,50,old
3309,14.19187879562378,0.29060932925047983,obse,cracker_scene1,50,old
3310,14.196410894393921,0.29172258184495015,obse,cracker_scene1,50,old
3311,14.200547933578491,0.29172258184495015,obse,cracker_scene1,50,old
3312,14.205181121826172,0.2928201130938217,obse,cracker_scene1,50,old
3313,14.209288597106934,0.29218736244535437,obse,cracker_scene1,50,old
3314,14.213767290115356,0.2926215663104756,obse,cracker_scene1,50,old
3315,14.217839002609253,0.2926215663104756,obse,cracker_scene1,50,old
3316,14.222463369369507,0.29313698555433776,obse,cracker_scene1,50,old
3317,14.226673603057861,0.29330289515018254,obse,cracker_scene1,50,old
3318,14.231031894683838,0.29330289515018254,obse,cracker_scene1,50,old
3319,14.235620021820068,0.29530553423381356,obse,cracker_scene1,50,old
3320,14.239965438842773,0.29530553423381356,obse,cracker_scene1,50,old
3321,14.244398593902588,0.29645641396465294,obse,cracker_scene1,50,old
3322,14.248713731765747,0.29645641396465294,obse,cracker_scene1,50,old
3323,14.253288745880127,0.297315181746666,obse,cracker_scene1,50,old
3324,14.257429838180542,0.297315181746666,obse,cracker_scene1,50,old
3325,14.261862754821777,0.2986888630126313,obse,cracker_scene1,50,old
3326,14.26616883277893,0.2986888630126313,obse,cracker_scene1,50,old
3327,14.27061414718628,0.2992077019579537,obse,cracker_scene1,50,old
3328,14.275089502334595,0.2992077019579537,obse,cracker_scene1,50,old
3329,14.279841661453247,0.2995502147243896,obse,cracker_scene1,50,old
3330,14.284008979797363,0.2995502147243896,obse,cracker_scene1,50,old
3331,14.288504123687744,0.3000225802062224,obse,cracker_scene1,50,old
3332,14.2926926612854,0.3005013324031471,obse,cracker_scene1,50,old
3333,14.297181129455566,0.3015714703321092,obse,cracker_scene1,50,old
3334,14.30135989189148,0.3015739620975745,obse,cracker_scene1,50,old
3335,14.305560827255249,0.30240016028306743,obse,cracker_scene1,50,old
3336,14.309698104858398,0.30231742583889754,obse,cracker_scene1,50,old
3337,14.314237594604492,0.3030416544551306,obse,cracker_scene1,50,old
3338,14.318432807922363,0.3030416544551306,obse,cracker_scene1,50,old
3339,14.32293176651001,0.30392384745719947,obse,cracker_scene1,50,old
3340,14.327181339263916,0.30477495525652626,obse,cracker_scene1,50,old
3341,14.331599712371826,0.30460476308122253,obse,cracker_scene1,50,old
3342,14.336020231246948,0.3066354276781541,obse,cracker_scene1,50,old
3343,14.340487003326416,0.3066354276781541,obse,cracker_scene1,50,old
3344,14.344914197921753,0.3078061597689545,obse,cracker_scene1,50,old
3345,14.349167346954346,0.3078061597689545,obse,cracker_scene1,50,old
3346,14.353550672531128,0.30961816446362744,obse,cracker_scene1,50,old
3347,14.357908248901367,0.30961816446362744,obse,cracker_scene1,50,old
3348,14.362329006195068,0.3096042195236274,obse,cracker_scene1,50,old
3349,14.3666672706604,0.3096042195236274,obse,cracker_scene1,50,old
3350,14.37132978439331,0.31081054852064305,obse,cracker_scene1,50,old
3351,14.375570297241211,0.31081054852064305,obse,cracker_scene1,50,old
3352,14.380134582519531,0.31196506342795355,obse,cracker_scene1,50,old
3353,14.384323358535767,0.31196506342795355,obse,cracker_scene1,50,old
3354,14.388925313949585,0.3129223433268973,obse,cracker_scene1,50,old
3355,14.39310097694397,0.3129223433268973,obse,cracker_scene1,50,old
3356,14.397349834442139,0.3144189974324666,obse,cracker_scene1,50,old
3357,14.401881456375122,0.3144189974324666,obse,cracker_scene1,50,old
3358,14.406559705734253,0.3160293566663927,obse,cracker_scene1,50,old
3359,14.410751104354858,0.3160293566663927,obse,cracker_scene1,50,old
3360,14.415134191513062,0.3160293566663927,obse,cracker_scene1,50,old
3361,14.419349908828735,0.316006327249746,obse,cracker_scene1,50,old
3362,14.423925638198853,0.316006327249746,obse,cracker_scene1,50,old
3363,14.428060531616211,0.316006327249746,obse,cracker_scene1,50,old
3364,14.432978391647339,0.31731561500689603,obse,cracker_scene1,50,old
3365,14.437292575836182,0.3182513365381912,obse,cracker_scene1,50,old
3366,14.441667079925537,0.3182513365381912,obse,cracker_scene1,50,old
3367,14.446091413497925,0.3185227585967732,obse,cracker_scene1,50,old
3368,14.450420379638672,0.319144330779878,obse,cracker_scene1,50,old
3369,14.454856634140015,0.3201273462647002,obse,cracker_scene1,50,old
3370,14.458991050720215,0.3201273462647002,obse,cracker_scene1,50,old
3371,14.463583707809448,0.3209940489018959,obse,cracker_scene1,50,old
3372,14.468047857284546,0.32162926093675476,obse,cracker_scene1,50,old
3373,14.472321271896362,0.32162926093675476,obse,cracker_scene1,50,old
3374,14.47685170173645,0.32412597493261003,obse,cracker_scene1,50,old
3375,14.481109857559204,0.32412597493261003,obse,cracker_scene1,50,old
3376,14.485337972640991,0.32412597493261003,obse,cracker_scene1,50,old
3377,14.489745140075684,0.3253395899068881,obse,cracker_scene1,50,old
3378,14.494127750396729,0.3253395899068881,obse,cracker_scene1,50,old
3379,14.498445510864258,0.3266229321424425,obse,cracker_scene1,50,old
3380,14.502835988998413,0.3266229321424425,obse,cracker_scene1,50,old
3381,14.507301807403564,0.32656715194321767,obse,cracker_scene1,50,old
3382,14.511688709259033,0.32656715194321767,obse,cracker_scene1,50,old
3383,14.515968084335327,0.3265620008225511,obse,cracker_scene1,50,old
3384,14.520466327667236,0.3275843348790903,obse,cracker_scene1,50,old
3385,14.524864435195923,0.3275843348790903,obse,cracker_scene1,50,old
3386,14.529021978378296,0.3275843348790903,obse,cracker_scene1,50,old
3387,14.53355360031128,0.3284512961941004,obse,cracker_scene1,50,old
3388,14.537993907928467,0.3284512961941004,obse,cracker_scene1,50,old
3389,14.542394638061523,0.3300416365023722,obse,cracker_scene1,50,old
3390,14.546602964401245,0.3300416365023722,obse,cracker_scene1,50,old
3391,14.551081418991089,0.3310631312312884,obse,cracker_scene1,50,old
3392,14.555829524993896,0.33327988633768124,obse,cracker_scene1,50,old
3393,14.560437440872192,0.3334209594266613,obse,cracker_scene1,50,old
3394,14.56509280204773,0.332817447094489,obse,cracker_scene1,50,old
3395,14.569590330123901,0.33540258415113583,obse,cracker_scene1,50,old
3396,14.574184656143188,0.33540258415113583,obse,cracker_scene1,50,old
3397,14.57857346534729,0.33592128841905483,obse,cracker_scene1,50,old
3398,14.582824468612671,0.33592128841905483,obse,cracker_scene1,50,old
3399,14.587326526641846,0.3374989175069773,obse,cracker_scene1,50,old
3400,14.591464042663574,0.3374989175069773,obse,cracker_scene1,50,old
3401,14.596243858337402,0.33805368676207503,obse,cracker_scene1,50,old
3402,14.600476026535034,0.33805368676207503,obse,cracker_scene1,50,old
3403,14.605179786682129,1.3848906764087143,obse,cracker_scene1,50,old
3404,14.609376907348633,1.4012651744333828,obse,cracker_scene1,50,old
3405,14.613714218139648,1.402584523150689,obse,cracker_scene1,50,old
3406,14.617953538894653,1.403462476431888,obse,cracker_scene1,50,old
3407,14.622229099273682,1.403698301480456,obse,cracker_scene1,50,old
3408,14.626548528671265,1.403601486220131,obse,cracker_scene1,50,old
3409,14.630947589874268,1.4035702806856678,obse,cracker_scene1,50,old
3410,14.63527512550354,1.4030893623235619,obse,cracker_scene1,50,old
3411,14.639738321304321,1.4030893623235619,obse,cracker_scene1,50,old
3412,14.643993616104126,1.403788812887913,obse,cracker_scene1,50,old
3413,14.648300409317017,1.403788812887913,obse,cracker_scene1,50,old
3414,14.652603387832642,1.40310238106591,obse,cracker_scene1,50,old
3415,14.656951904296875,1.40310238106591,obse,cracker_scene1,50,old
3416,14.66127872467041,1.4046061708712037,obse,cracker_scene1,50,old
3417,14.66565990447998,1.4046061708712037,obse,cracker_scene1,50,old
3418,14.67013669013977,1.405696891101103,obse,cracker_scene1,50,old
3419,14.674386501312256,1.405696891101103,obse,cracker_scene1,50,old
3420,14.678850650787354,1.4046801409481366,obse,cracker_scene1,50,old
3421,14.683189630508423,1.4046801409481366,obse,cracker_scene1,50,old
3422,14.687716484069824,1.4047206840421937,obse,cracker_scene1,50,old
3423,14.691875457763672,1.4047206840421937,obse,cracker_scene1,50,old
3424,14.696304559707642,1.4059145631604162,obse,cracker_scene1,50,old
3425,14.700687170028687,1.4059145631604162,obse,cracker_scene1,50,old
3426,14.705173969268799,1.4063857319333533,obse,cracker_scene1,50,old
3427,14.709515810012817,1.4063857319333533,obse,cracker_scene1,50,old
3428,14.714017629623413,1.4058810825984187,obse,cracker_scene1,50,old
3429,14.718218803405762,1.4057056888295216,obse,cracker_scene1,50,old
3430,14.722772598266602,1.406045768629534,obse,cracker_scene1,50,old
3431,14.727001190185547,1.407068088617546,obse,cracker_scene1,50,old
3432,14.731520175933838,1.407327924685001,obse,cracker_scene1,50,old
3433,14.73620891571045,1.4076321128521432,obse,cracker_scene1,50,old
3434,14.740586042404175,1.4076321128521432,obse,cracker_scene1,50,old
3435,14.745064973831177,1.4077257717985825,obse,cracker_scene1,50,old
3436,14.749379634857178,1.4077257717985825,obse,cracker_scene1,50,old
3437,14.753889322280884,1.406895640559509,obse,cracker_scene1,50,old
3438,14.758439064025879,1.406895640559509,obse,cracker_scene1,50,old
3439,14.763313055038452,1.4068900054375826,obse,cracker_scene1,50,old
3440,14.767646312713623,1.4068900054375826,obse,cracker_scene1,50,old
3441,14.772131443023682,1.4072705216104495,obse,cracker_scene1,50,old
3442,14.776492834091187,1.4072705216104495,obse,cracker_scene1,50,old
3443,14.780929565429688,1.4084671296979137,obse,cracker_scene1,50,old
3444,14.785150051116943,1.4087158651195226,obse,cracker_scene1,50,old
3445,14.789592981338501,1.4087158651195226,obse,cracker_scene1,50,old
3446,14.793858051300049,1.4080305909005792,obse,cracker_scene1,50,old
3447,14.798275709152222,1.4080305909005792,obse,cracker_scene1,50,old
3448,14.802518844604492,1.4091207863386215,obse,cracker_scene1,50,old
3449,14.807011365890503,1.4091207863386215,obse,cracker_scene1,50,old
3450,14.811354875564575,1.4098034996838216,obse,cracker_scene1,50,old
3451,14.815643310546875,1.4098034996838216,obse,cracker_scene1,50,old
3452,14.820144653320312,1.4092619959239912,obse,cracker_scene1,50,old
3453,14.824384689331055,1.4092619959239912,obse,cracker_scene1,50,old
3454,14.828898906707764,1.4107352229324013,obse,cracker_scene1,50,old
3455,14.833116292953491,1.4107352229324013,obse,cracker_scene1,50,old
3456,14.83793568611145,1.410237179790066,obse,cracker_scene1,50,old
3457,14.842078924179077,1.410237179790066,obse,cracker_scene1,50,old
3458,14.846551656723022,1.4106250414385508,obse,cracker_scene1,50,old
3459,14.85079312324524,1.4106250414385508,obse,cracker_scene1,50,old
3460,14.855324506759644,1.4116663137920034,obse,cracker_scene1,50,old
3461,14.859574556350708,1.4108120028199744,obse,cracker_scene1,50,old
3462,14.864163398742676,1.4109892152468673,obse,cracker_scene1,50,old
3463,14.868521213531494,1.4118431657882438,obse,cracker_scene1,50,old
3464,14.87324070930481,1.4118431657882438,obse,cracker_scene1,50,old
3465,14.877618074417114,1.4116995654230093,obse,cracker_scene1,50,old
3466,14.881947994232178,1.4116995654230093,obse,cracker_scene1,50,old
3467,14.88632583618164,1.4127682101868881,obse,cracker_scene1,50,old
3468,14.890680313110352,1.412942845613606,obse,cracker_scene1,50,old
3469,14.894987344741821,1.412753724628538,obse,cracker_scene1,50,old
3470,14.899387836456299,1.412753724628538,obse,cracker_scene1,50,old
3471,14.903913021087646,1.4122743856986304,obse,cracker_scene1,50,old
3472,14.908341884613037,1.4122743856986304,obse,cracker_scene1,50,old
3473,14.91300344467163,1.4135011043696633,obse,cracker_scene1,50,old
3474,14.91730809211731,1.4135011043696633,obse,cracker_scene1,50,old
3475,14.921777725219727,1.4132496728922792,obse,cracker_scene1,50,old
3476,14.925995349884033,1.4132496728922792,obse,cracker_scene1,50,old
3477,14.930455923080444,1.4143866033693469,obse,cracker_scene1,50,old
3478,14.934690713882446,1.4143866033693469,obse,cracker_scene1,50,old
3479,14.939380407333374,1.41476523071045,obse,cracker_scene1,50,old
3480,14.943645477294922,1.4147861928600358,obse,cracker_scene1,50,old
3481,14.948035717010498,1.4147861928600358,obse,cracker_scene1,50,old
3482,14.952272891998291,1.4141633153521633,obse,cracker_scene1,50,old
3483,14.956605911254883,1.4141633153521633,obse,cracker_scene1,50,old
3484,14.960945844650269,1.4150177718636296,obse,cracker_scene1,50,old
3485,14.965234279632568,1.4150177718636296,obse,cracker_scene1,50,old
3486,14.969716310501099,1.4151984824310828,obse,cracker_scene1,50,old
3487,14.974156141281128,1.4151984824310828,obse,cracker_scene1,50,old
3488,14.978662252426147,1.4164801996748713,obse,cracker_scene1,50,old
3489,14.982845067977905,1.4164801996748713,obse,cracker_scene1,50,old
3490,14.987250566482544,1.416863877069244,obse,cracker_scene1,50,old
3491,14.991524934768677,1.416863877069244,obse,cracker_scene1,50,old
3492,14.995923042297363,1.4164145236883865,obse,cracker_scene1,50,old
3493,15.000226974487305,1.4164145236883865,obse,cracker_scene1,50,old
3494,15.004801988601685,1.4179150027907914,obse,cracker_scene1,50,old
3495,15.00911021232605,1.4179150027907914,obse,cracker_scene1,50,old
3496,15.013519525527954,1.4174128481458368,obse,cracker_scene1,50,old
3497,15.017874479293823,1.4174566239421376,obse,cracker_scene1,50,old
3498,15.022263050079346,1.4176967135407175,obse,cracker_scene1,50,old
3499,15.026422023773193,1.418566581267381,obse,cracker_scene1,50,old
3500,15.030888319015503,1.418838284900791,obse,cracker_scene1,50,old
3501,15.035090446472168,1.419102914326305,obse,cracker_scene1,50,old
3502,15.039841175079346,1.419102914326305,obse,cracker_scene1,50,old
3503,15.04410171508789,1.4181913095487655,obse,cracker_scene1,50,old
3504,15.048571586608887,1.4185863133222547,obse,cracker_scene1,50,old
3505,15.052807569503784,1.4190645422347616,obse,cracker_scene1,50,old
3506,15.057167053222656,1.4190645422347616,obse,cracker_scene1,50,old
3507,15.06389832496643,1.4203771829307836,obse,cracker_scene1,50,old
3508,15.068756103515625,1.4210217986294866,obse,cracker_scene1,50,old
3509,15.073305368423462,1.4210217986294866,obse,cracker_scene1,50,old
3510,15.077672481536865,1.4201762965482407,obse,cracker_scene1,50,old
3511,15.081959247589111,1.4203252004525133,obse,cracker_scene1,50,old
3512,15.086205005645752,1.4216512689635552,obse,cracker_scene1,50,old
3513,15.090625524520874,1.4216512689635552,obse,cracker_scene1,50,old
3514,15.094949722290039,1.4221014931484097,obse,cracker_scene1,50,old
3515,15.09938645362854,1.4221014931484097,obse,cracker_scene1,50,old
3516,15.103830575942993,1.4228048121587547,obse,cracker_scene1,50,old
3517,15.10811996459961,1.4228048121587547,obse,cracker_scene1,50,old
3518,15.11247706413269,1.4228507848495981,obse,cracker_scene1,50,old
3519,15.116649627685547,1.4228507848495981,obse,cracker_scene1,50,old
3520,15.121054887771606,1.422913821178395,obse,cracker_scene1,50,old
3521,15.125184535980225,1.422913821178395,obse,cracker_scene1,50,old
3522,15.131404876708984,1.4232804636079202,obse,cracker_scene1,50,old
3523,15.136214971542358,1.4226531552315516,obse,cracker_scene1,50,old
3524,15.140643119812012,1.4226531552315516,obse,cracker_scene1,50,old
3525,15.145086765289307,1.4244952445861925,obse,cracker_scene1,50,old
3526,15.150468349456787,1.4244952445861925,obse,cracker_scene1,50,old
3527,15.155096769332886,1.424669415747104,obse,cracker_scene1,50,old
3528,15.159372806549072,1.4248524059068695,obse,cracker_scene1,50,old
3529,15.163927793502808,1.4252864448181066,obse,cracker_scene1,50,old
3530,15.168215990066528,1.424427816835058,obse,cracker_scene1,50,old
3531,15.172768831253052,1.4247081405021147,obse,cracker_scene1,50,old
3532,15.177007913589478,1.4257930927350886,obse,cracker_scene1,50,old
3533,15.181443452835083,1.4257930927350886,obse,cracker_scene1,50,old
3534,15.185729265213013,1.4262347683647558,obse,cracker_scene1,50,old
3535,15.190189599990845,1.4262347683647558,obse,cracker_scene1,50,old
3536,15.194275379180908,1.4262347683647558,obse,cracker_scene1,50,old
3537,15.198468685150146,1.4263819882817081,obse,cracker_scene1,50,old
3538,15.202800273895264,1.4263819882817081,obse,cracker_scene1,50,old
3539,15.207250595092773,1.4263819882817081,obse,cracker_scene1,50,old
3540,15.211817264556885,1.4258921931205926,obse,cracker_scene1,50,old
3541,15.216026306152344,1.4258921931205926,obse,cracker_scene1,50,old
3542,15.220776319503784,1.4260583681594285,obse,cracker_scene1,50,old
3543,15.22508192062378,1.4276805774924242,obse,cracker_scene1,50,old
3544,15.229903221130371,1.4276805774924242,obse,cracker_scene1,50,old
3545,15.234753847122192,1.427979783981482,obse,cracker_scene1,50,old
3546,15.239177942276001,1.427979783981482,obse,cracker_scene1,50,old
3547,15.243279218673706,1.427979783981482,obse,cracker_scene1,50,old
3548,15.248025894165039,1.4280392427888877,obse,cracker_scene1,50,old
3549,15.252187252044678,1.4285619189893133,obse,cracker_scene1,50,old
3550,15.256666660308838,1.4285378957502948,obse,cracker_scene1,50,old
3551,15.260869026184082,1.4285378957502948,obse,cracker_scene1,50,old
3552,15.265286922454834,1.428518438725792,obse,cracker_scene1,50,old
3553,15.269764184951782,1.4287614694640647,obse,cracker_scene1,50,old
3554,15.27429723739624,1.4294667716253597,obse,cracker_scene1,50,old
3555,15.278420209884644,1.4294667716253597,obse,cracker_scene1,50,old
3556,15.282721042633057,1.4288207436127571,obse,cracker_scene1,50,old
3557,15.28684663772583,1.4288207436127571,obse,cracker_scene1,50,old
3558,15.291105031967163,1.4288207436127571,obse,cracker_scene1,50,old
3559,15.295338153839111,1.4290170838393088,obse,cracker_scene1,50,old
3560,15.30007553100586,1.4293801806981214,obse,cracker_scene1,50,old
3561,15.30457091331482,1.4298218325770193,obse,cracker_scene1,50,old
3562,15.308838605880737,1.4298218325770193,obse,cracker_scene1,50,old
3563,15.313161849975586,1.4300368218887476,obse,cracker_scene1,50,old
3564,15.3177330493927,1.4300368218887476,obse,cracker_scene1,50,old
3565,15.322265625,1.430474102913747,obse,cracker_scene1,50,old
3566,15.326637506484985,1.430474102913747,obse,cracker_scene1,50,old
3567,15.331029653549194,1.4309123735690932,obse,cracker_scene1,50,old
3568,15.335463762283325,1.4309123735690932,obse,cracker_scene1,50,old
3569,15.340024471282959,1.4306488864077274,obse,cracker_scene1,50,old
3570,15.344289541244507,1.4306488864077274,obse,cracker_scene1,50,old
3571,15.348763227462769,1.4306488864077274,obse,cracker_scene1,50,old
3572,15.353528261184692,1.4320602646573848,obse,cracker_scene1,50,old
3573,15.358102321624756,1.4320426087652187,obse,cracker_scene1,50,old
3574,15.362552642822266,1.4319551784645874,obse,cracker_scene1,50,old
3575,15.367045164108276,1.4312909837486325,obse,cracker_scene1,50,old
3576,15.371844291687012,1.4312609979049231,obse,cracker_scene1,50,old
3577,15.3759286403656,1.4312609979049231,obse,cracker_scene1,50,old
3578,15.380467891693115,1.431229695067235,obse,cracker_scene1,50,old
3579,15.38463830947876,1.4311081167112762,obse,cracker_scene1,50,old
3580,15.389298677444458,1.4312401751336319,obse,cracker_scene1,50,old
3581,15.393908739089966,1.4323145900486534,obse,cracker_scene1,50,old
3582,15.398221015930176,1.4323145900486534,obse,cracker_scene1,50,old
3583,15.402486324310303,1.4315217193603056,obse,cracker_scene1,50,old
3584,15.406743049621582,1.4315217193603056,obse,cracker_scene1,50,old
3585,15.411160469055176,1.4314567490355143,obse,cracker_scene1,50,old
3586,15.41550874710083,1.4314567490355143,obse,cracker_scene1,50,old
3587,15.420056819915771,1.432779223863573,obse,cracker_scene1,50,old
3588,15.424395084381104,1.432779223863573,obse,cracker_scene1,50,old
3589,15.4288911819458,1.4315121611032797,obse,cracker_scene1,50,old
3590,15.433061361312866,1.4315121611032797,obse,cracker_scene1,50,old
3591,15.437575101852417,1.4314250041095837,obse,cracker_scene1,50,old
3592,15.441836833953857,1.4314250041095837,obse,cracker_scene1,50,old
3593,15.446284532546997,1.4325102937723777,obse,cracker_scene1,50,old
3594,15.450560331344604,1.4325102937723777,obse,cracker_scene1,50,old
3595,15.455111980438232,1.431519387867148,obse,cracker_scene1,50,old
3596,15.459325313568115,1.431519387867148,obse,cracker_scene1,50,old
3597,15.463792324066162,1.4325530140352383,obse,cracker_scene1,50,old
3598,15.468053579330444,1.4313615257400683,obse,cracker_scene1,50,old
3599,15.472580432891846,1.4313583863918327,obse,cracker_scene1,50,old
3600,15.476856470108032,1.43258749110956,obse,cracker_scene1,50,old
3601,15.481359958648682,1.43258749110956,obse,cracker_scene1,50,old
3602,15.485724925994873,1.4326326417209563,obse,cracker_scene1,50,old
3603,15.49012565612793,1.4326326417209563,obse,cracker_scene1,50,old
3604,15.494452476501465,1.4315475520225078,obse,cracker_scene1,50,old
3605,15.498773097991943,1.4315475520225078,obse,cracker_scene1,50,old
3606,15.503180503845215,1.4318726386396463,obse,cracker_scene1,50,old
3607,15.507687091827393,1.4318726386396463,obse,cracker_scene1,50,old
3608,15.512123584747314,1.4318680863548794,obse,cracker_scene1,50,old
3609,15.516340017318726,1.4318680863548794,obse,cracker_scene1,50,old
3610,15.520791053771973,1.4328105753166875,obse,cracker_scene1,50,old
3611,15.52506399154663,1.4328105753166875,obse,cracker_scene1,50,old
3612,15.529545068740845,1.4326826946439537,obse,cracker_scene1,50,old
3613,15.53367018699646,1.4326826946439537,obse,cracker_scene1,50,old
3614,15.538460731506348,1.4319315894181663,obse,cracker_scene1,50,old
3615,15.542618751525879,1.4319315894181663,obse,cracker_scene1,50,old
3616,15.547428607940674,1.4326459809359866,obse,cracker_scene1,50,old
3617,15.551699876785278,1.431639337337792,obse,cracker_scene1,50,old
3618,15.556140422821045,1.431639337337792,obse,cracker_scene1,50,old
3619,15.560420274734497,1.431617166638663,obse,cracker_scene1,50,old
3620,15.564694166183472,1.4316163908329846,obse,cracker_scene1,50,old
3621,15.568885564804077,1.4326688616238767,obse,cracker_scene1,50,old
3622,15.573405981063843,1.4326688616238767,obse,cracker_scene1,50,old
3623,15.577632665634155,1.4325251542782889,obse,cracker_scene1,50,old
3624,15.581831455230713,1.4325251542782889,obse,cracker_scene1,50,old
3625,15.585978984832764,1.4325904219409997,obse,cracker_scene1,50,old
3626,15.590248823165894,1.4325904219409997,obse,cracker_scene1,50,old
3627,15.594287157058716,1.4325904219409997,obse,cracker_scene1,50,old
3628,15.59864091873169,1.4325782507874774,obse,cracker_scene1,50,old
3629,15.60301661491394,1.4325782507874774,obse,cracker_scene1,50,old
3630,15.607299089431763,1.4326169484874045,obse,cracker_scene1,50,old
3631,15.611554861068726,1.4326169484874045,obse,cracker_scene1,50,old
3632,15.616039514541626,1.4317266884353268,obse,cracker_scene1,50,old
3633,15.62024474143982,1.4317266884353268,obse,cracker_scene1,50,old
3634,15.624499797821045,1.4317266884353268,obse,cracker_scene1,50,old
3635,15.62870717048645,1.4327357153162534,obse,cracker_scene1,50,old
3636,15.633140325546265,1.4327357153162534,obse,cracker_scene1,50,old
3637,15.637495756149292,1.4316446378851078,obse,cracker_scene1,50,old
3638,15.641868114471436,1.4315239335121568,obse,cracker_scene1,50,old
3639,15.646089315414429,1.432693222421464,obse,cracker_scene1,50,old
3640,15.650391578674316,1.432693222421464,obse,cracker_scene1,50,old
3641,15.65479302406311,1.4316097639050795,obse,cracker_scene1,50,old
3642,15.659128665924072,1.4316097639050795,obse,cracker_scene1,50,old
3643,15.66360330581665,1.4316097639050795,obse,cracker_scene1,50,old
3644,15.667912006378174,1.4326617383080595,obse,cracker_scene1,50,old
3645,15.672306060791016,1.4326617383080595,obse,cracker_scene1,50,old
3646,15.676472187042236,1.4325873559269588,obse,cracker_scene1,50,old
3647,15.680935382843018,1.4325873559269588,obse,cracker_scene1,50,old
3648,15.68512225151062,1.4325206126103458,obse,cracker_scene1,50,old
3649,15.689671993255615,1.4326037138935943,obse,cracker_scene1,50,old
3650,15.693833112716675,1.4328645675655993,obse,cracker_scene1,50,old
3651,15.698278665542603,1.4328645675655993,obse,cracker_scene1,50,old
3652,15.702601432800293,1.4328645675655993,obse,cracker_scene1,50,old
3653,15.707064390182495,1.4326503984344363,obse,cracker_scene1,50,old
3654,15.711173295974731,1.4326503984344363,obse,cracker_scene1,50,old
3655,15.71574091911316,1.4326335502757042,obse,cracker_scene1,50,old
3656,15.719802141189575,1.4326335502757042,obse,cracker_scene1,50,old
3657,15.724266529083252,1.4325984462592718,obse,cracker_scene1,50,old
3658,15.728381633758545,1.4325984462592718,obse,cracker_scene1,50,old
3659,15.732855558395386,1.4325058039216376,obse,cracker_scene1,50,old
3660,15.737581253051758,1.432490444842057,obse,cracker_scene1,50,old
3661,15.742321729660034,1.4317669198595544,obse,cracker_scene1,50,old
3662,15.746439695358276,1.4317669198595544,obse,cracker_scene1,50,old
3663,15.750754117965698,1.4317669198595544,obse,cracker_scene1,50,old
3664,15.755257368087769,1.4317651751832896,obse,cracker_scene1,50,old
3665,15.75968337059021,1.4317720387611024,obse,cracker_scene1,50,old
3666,15.764296770095825,1.4327610290745465,obse,cracker_scene1,50,old
3667,15.768715143203735,1.4328312373452814,obse,cracker_scene1,50,old
3668,15.773415088653564,1.4327918138721287,obse,cracker_scene1,50,old
3669,15.778088331222534,1.4327197256219986,obse,cracker_scene1,50,old
3670,15.782390356063843,1.4327197256219986,obse,cracker_scene1,50,old
3671,15.786802768707275,1.43158482561204,obse,cracker_scene1,50,old
3672,15.791042566299438,1.43158482561204,obse,cracker_scene1,50,old
3673,15.795538425445557,1.4318769148666632,obse,cracker_scene1,50,old
3674,15.799662590026855,1.4318769148666632,obse,cracker_scene1,50,old
3675,15.804198741912842,1.431695012783151,obse,cracker_scene1,50,old
3676,15.808336019515991,1.431695012783151,obse,cracker_scene1,50,old
3677,15.81276249885559,1.4324815513738676,obse,cracker_scene1,50,old
3678,15.816874742507935,1.4324815513738676,obse,cracker_scene1,50,old
3679,15.821408987045288,1.4324135656433086,obse,cracker_scene1,50,old
3680,15.825567483901978,1.4324135656433086,obse,cracker_scene1,50,old
3681,15.830068588256836,1.4313545095001023,obse,cracker_scene1,50,old
3682,15.834202527999878,1.4313545095001023,obse,cracker_scene1,50,old
3683,15.838728904724121,1.4323497767830142,obse,cracker_scene1,50,old
3684,15.842940092086792,1.4312491736571529,obse,cracker_scene1,50,old
3685,15.847504377365112,1.4312069422155504,obse,cracker_scene1,50,old
3686,15.85178542137146,1.431599551825876,obse,cracker_scene1,50,old
3687,15.856197118759155,1.431599551825876,obse,cracker_scene1,50,old
3688,15.860614776611328,1.431153931274066,obse,cracker_scene1,50,old
3689,15.864859819412231,1.431153931274066,obse,cracker_scene1,50,old
3690,15.869292736053467,1.4312562678379326,obse,cracker_scene1,50,old
3691,15.8735990524292,1.4312562678379326,obse,cracker_scene1,50,old
3692,15.878006219863892,1.4318399763052794,obse,cracker_scene1,50,old
3693,15.882258892059326,1.4318399763052794,obse,cracker_scene1,50,old
3694,15.886584281921387,1.4319162501724536,obse,cracker_scene1,50,old
3695,15.891008377075195,1.4319162501724536,obse,cracker_scene1,50,old
3696,15.895512342453003,1.4312503993323729,obse,cracker_scene1,50,old
3697,15.899716138839722,1.4312503993323729,obse,cracker_scene1,50,old
3698,15.904210329055786,1.4328906397443824,obse,cracker_scene1,50,old
3699,15.908289909362793,1.4328906397443824,obse,cracker_scene1,50,old
3700,15.912832975387573,1.4326842522966503,obse,cracker_scene1,50,old
3701,15.916889429092407,1.4326842522966503,obse,cracker_scene1,50,old
3702,15.921461343765259,1.4342164229797625,obse,cracker_scene1,50,old
3703,15.925479888916016,1.4342164229797625,obse,cracker_scene1,50,old
3704,15.929955959320068,1.4348754548808644,obse,cracker_scene1,50,old
3705,15.934168577194214,1.4348754548808644,obse,cracker_scene1,50,old
3706,15.938844680786133,1.4344552332586513,obse,cracker_scene1,50,old
3707,15.942951202392578,1.4344552332586513,obse,cracker_scene1,50,old
3708,15.947317361831665,1.4356349780008744,obse,cracker_scene1,50,old
3709,15.951454401016235,1.4347568129019175,obse,cracker_scene1,50,old
3710,15.955811738967896,1.434876160560485,obse,cracker_scene1,50,old
3711,15.959902048110962,1.434876160560485,obse,cracker_scene1,50,old
3712,15.964351177215576,1.4363677027545272,obse,cracker_scene1,50,old
3713,15.968489170074463,1.4354608954859387,obse,cracker_scene1,50,old
3714,15.973245859146118,1.435704102487355,obse,cracker_scene1,50,old
3715,15.9774329662323,1.4356918708235504,obse,cracker_scene1,50,old
3716,15.98159384727478,1.4358875452933395,obse,cracker_scene1,50,old
3717,15.985793828964233,1.4369055847001633,obse,cracker_scene1,50,old
3718,15.989843606948853,1.4369055847001633,obse,cracker_scene1,50,old
3719,15.994040966033936,1.4373340492825477,obse,cracker_scene1,50,old
3720,15.99817705154419,1.43736735715113,obse,cracker_scene1,50,old
3721,16.002363920211792,1.4366905257487392,obse,cracker_scene1,50,old
3722,16.0069317817688,1.4366905257487392,obse,cracker_scene1,50,old
3723,16.01122236251831,1.4373247193005714,obse,cracker_scene1,50,old
3724,16.01543879508972,1.4373247193005714,obse,cracker_scene1,50,old
3725,16.01970934867859,1.4376689505169606,obse,cracker_scene1,50,old
3726,16.023967027664185,1.4376689505169606,obse,cracker_scene1,50,old
3727,16.028209447860718,1.4370722234701159,obse,cracker_scene1,50,old
3728,16.03246545791626,1.4370722234701159,obse,cracker_scene1,50,old
3729,16.036900281906128,1.438180466434961,obse,cracker_scene1,50,old
3730,16.04115343093872,1.438180466434961,obse,cracker_scene1,50,old
3731,16.045531272888184,1.4384890230911953,obse,cracker_scene1,50,old
3732,16.049696683883667,1.4384890230911953,obse,cracker_scene1,50,old
3733,16.054150819778442,1.4388224345321508,obse,cracker_scene1,50,old
3734,16.05822443962097,1.4388224345321508,obse,cracker_scene1,50,old
3735,16.062579870224,1.4390394862422147,obse,cracker_scene1,50,old
3736,16.066739559173584,1.4390394862422147,obse,cracker_scene1,50,old
3737,16.071208000183105,1.4385845715677537,obse,cracker_scene1,50,old
3738,16.075467109680176,1.4385845715677537,obse,cracker_scene1,50,old
3739,16.079946994781494,1.43904911700856,obse,cracker_scene1,50,old
3740,16.084006309509277,1.43904911700856,obse,cracker_scene1,50,old
3741,16.088392734527588,1.4393688306023495,obse,cracker_scene1,50,old
3742,16.092453479766846,1.4393688306023495,obse,cracker_scene1,50,old
3743,16.096945762634277,1.4396615396584762,obse,cracker_scene1,50,old
3744,16.100992679595947,1.4396615396584762,obse,cracker_scene1,50,old
3745,16.10556197166443,1.4411110313048656,obse,cracker_scene1,50,old
3746,16.10971474647522,1.4411931834962015,obse,cracker_scene1,50,old
3747,16.114158630371094,1.4417687959110959,obse,cracker_scene1,50,old
3748,16.118364572525024,1.4423077904499078,obse,cracker_scene1,50,old
3749,16.122801303863525,1.4423077904499078,obse,cracker_scene1,50,old
3750,16.12693738937378,1.443001537875145,obse,cracker_scene1,50,old
3751,16.13135266304016,1.443001537875145,obse,cracker_scene1,50,old
3752,16.135565757751465,1.4432023976262442,obse,cracker_scene1,50,old
3753,16.13997173309326,1.4432023976262442,obse,cracker_scene1,50,old
3754,16.144242763519287,1.4437871837652105,obse,cracker_scene1,50,old
3755,16.148536682128906,1.4437871837652105,obse,cracker_scene1,50,old
3756,16.1528422832489,1.4442793373996965,obse,cracker_scene1,50,old
3757,16.157070636749268,1.4442793373996965,obse,cracker_scene1,50,old
3758,16.16136860847473,1.4442040921447488,obse,cracker_scene1,50,old
3759,16.165716409683228,1.4442040921447488,obse,cracker_scene1,50,old
3760,16.17007803916931,1.4447107153705971,obse,cracker_scene1,50,old
3761,16.174373388290405,1.4447107153705971,obse,cracker_scene1,50,old
3762,16.17870593070984,1.444005900801935,obse,cracker_scene1,50,old
3763,16.182928800582886,1.444005900801935,obse,cracker_scene1,50,old
3764,16.18728804588318,1.4449002432899407,obse,cracker_scene1,50,old
3765,16.19150447845459,1.4449002432899407,obse,cracker_scene1,50,old
3766,16.196286916732788,1.4452084516966668,obse,cracker_scene1,50,old
3767,16.200435400009155,1.4452084516966668,obse,cracker_scene1,50,old
3768,16.204831838607788,1.4452198139845658,obse,cracker_scene1,50,old
3769,16.209071159362793,1.4452198139845658,obse,cracker_scene1,50,old
3770,16.213516235351562,1.4461339074796795,obse,cracker_scene1,50,old
3771,16.217641830444336,1.4461339074796795,obse,cracker_scene1,50,old
3772,16.221929788589478,1.4451681613971559,obse,cracker_scene1,50,old
3773,16.226062297821045,1.4451681613971559,obse,cracker_scene1,50,old
3774,16.23040747642517,1.4453388201112567,obse,cracker_scene1,50,old
3775,16.235066652297974,1.4467256007585059,obse,cracker_scene1,50,old
3776,16.239481687545776,1.4467256007585059,obse,cracker_scene1,50,old
3777,16.243831634521484,1.446705199939542,obse,cracker_scene1,50,old
3778,16.248100757598877,1.4469645561316415,obse,cracker_scene1,50,old
3779,16.252483129501343,1.446975704559823,obse,cracker_scene1,50,old
3780,16.258803606033325,1.446975704559823,obse,cracker_scene1,50,old
3781,16.263629913330078,1.4464008568369566,obse,cracker_scene1,50,old
3782,16.26791477203369,1.4474495016477915,obse,cracker_scene1,50,old
3783,16.272522449493408,1.4478161400865863,obse,cracker_scene1,50,old
3784,16.276830673217773,1.4478161400865863,obse,cracker_scene1,50,old
3785,16.281346082687378,1.4480337867248778,obse,cracker_scene1,50,old
3786,16.28580617904663,1.447453322505944,obse,cracker_scene1,50,old
3787,16.29015803337097,1.447453322505944,obse,cracker_scene1,50,old
3788,16.294853448867798,1.4482987586241416,obse,cracker_scene1,50,old
3789,16.299816131591797,1.4482987586241416,obse,cracker_scene1,50,old
3790,16.30488157272339,1.4485749370224035,obse,cracker_scene1,50,old
3791,16.309082984924316,1.4485749370224035,obse,cracker_scene1,50,old
3792,16.31400966644287,1.4498512698453387,obse,cracker_scene1,50,old
3793,16.318387269973755,1.449016017664885,obse,cracker_scene1,50,old
3794,16.3231143951416,1.4496259894315635,obse,cracker_scene1,50,old
3795,16.327561378479004,1.4500350397180952,obse,cracker_scene1,50,old
3796,16.33192205429077,1.4500350397180952,obse,cracker_scene1,50,old
3797,16.33648133277893,1.4513885544558187,obse,cracker_scene1,50,old
3798,16.34095287322998,1.4513885544558187,obse,cracker_scene1,50,old
3799,16.34557318687439,1.450775958108899,obse,cracker_scene1,50,old
3800,16.349752187728882,1.450775958108899,obse,cracker_scene1,50,old
3801,16.354480743408203,1.4518887127456468,obse,cracker_scene1,50,old
3802,16.359060764312744,1.4518887127456468,obse,cracker_scene1,50,old
3803,16.36363959312439,1.4524153306339924,obse,cracker_scene1,50,old
3804,16.367907762527466,1.4524153306339924,obse,cracker_scene1,50,old
3805,16.37274146080017,1.452534018191101,obse,cracker_scene1,50,old
3806,16.37709069252014,1.452698978180523,obse,cracker_scene1,50,old
3807,16.38145875930786,1.452698978180523,obse,cracker_scene1,50,old
3808,16.385977506637573,1.452107501729765,obse,cracker_scene1,50,old
3809,16.39024567604065,1.452107501729765,obse,cracker_scene1,50,old
3810,16.394590139389038,1.4520405693396095,obse,cracker_scene1,50,old
3811,16.3988676071167,1.4520405693396095,obse,cracker_scene1,50,old
3812,16.403202772140503,1.4520405693396095,obse,cracker_scene1,50,old
3813,16.40776753425598,1.4520405693396095,obse,cracker_scene1,50,old
3814,16.41210627555847,1.4533547461575491,obse,cracker_scene1,50,old
3815,16.41662883758545,1.4537666303871388,obse,cracker_scene1,50,old
3816,16.42090082168579,1.4537666303871388,obse,cracker_scene1,50,old
3817,16.425467491149902,1.4541241443223134,obse,cracker_scene1,50,old
3818,16.429693698883057,1.4541241443223134,obse,cracker_scene1,50,old
3819,16.4340980052948,1.4541241443223134,obse,cracker_scene1,50,old
3820,16.43879532814026,1.4545430623105577,obse,cracker_scene1,50,old
3821,16.443272590637207,1.4545430623105577,obse,cracker_scene1,50,old
3822,16.44772958755493,1.4547970931725862,obse,cracker_scene1,50,old
3823,16.45215392112732,1.4547970931725862,obse,cracker_scene1,50,old
3824,16.45645046234131,1.4547970931725862,obse,cracker_scene1,50,old
3825,16.460978269577026,1.4550087613514888,obse,cracker_scene1,50,old
3826,16.46524429321289,1.4541462115769628,obse,cracker_scene1,50,old
3827,16.46994709968567,1.4542523198187256,obse,cracker_scene1,50,old
3828,16.47468852996826,1.4542523198187256,obse,cracker_scene1,50,old
3829,16.479192972183228,1.4552069579065545,obse,cracker_scene1,50,old
3830,16.48334240913391,1.4552069579065545,obse,cracker_scene1,50,old
3831,16.487865924835205,1.4555923597083202,obse,cracker_scene1,50,old
3832,16.492008686065674,1.4555923597083202,obse,cracker_scene1,50,old
3833,16.496224880218506,1.4559636806505258,obse,cracker_scene1,50,old
3834,16.50060772895813,1.4559636806505258,obse,cracker_scene1,50,old
3835,16.504939317703247,1.4559182253442113,obse,cracker_scene1,50,old
3836,16.50952911376953,1.4562063879290745,obse,cracker_scene1,50,old
3837,16.514134645462036,1.455608300458982,obse,cracker_scene1,50,old
3838,16.51834988594055,1.455608300458982,obse,cracker_scene1,50,old
3839,16.522664070129395,1.455608300458982,obse,cracker_scene1,50,old
3840,16.527015686035156,1.4560493839789075,obse,cracker_scene1,50,old
3841,16.531097412109375,1.4560493839789075,obse,cracker_scene1,50,old
3842,16.53577160835266,1.4574325372539025,obse,cracker_scene1,50,old
3843,16.540005683898926,1.4574325372539025,obse,cracker_scene1,50,old
3844,16.544395208358765,1.4563101216962693,obse,cracker_scene1,50,old
3845,16.54865002632141,1.4568590499604062,obse,cracker_scene1,50,old
3846,16.552987337112427,1.4568590499604062,obse,cracker_scene1,50,old
3847,16.55752921104431,1.4582953935946454,obse,cracker_scene1,50,old
3848,16.562007904052734,1.4583583273570193,obse,cracker_scene1,50,old
3849,16.566516160964966,1.457093790964242,obse,cracker_scene1,50,old
3850,16.571256399154663,1.4584327696929966,obse,cracker_scene1,50,old
3851,16.575640439987183,1.4585424552704236,obse,cracker_scene1,50,old
3852,16.580483436584473,1.4578114400589985,obse,cracker_scene1,50,old
3853,16.584841012954712,1.4578516236401535,obse,cracker_scene1,50,old
3854,16.589269876480103,1.4580972315707932,obse,cracker_scene1,50,old
3855,16.593613624572754,1.4586558915416354,obse,cracker_scene1,50,old
3856,16.598031997680664,1.4586558915416354,obse,cracker_scene1,50,old
3857,16.602181434631348,1.459518646936706,obse,cracker_scene1,50,old
3858,16.606834650039673,1.4598277325314042,obse,cracker_scene1,50,old
3859,16.611129760742188,1.4602840410836366,obse,cracker_scene1,50,old
3860,16.615500926971436,1.4602840410836366,obse,cracker_scene1,50,old
3861,16.61989688873291,1.460532626382789,obse,cracker_scene1,50,old
3862,16.624133825302124,1.460532626382789,obse,cracker_scene1,50,old
3863,16.628653526306152,1.4608220896839006,obse,cracker_scene1,50,old
3864,16.632816314697266,1.460820454812226,obse,cracker_scene1,50,old
3865,16.637535572052002,1.4611693589999248,obse,cracker_scene1,50,old
3866,16.641798734664917,1.4611693589999248,obse,cracker_scene1,50,old
3867,16.646450757980347,1.4600751438573178,obse,cracker_scene1,50,old
3868,16.65053081512451,1.4600751438573178,obse,cracker_scene1,50,old
3869,16.655040979385376,1.4612091720056544,obse,cracker_scene1,50,old
3870,16.659271240234375,1.4612091720056544,obse,cracker_scene1,50,old
3871,16.663742780685425,1.4614597625210557,obse,cracker_scene1,50,old
3872,16.667937994003296,1.4615023185002372,obse,cracker_scene1,50,old
3873,16.672587394714355,1.4618229333654034,obse,cracker_scene1,50,old
3874,16.676981210708618,1.4619268019727576,obse,cracker_scene1,50,old
3875,16.681689500808716,1.4619268019727576,obse,cracker_scene1,50,old
3876,16.68592619895935,1.4612912756882803,obse,cracker_scene1,50,old
3877,16.69020676612854,1.4612912756882803,obse,cracker_scene1,50,old
3878,16.694467544555664,1.4625370932932746,obse,cracker_scene1,50,old
3879,16.698819398880005,1.4625370932932746,obse,cracker_scene1,50,old
3880,16.70318293571472,1.4618739285195161,obse,cracker_scene1,50,old
3881,16.70745038986206,1.4618739285195161,obse,cracker_scene1,50,old
3882,16.711931467056274,1.463374094467624,obse,cracker_scene1,50,old
3883,16.71614670753479,1.463374094467624,obse,cracker_scene1,50,old
3884,16.72065234184265,1.4637569459997763,obse,cracker_scene1,50,old
3885,16.724869966506958,1.4637569459997763,obse,cracker_scene1,50,old
3886,16.729289054870605,1.4632588441022518,obse,cracker_scene1,50,old
3887,16.73357653617859,1.4632588441022518,obse,cracker_scene1,50,old
3888,16.738423585891724,1.463456772988878,obse,cracker_scene1,50,old
3889,16.742651224136353,1.463456772988878,obse,cracker_scene1,50,old
3890,16.74730157852173,1.4638090488060902,obse,cracker_scene1,50,old
3891,16.75151038169861,1.4638090488060902,obse,cracker_scene1,50,old
3892,16.75599479675293,1.465318559508181,obse,cracker_scene1,50,old
3893,16.760179042816162,1.465318559508181,obse,cracker_scene1,50,old
3894,16.764626502990723,1.4645005195498957,obse,cracker_scene1,50,old
3895,16.768865823745728,1.4645221164503432,obse,cracker_scene1,50,old
3896,16.77345561981201,1.4647500725129259,obse,cracker_scene1,50,old
3897,16.77799129486084,1.4661091947866112,obse,cracker_scene1,50,old
3898,16.78226613998413,1.4661091947866112,obse,cracker_scene1,50,old
3899,16.78680396080017,1.4663166010201003,obse,cracker_scene1,50,old
3900,16.791020393371582,1.4663166010201003,obse,cracker_scene1,50,old
3901,16.795411825180054,1.4667875321030541,obse,cracker_scene1,50,old
3902,16.799689531326294,1.4667875321030541,obse,cracker_scene1,50,old
3903,16.80390501022339,1.4667875321030541,obse,cracker_scene1,50,old
3904,16.80836844444275,1.4662885697886718,obse,cracker_scene1,50,old
3905,16.81276035308838,1.4662885697886718,obse,cracker_scene1,50,old
3906,16.81708312034607,1.4673860343261058,obse,cracker_scene1,50,old
3907,16.821427583694458,1.4673860343261058,obse,cracker_scene1,50,old
3908,16.825971603393555,1.4667859667389305,obse,cracker_scene1,50,old
3909,16.830320119857788,1.4667859667389305,obse,cracker_scene1,50,old
3910,16.83469319343567,1.4678729410388316,obse,cracker_scene1,50,old
3911,16.83924150466919,1.4678729410388316,obse,cracker_scene1,50,old
3912,16.843676328659058,1.4671316209401422,obse,cracker_scene1,50,old
3913,16.84799861907959,1.4671316209401422,obse,cracker_scene1,50,old
3914,16.85238289833069,1.4683960105001432,obse,cracker_scene1,50,old
3915,16.856608867645264,1.4683960105001432,obse,cracker_scene1,50,old
3916,16.860877990722656,1.4685511079394198,obse,cracker_scene1,50,old
3917,16.86494779586792,1.4685511079394198,obse,cracker_scene1,50,old
3918,16.869566202163696,1.4675094864982823,obse,cracker_scene1,50,old
3919,16.873974323272705,1.4675094864982823,obse,cracker_scene1,50,old
3920,16.878366708755493,1.4678385563669893,obse,cracker_scene1,50,old
3921,16.88268733024597,1.4678385563669893,obse,cracker_scene1,50,old
3922,16.886751413345337,1.4678385563669893,obse,cracker_scene1,50,old
3923,16.89125156402588,1.4690459506584492,obse,cracker_scene1,50,old
3924,16.895344495773315,1.4690459506584492,obse,cracker_scene1,50,old
3925,16.899885416030884,1.4684266697801558,obse,cracker_scene1,50,old
3926,16.904127597808838,1.4684266697801558,obse,cracker_scene1,50,old
3927,16.908634901046753,1.4688516823427413,obse,cracker_scene1,50,old
3928,16.91271209716797,1.4688516823427413,obse,cracker_scene1,50,old
3929,16.916921854019165,1.4696260476671537,obse,cracker_scene1,50,old
3930,16.921138048171997,1.4699119975164914,obse,cracker_scene1,50,old
3931,16.925304651260376,1.4689737527963604,obse,cracker_scene1,50,old
3932,16.929851531982422,1.4691859958068747,obse,cracker_scene1,50,old
3933,16.93392515182495,1.4693737483068752,obse,cracker_scene1,50,old
3934,16.938573360443115,1.468899235475825,obse,cracker_scene1,50,old
3935,16.942852020263672,1.4702828505320973,obse,cracker_scene1,50,old
3936,16.947205066680908,1.4702828505320973,obse,cracker_scene1,50,old
3937,16.951409578323364,1.4702828505320973,obse,cracker_scene1,50,old
3938,16.95603609085083,1.4693905822502753,obse,cracker_scene1,50,old
3939,16.960575580596924,1.4696959998118242,obse,cracker_scene1,50,old
3940,16.96523427963257,1.47011479220399,obse,cracker_scene1,50,old
3941,16.969895839691162,1.471490089953262,obse,cracker_scene1,50,old
3942,16.97449541091919,1.4711393034583287,obse,cracker_scene1,50,old
3943,16.979005098342896,1.4727985118070652,obse,cracker_scene1,50,old
3944,16.983495950698853,1.4727985118070652,obse,cracker_scene1,50,old
3945,16.988040447235107,1.4719835665276095,obse,cracker_scene1,50,old
3946,16.992035627365112,1.4719835665276095,obse,cracker_scene1,50,old
3947,16.996574640274048,1.4725204542181887,obse,cracker_scene1,50,old
3948,17.00059676170349,1.4725204542181887,obse,cracker_scene1,50,old
3949,17.00509786605835,1.4737009187297323,obse,cracker_scene1,50,old
3950,17.0092031955719,1.4737009187297323,obse,cracker_scene1,50,old
3951,17.013664960861206,1.473182430256199,obse,cracker_scene1,50,old
3952,17.01809787750244,1.473182430256199,obse,cracker_scene1,50,old
3953,17.022565841674805,1.4734507837007387,obse,cracker_scene1,50,old
3954,17.026789903640747,1.4751246579643462,obse,cracker_scene1,50,old
3955,17.031110525131226,1.4751246579643462,obse,cracker_scene1,50,old
3956,17.03530216217041,1.4743803446119745,obse,cracker_scene1,50,old
3957,17.03971838951111,1.4743803446119745,obse,cracker_scene1,50,old
3958,17.044012308120728,1.474432933288191,obse,cracker_scene1,50,old
3959,17.048352003097534,1.474432933288191,obse,cracker_scene1,50,old
3960,17.052698373794556,1.4747042546215132,obse,cracker_scene1,50,old
3961,17.057105541229248,1.4747042546215132,obse,cracker_scene1,50,old
3962,17.0617413520813,1.4748921152947885,obse,cracker_scene1,50,old
3963,17.065865993499756,1.4748921152947885,obse,cracker_scene1,50,old
3964,17.070356369018555,1.4760872780636616,obse,cracker_scene1,50,old
3965,17.074559450149536,1.4760872780636616,obse,cracker_scene1,50,old
3966,17.079010248184204,1.4761715416135415,obse,cracker_scene1,50,old
3967,17.083152294158936,1.4761715416135415,obse,cracker_scene1,50,old
3968,17.08755087852478,1.4752055621005296,obse,cracker_scene1,50,old
3969,17.091790676116943,1.4752055621005296,obse,cracker_scene1,50,old
3970,17.096251487731934,1.4764637005150094,obse,cracker_scene1,50,old
3971,17.100354433059692,1.4764637005150094,obse,cracker_scene1,50,old
3972,17.104885816574097,1.4767975096585815,obse,cracker_scene1,50,old
3973,17.10920286178589,1.4767975096585815,obse,cracker_scene1,50,old
3974,17.113542318344116,1.4764201506334862,obse,cracker_scene1,50,old
3975,17.117851734161377,1.4764201506334862,obse,cracker_scene1,50,old
3976,17.122308254241943,1.4774074849763732,obse,cracker_scene1,50,old
3977,17.126432180404663,1.4774074849763732,obse,cracker_scene1,50,old
3978,17.1308913230896,1.4778734041262762,obse,cracker_scene1,50,old
3979,17.135095834732056,1.4781091602797458,obse,cracker_scene1,50,old
3980,17.139665603637695,1.4781091602797458,obse,cracker_scene1,50,old
3981,17.144128799438477,1.4772896171430885,obse,cracker_scene1,50,old
3982,17.148447036743164,1.4772896171430885,obse,cracker_scene1,50,old
3983,17.152676105499268,1.4780920744068018,obse,cracker_scene1,50,old
3984,17.15695071220398,1.4780920744068018,obse,cracker_scene1,50,old
3985,17.16116952896118,1.4791206594747335,obse,cracker_scene1,50,old
3986,17.165394067764282,1.4791206594747335,obse,cracker_scene1,50,old
3987,17.169689416885376,1.4792236320122454,obse,cracker_scene1,50,old
3988,17.17400050163269,1.4792236320122454,obse,cracker_scene1,50,old
3989,17.17831301689148,1.4796174891892457,obse,cracker_scene1,50,old
3990,17.182560443878174,1.4796174891892457,obse,cracker_scene1,50,old
3991,17.186877489089966,1.4798201046616857,obse,cracker_scene1,50,old
3992,17.191155195236206,1.4798201046616857,obse,cracker_scene1,50,old
3993,17.19546341896057,1.4801115381668346,obse,cracker_scene1,50,old
3994,17.199668407440186,1.4801115381668346,obse,cracker_scene1,50,old
3995,17.204058170318604,1.4800655145060766,obse,cracker_scene1,50,old
3996,17.208358764648438,1.4800655145060766,obse,cracker_scene1,50,old
3997,17.212820291519165,1.4792011710768254,obse,cracker_scene1,50,old
3998,17.21686363220215,1.4792011710768254,obse,cracker_scene1,50,old
3999,17.221325635910034,1.4803379911907895,obse,cracker_scene1,50,old
4000,17.225500345230103,1.4803379911907895,obse,cracker_scene1,50,old
4001,17.230019092559814,1.4807163088172857,obse,cracker_scene1,50,old
4002,17.23447060585022,1.4796014173245409,obse,cracker_scene1,50,old
4003,17.239041328430176,1.4796342656004384,obse,cracker_scene1,50,old
4004,17.243406534194946,1.4808402100327847,obse,cracker_scene1,50,old
4005,17.24780511856079,1.4808402100327847,obse,cracker_scene1,50,old
4006,17.251944065093994,1.479857493689778,obse,cracker_scene1,50,old
4007,17.25634241104126,1.479857493689778,obse,cracker_scene1,50,old
4008,17.260647773742676,1.4812492352745004,obse,cracker_scene1,50,old
4009,17.264804363250732,1.4812492352745004,obse,cracker_scene1,50,old
4010,17.269129276275635,1.4815887377361534,obse,cracker_scene1,50,old
4011,17.273517370224,1.4815887377361534,obse,cracker_scene1,50,old
4012,17.2779438495636,1.4818771683434973,obse,cracker_scene1,50,old
4013,17.2821843624115,1.4818771683434973,obse,cracker_scene1,50,old
4014,17.286452293395996,1.4821837353229421,obse,cracker_scene1,50,old
4015,17.290933847427368,1.4821837353229421,obse,cracker_scene1,50,old
4016,17.2952778339386,1.4824744056754122,obse,cracker_scene1,50,old
4017,17.29957938194275,1.4824744056754122,obse,cracker_scene1,50,old
4018,17.303966760635376,1.4829433759909403,obse,cracker_scene1,50,old
4019,17.3084933757782,1.4829433759909403,obse,cracker_scene1,50,old
4020,17.313090801239014,1.4830788884558155,obse,cracker_scene1,50,old
4021,17.31715154647827,1.4830788884558155,obse,cracker_scene1,50,old
4022,17.321856260299683,1.4836697593390147,obse,cracker_scene1,50,old
4023,17.326037168502808,1.4836697593390147,obse,cracker_scene1,50,old
4024,17.330582857131958,1.4828860344474686,obse,cracker_scene1,50,old
4025,17.334853887557983,1.4832450895634883,obse,cracker_scene1,50,old
4026,17.339345455169678,1.4832450895634883,obse,cracker_scene1,50,old
4027,17.343579292297363,1.4836297274906318,obse,cracker_scene1,50,old
4028,17.348124027252197,1.4832965037294432,obse,cracker_scene1,50,old
4029,17.35245680809021,1.484799767843299,obse,cracker_scene1,50,old
4030,17.356778144836426,1.484799767843299,obse,cracker_scene1,50,old
4031,17.361082553863525,1.485089335762689,obse,cracker_scene1,50,old
4032,17.365360260009766,1.485089335762689,obse,cracker_scene1,50,old
4033,17.369778394699097,1.4847524515956074,obse,cracker_scene1,50,old
4034,17.374181509017944,1.4847524515956074,obse,cracker_scene1,50,old
4035,17.378598928451538,1.484885235539954,obse,cracker_scene1,50,old
4036,17.382826805114746,1.484885235539954,obse,cracker_scene1,50,old
4037,17.387354135513306,1.48523335223289,obse,cracker_scene1,50,old
4038,17.39155411720276,1.48523335223289,obse,cracker_scene1,50,old
4039,17.39603567123413,1.4862578362361747,obse,cracker_scene1,50,old
4040,17.400212287902832,1.4862578362361747,obse,cracker_scene1,50,old
4041,17.404871940612793,1.4865103720768156,obse,cracker_scene1,50,old
4042,17.409095525741577,1.4865103720768156,obse,cracker_scene1,50,old
4043,17.413616180419922,1.4866683694475347,obse,cracker_scene1,50,old
4044,17.41776728630066,1.4866683694475347,obse,cracker_scene1,50,old
4045,17.422442197799683,1.4856993103133087,obse,cracker_scene1,50,old
4046,17.426753520965576,1.486361169014427,obse,cracker_scene1,50,old
4047,17.431264877319336,1.486361169014427,obse,cracker_scene1,50,old
4048,17.435504913330078,1.4862076693229467,obse,cracker_scene1,50,old
4049,17.440000295639038,1.4862076693229467,obse,cracker_scene1,50,old
4050,17.444443464279175,1.4866713413888943,obse,cracker_scene1,50,old
4051,17.4487783908844,1.4866713413888943,obse,cracker_scene1,50,old
4052,17.45323085784912,1.4879681996442589,obse,cracker_scene1,50,old
4053,17.45748281478882,1.4879681996442589,obse,cracker_scene1,50,old
4054,17.461910009384155,1.4881428415711415,obse,cracker_scene1,50,old
4055,17.46616244316101,1.4881428415711415,obse,cracker_scene1,50,old
4056,17.471344232559204,1.4888446599750855,obse,cracker_scene1,50,old
4057,17.47588849067688,1.4888446599750855,obse,cracker_scene1,50,old
4058,17.4806489944458,1.488388627563757,obse,cracker_scene1,50,old
4059,17.48494029045105,1.4888516858891911,obse,cracker_scene1,50,old
4060,17.48942518234253,1.4888516858891911,obse,cracker_scene1,50,old
4061,17.49376392364502,1.4888226691908928,obse,cracker_scene1,50,old
4062,17.498430967330933,1.4891093140158054,obse,cracker_scene1,50,old
4063,17.503138065338135,1.4899148444051162,obse,cracker_scene1,50,old
4064,17.5074303150177,1.4899148444051162,obse,cracker_scene1,50,old
4065,17.512006998062134,1.4903676607462453,obse,cracker_scene1,50,old
4066,17.516198873519897,1.4903676607462453,obse,cracker_scene1,50,old
4067,17.520690202713013,1.4906703484624373,obse,cracker_scene1,50,old
4068,17.52500629425049,1.4906703484624373,obse,cracker_scene1,50,old
4069,17.52935791015625,1.4900931820497139,obse,cracker_scene1,50,old
4070,17.533555030822754,1.4900931820497139,obse,cracker_scene1,50,old
4071,17.538081645965576,1.4903168728305731,obse,cracker_scene1,50,old
4072,17.54233145713806,1.4903168728305731,obse,cracker_scene1,50,old
4073,17.54681372642517,1.4901596747386598,obse,cracker_scene1,50,old
4074,17.55100178718567,1.4901596747386598,obse,cracker_scene1,50,old
4075,17.55552077293396,1.491396943733581,obse,cracker_scene1,50,old
4076,17.55970001220703,1.491396943733581,obse,cracker_scene1,50,old
4077,17.564215421676636,1.4917040787064373,obse,cracker_scene1,50,old
4078,17.568516969680786,1.4917425241333993,obse,cracker_scene1,50,old
4079,17.573050260543823,1.4921430941216602,obse,cracker_scene1,50,old
4080,17.57727813720703,1.4911874771215832,obse,cracker_scene1,50,old
4081,17.581709146499634,1.4911874771215832,obse,cracker_scene1,50,old
4082,17.58605980873108,1.4921072371527746,obse,cracker_scene1,50,old
4083,17.590329885482788,1.4921072371527746,obse,cracker_scene1,50,old
4084,17.59478759765625,1.4923810235968942,obse,cracker_scene1,50,old
4085,17.59883165359497,1.4923810235968942,obse,cracker_scene1,50,old
4086,17.603461742401123,1.4923810235968942,obse,cracker_scene1,50,old
4087,17.607945680618286,1.492842657305621,obse,cracker_scene1,50,old
4088,17.612231731414795,1.492842657305621,obse,cracker_scene1,50,old
4089,17.616432428359985,1.4941571320364275,obse,cracker_scene1,50,old
4090,17.62054181098938,1.4941571320364275,obse,cracker_scene1,50,old
4091,17.624667644500732,1.493099844266796,obse,cracker_scene1,50,old
4092,17.629209280014038,1.4933480055846946,obse,cracker_scene1,50,old
4093,17.633489847183228,1.4933480055846946,obse,cracker_scene1,50,old
4094,17.63817858695984,1.494730871026344,obse,cracker_scene1,50,old
4095,17.64243745803833,1.494730871026344,obse,cracker_scene1,50,old
4096,17.647512197494507,1.4939555213228806,obse,cracker_scene1,50,old
4097,17.651829957962036,1.49443418539804,obse,cracker_scene1,50,old
4098,17.656323671340942,1.49443418539804,obse,cracker_scene1,50,old
4099,17.66101837158203,1.4944266942205742,obse,cracker_scene1,50,old
4100,17.665485858917236,1.4953799415707723,obse,cracker_scene1,50,old
4101,17.669910192489624,1.4953799415707723,obse,cracker_scene1,50,old
4102,17.674357414245605,1.4965469362005965,obse,cracker_scene1,50,old
4103,17.678772687911987,1.4965469362005965,obse,cracker_scene1,50,old
4104,17.683056116104126,1.4965432831767869,obse,cracker_scene1,50,old
4105,17.687556505203247,1.496240146751287,obse,cracker_scene1,50,old
4106,17.69198250770569,1.496240146751287,obse,cracker_scene1,50,old
4107,17.696561336517334,1.4971071661257955,obse,cracker_scene1,50,old
4108,17.701035976409912,1.4971071661257955,obse,cracker_scene1,50,old
4109,17.705459594726562,1.4974621484830086,obse,cracker_scene1,50,old
4110,17.709903240203857,1.4974621484830086,obse,cracker_scene1,50,old
4111,17.714507579803467,1.4974692296387628,obse,cracker_scene1,50,old
4112,17.718708753585815,1.4974692296387628,obse,cracker_scene1,50,old
4113,17.72341799736023,1.4979980176215966,obse,cracker_scene1,50,old
4114,17.7275972366333,1.4979980176215966,obse,cracker_scene1,50,old
4115,17.732826948165894,1.4980381327696515,obse,cracker_scene1,50,old
4116,17.73738694190979,1.4980381327696515,obse,cracker_scene1,50,old
4117,17.742161989212036,1.4980381327696515,obse,cracker_scene1,50,old
4118,17.746660232543945,1.4976587835401052,obse,cracker_scene1,50,old
4119,17.750999689102173,1.4976587835401052,obse,cracker_scene1,50,old
4120,17.755801916122437,1.4989009709282248,obse,cracker_scene1,50,old
4121,17.760122776031494,1.4980885544046796,obse,cracker_scene1,50,old
4122,17.765546798706055,1.4998728567089596,obse,cracker_scene1,50,old
4123,17.77039098739624,1.500057870640573,obse,cracker_scene1,50,old
4124,17.774769067764282,1.500057870640573,obse,cracker_scene1,50,old
4125,17.779350996017456,1.4991960951897916,obse,cracker_scene1,50,old
4126,17.78371000289917,1.4991960951897916,obse,cracker_scene1,50,old
4127,17.788346529006958,1.500560210035311,obse,cracker_scene1,50,old
4128,17.792602062225342,1.500556803168486,obse,cracker_scene1,50,old
4129,17.79743719100952,1.5008709801698261,obse,cracker_scene1,50,old
4130,17.801779985427856,1.499825264051271,obse,cracker_scene1,50,old
4131,17.806384325027466,1.5001865923153002,obse,cracker_scene1,50,old
4132,17.810738563537598,1.5004078654502306,obse,cracker_scene1,50,old
4133,17.81505274772644,1.5004078654502306,obse,cracker_scene1,50,old
4134,17.819349765777588,1.502136936082918,obse,cracker_scene1,50,old
4135,17.823800325393677,1.502136936082918,obse,cracker_scene1,50,old
4136,17.828197479248047,1.5024138181698357,obse,cracker_scene1,50,old
4137,17.83253312110901,1.5024138181698357,obse,cracker_scene1,50,old
4138,17.837162256240845,1.5029302974409031,obse,cracker_scene1,50,old
4139,17.841455698013306,1.5029302974409031,obse,cracker_scene1,50,old
4140,17.846013069152832,1.50241296889351,obse,cracker_scene1,50,old
4141,17.850090265274048,1.50241296889351,obse,cracker_scene1,50,old
4142,17.854934453964233,1.5025308418387233,obse,cracker_scene1,50,old
4143,17.859086275100708,1.5025308418387233,obse,cracker_scene1,50,old
4144,17.863725185394287,1.5037196620968816,obse,cracker_scene1,50,old
4145,17.868053913116455,1.5037029555762205,obse,cracker_scene1,50,old
4146,17.872779369354248,1.5040610633362226,obse,cracker_scene1,50,old
4147,17.877170085906982,1.5043498240506308,obse,cracker_scene1,50,old
4148,17.881651639938354,1.5043498240506308,obse,cracker_scene1,50,old
4149,17.886035203933716,1.5047359521926627,obse,cracker_scene1,50,old
4150,17.890466928482056,1.5047359521926627,obse,cracker_scene1,50,old
4151,17.89507031440735,1.5034404871571834,obse,cracker_scene1,50,old
4152,17.8994779586792,1.5034404871571834,obse,cracker_scene1,50,old
4153,17.904213190078735,1.5038149856936762,obse,cracker_scene1,50,old
4154,17.908529043197632,1.5038149856936762,obse,cracker_scene1,50,old
4155,17.913265466690063,1.5041532958331691,obse,cracker_scene1,50,old
4156,17.917442798614502,1.5041532958331691,obse,cracker_scene1,50,old
4157,17.921956539154053,1.5057119785585673,obse,cracker_scene1,50,old
4158,17.92628765106201,1.5057119785585673,obse,cracker_scene1,50,old
4159,17.930872201919556,1.506098238441134,obse,cracker_scene1,50,old
4160,17.935346364974976,1.5063928555447772,obse,cracker_scene1,50,old
4161,17.93992853164673,1.5063928555447772,obse,cracker_scene1,50,old
4162,17.944480895996094,1.5057992966704843,obse,cracker_scene1,50,old
4163,17.94892168045044,1.5057992966704843,obse,cracker_scene1,50,old
4164,17.95360541343689,1.5071535911361726,obse,cracker_scene1,50,old
4165,17.957887649536133,1.5071535911361726,obse,cracker_scene1,50,old
4166,17.962881803512573,1.5078659056674635,obse,cracker_scene1,50,old
4167,17.96723699569702,1.5078659056674635,obse,cracker_scene1,50,old
4168,17.971948862075806,1.508058503458554,obse,cracker_scene1,50,old
4169,17.976191759109497,1.5070101076911726,obse,cracker_scene1,50,old
4170,17.9807231426239,1.5075602147129263,obse,cracker_scene1,50,old
4171,17.985073566436768,1.5090055359326975,obse,cracker_scene1,50,old
4172,17.989527225494385,1.5090055359326975,obse,cracker_scene1,50,old
4173,17.994094133377075,1.508337766014935,obse,cracker_scene1,50,old
4174,17.99845790863037,1.508337766014935,obse,cracker_scene1,50,old
4175,18.002744913101196,1.508337766014935,obse,cracker_scene1,50,old
4176,18.007318019866943,1.50799329419005,obse,cracker_scene1,50,old
4177,18.01155996322632,1.50799329419005,obse,cracker_scene1,50,old
4178,18.016401767730713,1.5081895664582143,obse,cracker_scene1,50,old
4179,18.02069115638733,1.5081895664582143,obse,cracker_scene1,50,old
4180,18.025291919708252,1.5086479590297426,obse,cracker_scene1,50,old
4181,18.02965760231018,1.5086479590297426,obse,cracker_scene1,50,old
4182,18.034088373184204,1.510684565885212,obse,cracker_scene1,50,old
4183,18.03892493247986,1.5095181714971364,obse,cracker_scene1,50,old
4184,18.043282508850098,1.5095181714971364,obse,cracker_scene1,50,old
4185,18.04778528213501,1.5095181714971364,obse,cracker_scene1,50,old
4186,18.052163124084473,1.5098104554497729,obse,cracker_scene1,50,old
4187,18.056569814682007,1.5098104554497729,obse,cracker_scene1,50,old
4188,18.06097722053528,1.510119105618764,obse,cracker_scene1,50,old
4189,18.065358638763428,1.510119105618764,obse,cracker_scene1,50,old
4190,18.0699679851532,1.5124028421672575,obse,cracker_scene1,50,old
4191,18.07447123527527,1.5124028421672575,obse,cracker_scene1,50,old
4192,18.078620195388794,1.5124028421672575,obse,cracker_scene1,50,old
4193,18.083028316497803,1.512243587444444,obse,cracker_scene1,50,old
4194,18.087170839309692,1.512243587444444,obse,cracker_scene1,50,old
4195,18.091562032699585,1.512243587444444,obse,cracker_scene1,50,old
4196,18.096006155014038,1.5115800122890803,obse,cracker_scene1,50,old
4197,18.100224256515503,1.5115800122890803,obse,cracker_scene1,50,old
4198,18.105493545532227,1.5120071818397216,obse,cracker_scene1,50,old
4199,18.110079526901245,1.5132570740129276,obse,cracker_scene1,50,old
4200,18.11479425430298,1.5132570740129276,obse,cracker_scene1,50,old
4201,18.11911368370056,1.5132570740129276,obse,cracker_scene1,50,old
4202,18.12335968017578,1.5132570740129276,obse,cracker_scene1,50,old
4203,18.12798571586609,1.5137443427327577,obse,cracker_scene1,50,old
4204,18.132265329360962,1.5137443427327577,obse,cracker_scene1,50,old
4205,18.13717794418335,1.513991462664844,obse,cracker_scene1,50,old
4206,18.141842365264893,1.5144673253819105,obse,cracker_scene1,50,old
4207,18.146378993988037,1.5133948404514994,obse,cracker_scene1,50,old
4208,18.150628566741943,1.5137618466410299,obse,cracker_scene1,50,old
4209,18.154925107955933,1.5137618466410299,obse,cracker_scene1,50,old
4210,18.159520387649536,1.51410707059678,obse,cracker_scene1,50,old
4211,18.164265394210815,1.514518129498847,obse,cracker_scene1,50,old
4212,18.1688232421875,1.5156119890419388,obse,cracker_scene1,50,old
4213,18.173595428466797,1.516628214922414,obse,cracker_scene1,50,old
4214,18.178189992904663,1.5170841409301534,obse,cracker_scene1,50,old
4215,18.18297815322876,1.517427619457389,obse,cracker_scene1,50,old
4216,18.18756079673767,1.5176167331716313,obse,cracker_scene1,50,old
4217,18.191755056381226,1.5176167331716313,obse,cracker_scene1,50,old
4218,18.19635319709778,1.5176369718152953,obse,cracker_scene1,50,old
4219,18.20054054260254,1.5176369718152953,obse,cracker_scene1,50,old
4220,18.205289602279663,1.518489772413905,obse,cracker_scene1,50,old
4221,18.20957636833191,1.5183441841506458,obse,cracker_scene1,50,old
4222,18.21406126022339,1.5183441841506458,obse,cracker_scene1,50,old
4223,18.218278646469116,1.5183441841506458,obse,cracker_scene1,50,old
4224,18.222946643829346,1.5197973907998836,obse,cracker_scene1,50,old
4225,18.22739577293396,1.5195022717288031,obse,cracker_scene1,50,old
4226,18.231740713119507,1.5195022717288031,obse,cracker_scene1,50,old
4227,18.236461877822876,1.5206506545579002,obse,cracker_scene1,50,old
4228,18.24088191986084,1.5206506545579002,obse,cracker_scene1,50,old
4229,18.245826721191406,1.5209846749741365,obse,cracker_scene1,50,old
4230,18.249956846237183,1.5209846749741365,obse,cracker_scene1,50,old
4231,18.254465579986572,1.5207787058291107,obse,cracker_scene1,50,old
4232,18.2587468624115,1.5207787058291107,obse,cracker_scene1,50,old
4233,18.263474941253662,1.5218242137846278,obse,cracker_scene1,50,old
4234,18.26773238182068,1.5218242137846278,obse,cracker_scene1,50,old
4235,18.272522449493408,1.5222025569355635,obse,cracker_scene1,50,old
4236,18.27742600440979,1.5217337878790005,obse,cracker_scene1,50,old
4237,18.281708240509033,1.5217337878790005,obse,cracker_scene1,50,old
4238,18.286138772964478,1.5230035214748465,obse,cracker_scene1,50,old
4239,18.290598154067993,1.5230035214748465,obse,cracker_scene1,50,old
4240,18.295109748840332,1.5229719185996435,obse,cracker_scene1,50,old
4241,18.299416303634644,1.5229719185996435,obse,cracker_scene1,50,old
4242,18.304097414016724,1.5235399545932244,obse,cracker_scene1,50,old
4243,18.30834984779358,1.5235399545932244,obse,cracker_scene1,50,old
4244,18.312676191329956,1.522933561887709,obse,cracker_scene1,50,old
4245,18.316865921020508,1.522933561887709,obse,cracker_scene1,50,old
4246,18.321139812469482,1.5246369369605777,obse,cracker_scene1,50,old
4247,18.32530927658081,1.5246369369605777,obse,cracker_scene1,50,old
4248,18.329732656478882,1.525310836517419,obse,cracker_scene1,50,old
4249,18.333909511566162,1.525310836517419,obse,cracker_scene1,50,old
4250,18.33900499343872,1.524900331866764,obse,cracker_scene1,50,old
4251,18.343418836593628,1.525668323003944,obse,cracker_scene1,50,old
4252,18.347892999649048,1.525668323003944,obse,cracker_scene1,50,old
4253,18.352288722991943,1.5259439714936267,obse,cracker_scene1,50,old
4254,18.356703758239746,1.5259439714936267,obse,cracker_scene1,50,old
4255,18.361193656921387,1.526209973571592,obse,cracker_scene1,50,old
4256,18.36565852165222,1.526209973571592,obse,cracker_scene1,50,old
4257,18.370161771774292,1.5275770899872585,obse,cracker_scene1,50,old
4258,18.374624729156494,1.5275770899872585,obse,cracker_scene1,50,old
4259,18.37927007675171,1.5272028340778014,obse,cracker_scene1,50,old
4260,18.383354663848877,1.5272028340778014,obse,cracker_scene1,50,old
4261,18.38819193840027,1.5277777957459957,obse,cracker_scene1,50,old
4262,18.392420291900635,1.5277777957459957,obse,cracker_scene1,50,old
4263,18.397053956985474,1.5294451096094752,obse,cracker_scene1,50,old
4264,18.401408672332764,1.5300113924242345,obse,cracker_scene1,50,old
4265,18.40608787536621,1.5300113924242345,obse,cracker_scene1,50,old
4266,18.410592555999756,1.5295234777205575,obse,cracker_scene1,50,old
4267,18.415139198303223,1.5295234777205575,obse,cracker_scene1,50,old
4268,18.41961097717285,1.5304210662865794,obse,cracker_scene1,50,old
4269,18.42449450492859,1.5304210662865794,obse,cracker_scene1,50,old
4270,18.42903733253479,1.5309888650810386,obse,cracker_scene1,50,old
4271,18.433112621307373,1.5309888650810386,obse,cracker_scene1,50,old
4272,18.43814468383789,1.5307243883513548,obse,cracker_scene1,50,old
4273,18.442321062088013,1.5307243883513548,obse,cracker_scene1,50,old
4274,18.446939945220947,1.5322328655487416,obse,cracker_scene1,50,old
4275,18.451048135757446,1.5322822049684106,obse,cracker_scene1,50,old
4276,18.455470085144043,1.5327775914425974,obse,cracker_scene1,50,old
4277,18.459678411483765,1.5327270023205077,obse,cracker_scene1,50,old
4278,18.464172840118408,1.5331450074657136,obse,cracker_scene1,50,old
4279,18.468426942825317,1.53273065107547,obse,cracker_scene1,50,old
4280,18.472990036010742,1.53273065107547,obse,cracker_scene1,50,old
4281,18.47777557373047,1.5334091530050022,obse,cracker_scene1,50,old
4282,18.48216986656189,1.5334091530050022,obse,cracker_scene1,50,old
4283,18.486940622329712,1.5345692823384853,obse,cracker_scene1,50,old
4284,18.49134063720703,1.5345692823384853,obse,cracker_scene1,50,old
4285,18.49636435508728,1.5336545800093475,obse,cracker_scene1,50,old
4286,18.500476837158203,1.5336545800093475,obse,cracker_scene1,50,old
4287,18.505687713623047,1.5339547863517904,obse,cracker_scene1,50,old
4288,18.5099356174469,1.535021681104661,obse,cracker_scene1,50,old
4289,18.514662742614746,1.5353271427201545,obse,cracker_scene1,50,old
4290,18.519322872161865,1.5355725922493582,obse,cracker_scene1,50,old
4291,18.52397060394287,1.5355725922493582,obse,cracker_scene1,50,old
4292,18.52844262123108,1.5353558214800689,obse,cracker_scene1,50,old
4293,18.532614707946777,1.5353558214800689,obse,cracker_scene1,50,old
4294,18.537113428115845,1.536542047550073,obse,cracker_scene1,50,old
4295,18.541474103927612,1.536542047550073,obse,cracker_scene1,50,old
4296,18.54601287841797,1.5369687823794767,obse,cracker_scene1,50,old
4297,18.550275325775146,1.5369687823794767,obse,cracker_scene1,50,old
4298,18.55492091178894,1.5374157810480433,obse,cracker_scene1,50,old
4299,18.55914807319641,1.537680195916117,obse,cracker_scene1,50,old
4300,18.56357765197754,1.5376569425074216,obse,cracker_scene1,50,old
4301,18.567774534225464,1.5376569425074216,obse,cracker_scene1,50,old
4302,18.57244372367859,1.5374337184647136,obse,cracker_scene1,50,old
4303,18.57662558555603,1.5374337184647136,obse,cracker_scene1,50,old
4304,18.581170082092285,1.537737438942874,obse,cracker_scene1,50,old
4305,18.585497856140137,1.538501272349147,obse,cracker_scene1,50,old
4306,18.589869737625122,1.538501272349147,obse,cracker_scene1,50,old
4307,18.594253301620483,1.5391038308735165,obse,cracker_scene1,50,old
4308,18.598750352859497,1.5391038308735165,obse,cracker_scene1,50,old
4309,18.603597164154053,1.5392831573149568,obse,cracker_scene1,50,old
4310,18.60779118537903,1.5392831573149568,obse,cracker_scene1,50,old
4311,18.61235284805298,1.539756001602714,obse,cracker_scene1,50,old
4312,18.616605043411255,1.539756001602714,obse,cracker_scene1,50,old
4313,18.62106466293335,1.5392678795084604,obse,cracker_scene1,50,old
4314,18.625309705734253,1.5392678795084604,obse,cracker_scene1,50,old
4315,18.62994360923767,1.5404700390194588,obse,cracker_scene1,50,old
4316,18.633915662765503,1.5404700390194588,obse,cracker_scene1,50,old
4317,18.63852834701538,1.5408650174347764,obse,cracker_scene1,50,old
4318,18.642542839050293,1.5408650174347764,obse,cracker_scene1,50,old
4319,18.64721441268921,1.5402714511832887,obse,cracker_scene1,50,old
4320,18.65143346786499,1.5407973327409588,obse,cracker_scene1,50,old
4321,18.65592932701111,1.5405402810972282,obse,cracker_scene1,50,old
4322,18.66010046005249,1.5405402810972282,obse,cracker_scene1,50,old
4323,18.664580821990967,1.5418210359147215,obse,cracker_scene1,50,old
4324,18.668956518173218,1.5415432625217962,obse,cracker_scene1,50,old
4325,18.673295974731445,1.5415432625217962,obse,cracker_scene1,50,old
4326,18.677743673324585,1.5420302121140885,obse,cracker_scene1,50,old
4327,18.682000160217285,1.5420302121140885,obse,cracker_scene1,50,old
4328,18.68644142150879,1.5434683300149787,obse,cracker_scene1,50,old
4329,18.690719604492188,1.5434683300149787,obse,cracker_scene1,50,old
4330,18.69508123397827,1.5431214725676385,obse,cracker_scene1,50,old
4331,18.69932270050049,1.5431214725676385,obse,cracker_scene1,50,old
4332,18.703916788101196,1.5431262807703083,obse,cracker_scene1,50,old
4333,18.70806574821472,1.5431262807703083,obse,cracker_scene1,50,old
4334,18.71252942085266,1.5445677100508188,obse,cracker_scene1,50,old
4335,18.716686248779297,1.5445677100508188,obse,cracker_scene1,50,old
4336,18.721165895462036,1.5449772020968382,obse,cracker_scene1,50,old
4337,18.72526216506958,1.5449772020968382,obse,cracker_scene1,50,old
4338,18.729784965515137,1.5458453002771044,obse,cracker_scene1,50,old
4339,18.734421968460083,1.5453692780803125,obse,cracker_scene1,50,old
4340,18.73896813392639,1.5453692780803125,obse,cracker_scene1,50,old
4341,18.743256330490112,1.5451900155231577,obse,cracker_scene1,50,old
4342,18.74778127670288,1.5455769116762674,obse,cracker_scene1,50,old
4343,18.752086639404297,1.5457781376750743,obse,cracker_scene1,50,old
4344,18.75643038749695,1.5457781376750743,obse,cracker_scene1,50,old
4345,18.760945320129395,1.5457781376750743,obse,cracker_scene1,50,old
4346,18.764997959136963,1.5457781376750743,obse,cracker_scene1,50,old
4347,18.7697811126709,1.5466623027199216,obse,cracker_scene1,50,old
4348,18.774208784103394,1.5466623027199216,obse,cracker_scene1,50,old
4349,18.778947353363037,1.5470188649027872,obse,cracker_scene1,50,old
4350,18.78313422203064,1.5470188649027872,obse,cracker_scene1,50,old
4351,18.787788152694702,1.5482991550475322,obse,cracker_scene1,50,old
4352,18.791852235794067,1.5482991550475322,obse,cracker_scene1,50,old
4353,18.796427249908447,1.5480482448674637,obse,cracker_scene1,50,old
4354,18.800482749938965,1.5480482448674637,obse,cracker_scene1,50,old
4355,18.80500602722168,1.5485036752747456,obse,cracker_scene1,50,old
4356,18.809290170669556,1.5485036752747456,obse,cracker_scene1,50,old
4357,18.813489198684692,1.5485091880142932,obse,cracker_scene1,50,old
4358,18.818167686462402,1.5490542092148,obse,cracker_scene1,50,old
4359,18.822571516036987,1.5496198693597183,obse,cracker_scene1,50,old
4360,18.826972007751465,1.5496198693597183,obse,cracker_scene1,50,old
4361,18.831207990646362,1.5496198693597183,obse,cracker_scene1,50,old
4362,18.835473775863647,1.550677838619734,obse,cracker_scene1,50,old
4363,18.839996337890625,1.5495819868388532,obse,cracker_scene1,50,old
4364,18.844226837158203,1.5501148675345844,obse,cracker_scene1,50,old
4365,18.848557472229004,1.5501148675345844,obse,cracker_scene1,50,old
4366,18.853214979171753,1.5506374748194496,obse,cracker_scene1,50,old
4367,18.857757806777954,1.5506374748194496,obse,cracker_scene1,50,old
4368,18.86221408843994,1.5512964002467786,obse,cracker_scene1,50,old
4369,18.866272926330566,1.5521033546056442,obse,cracker_scene1,50,old
4370,18.871164560317993,1.5528280338865255,obse,cracker_scene1,50,old
4371,18.875433206558228,1.5528280338865255,obse,cracker_scene1,50,old
4372,18.87977623939514,1.5524365657875236,obse,cracker_scene1,50,old
4373,18.884032726287842,1.5524365657875236,obse,cracker_scene1,50,old
4374,18.888440132141113,1.5524365657875236,obse,cracker_scene1,50,old
4375,18.89305830001831,1.5537811216417436,obse,cracker_scene1,50,old
4376,18.89741063117981,1.5533460227192668,obse,cracker_scene1,50,old
4377,18.90177273750305,1.5533460227192668,obse,cracker_scene1,50,old
4378,18.90622305870056,1.5533460227192668,obse,cracker_scene1,50,old
4379,18.910492658615112,1.5549260841871373,obse,cracker_scene1,50,old
4380,18.9151349067688,1.5549260841871373,obse,cracker_scene1,50,old
4381,18.919516563415527,1.554935517830562,obse,cracker_scene1,50,old
4382,18.923981189727783,1.554935517830562,obse,cracker_scene1,50,old
4383,18.92821192741394,1.5554639949147369,obse,cracker_scene1,50,old
4384,18.932730436325073,1.5565555650341523,obse,cracker_scene1,50,old
4385,18.937071561813354,1.5569087889149955,obse,cracker_scene1,50,old
4386,18.941520929336548,1.5569087889149955,obse,cracker_scene1,50,old
4387,18.945953130722046,1.557600446590759,obse,cracker_scene1,50,old
4388,18.950342655181885,1.557600446590759,obse,cracker_scene1,50,old
4389,18.95460557937622,1.558259155628277,obse,cracker_scene1,50,old
4390,18.95909881591797,1.558259155628277,obse,cracker_scene1,50,old
4391,18.963746070861816,1.558966924256005,obse,cracker_scene1,50,old
4392,18.96835446357727,1.558350829035489,obse,cracker_scene1,50,old
4393,18.97288990020752,1.5603021069852607,obse,cracker_scene1,50,old
4394,18.977492332458496,1.5597592672534377,obse,cracker_scene1,50,old
4395,18.982123136520386,1.5612936597432396,obse,cracker_scene1,50,old
4396,18.98663091659546,1.5615139085436613,obse,cracker_scene1,50,old
4397,18.990997552871704,1.5615139085436613,obse,cracker_scene1,50,old
4398,18.995593070983887,1.5625804718506435,obse,cracker_scene1,50,old
4399,18.999823570251465,1.5625804718506435,obse,cracker_scene1,50,old
4400,19.004549980163574,1.5622113986638038,obse,cracker_scene1,50,old
4401,19.008680820465088,1.5622113986638038,obse,cracker_scene1,50,old
4402,19.013228178024292,1.5636612129216516,obse,cracker_scene1,50,old
4403,19.017325401306152,1.5636612129216516,obse,cracker_scene1,50,old
4404,19.022010326385498,1.5644260068796827,obse,cracker_scene1,50,old
4405,19.026254177093506,1.5636601947531013,obse,cracker_scene1,50,old
4406,19.03061556816101,1.5636601947531013,obse,cracker_scene1,50,old
4407,19.034849405288696,1.5650042670331077,obse,cracker_scene1,50,old
4408,19.03945016860962,1.5650042670331077,obse,cracker_scene1,50,old
4409,19.043644666671753,1.5654466033655714,obse,cracker_scene1,50,old
4410,19.048144578933716,1.5654177560857478,obse,cracker_scene1,50,old
4411,19.052481651306152,1.5657687382363124,obse,cracker_scene1,50,old
4412,19.056803464889526,1.5657687382363124,obse,cracker_scene1,50,old
4413,19.06120467185974,1.5657933956821006,obse,cracker_scene1,50,old
4414,19.065566062927246,1.5663717185781634,obse,cracker_scene1,50,old
4415,19.07034969329834,1.5658202631643485,obse,cracker_scene1,50,old
4416,19.074623823165894,1.5658202631643485,obse,cracker_scene1,50,old
4417,19.079177141189575,1.5668043747969653,obse,cracker_scene1,50,old
4418,19.083331823349,1.5668043747969653,obse,cracker_scene1,50,old
4419,19.087848901748657,1.566223908979361,obse,cracker_scene1,50,old
4420,19.092056274414062,1.566223908979361,obse,cracker_scene1,50,old
4421,19.09664297103882,1.5671472177470003,obse,cracker_scene1,50,old
4422,19.10087299346924,1.5671472177470003,obse,cracker_scene1,50,old
4423,19.105346202850342,1.567451910706076,obse,cracker_scene1,50,old
4424,19.10966181755066,1.567451910706076,obse,cracker_scene1,50,old
4425,19.114342212677002,1.5665708662291555,obse,cracker_scene1,50,old
4426,19.11866521835327,1.567881393085032,obse,cracker_scene1,50,old
4427,19.123002290725708,1.567881393085032,obse,cracker_scene1,50,old
4428,19.127201795578003,1.5671415465773153,obse,cracker_scene1,50,old
4429,19.13174557685852,1.5672036402400984,obse,cracker_scene1,50,old
4430,19.136073350906372,1.56692934187903,obse,cracker_scene1,50,old
4431,19.14046597480774,1.56692934187903,obse,cracker_scene1,50,old
4432,19.144893646240234,1.5681297139262673,obse,cracker_scene1,50,old
4433,19.14907741546631,1.5681297139262673,obse,cracker_scene1,50,old
4434,19.153549194335938,1.568157934945524,obse,cracker_scene1,50,old
4435,19.15794849395752,1.568157934945524,obse,cracker_scene1,50,old
4436,19.162530183792114,1.5676842739749377,obse,cracker_scene1,50,old
4437,19.16664147377014,1.5676842739749377,obse,cracker_scene1,50,old
4438,19.17121911048889,1.5672225463993357,obse,cracker_scene1,50,old
4439,19.17528462409973,1.5672225463993357,obse,cracker_scene1,50,old
4440,19.17988920211792,1.567648875240991,obse,cracker_scene1,50,old
4441,19.184014797210693,1.567648875240991,obse,cracker_scene1,50,old
4442,19.188544034957886,1.5678141253958593,obse,cracker_scene1,50,old
4443,19.19281506538391,1.568010262455152,obse,cracker_scene1,50,old
4444,19.19725751876831,1.568010262455152,obse,cracker_scene1,50,old
4445,19.201377153396606,1.568010262455152,obse,cracker_scene1,50,old
4446,19.205886602401733,1.5690691114028557,obse,cracker_scene1,50,old
4447,19.210059642791748,1.5690691114028557,obse,cracker_scene1,50,old
4448,19.214574337005615,1.5692297029756341,obse,cracker_scene1,50,old
4449,19.218844175338745,1.5692297029756341,obse,cracker_scene1,50,old
4450,19.223355293273926,1.5683679671117954,obse,cracker_scene1,50,old
4451,19.227678060531616,1.5683679671117954,obse,cracker_scene1,50,old
4452,19.23248553276062,1.5685235572958263,obse,cracker_scene1,50,old
4453,19.236886262893677,1.5685235572958263,obse,cracker_scene1,50,old
4454,19.241708755493164,1.5687352879662066,obse,cracker_scene1,50,old
4455,19.24642014503479,1.5687352879662066,obse,cracker_scene1,50,old
4456,19.250645399093628,1.5698572049162935,obse,cracker_scene1,50,old
4457,19.2552011013031,1.5700136367896587,obse,cracker_scene1,50,old
4458,19.259742736816406,1.570254127408056,obse,cracker_scene1,50,old
4459,19.263927936553955,1.570254127408056,obse,cracker_scene1,50,old
4460,19.268362522125244,1.5692896551579922,obse,cracker_scene1,50,old
4461,19.272878646850586,1.5692896551579922,obse,cracker_scene1,50,old
4462,19.27727246284485,1.5694223301870132,obse,cracker_scene1,50,old
4463,19.28156852722168,1.5694223301870132,obse,cracker_scene1,50,old
4464,19.28576421737671,1.5694223301870132,obse,cracker_scene1,50,old
4465,19.290482997894287,1.569705705604199,obse,cracker_scene1,50,old
4466,19.29536461830139,1.5711146786200514,obse,cracker_scene1,50,old
4467,19.299537658691406,1.5711146786200514,obse,cracker_scene1,50,old
4468,19.304231643676758,1.5702403158695537,obse,cracker_scene1,50,old
4469,19.30841875076294,1.5702403158695537,obse,cracker_scene1,50,old
4470,19.312777519226074,1.5702418982170618,obse,cracker_scene1,50,old
4471,19.317039728164673,1.5702289417635082,obse,cracker_scene1,50,old
4472,19.321407079696655,1.5702289417635082,obse,cracker_scene1,50,old
4473,19.325777530670166,1.5711603005692725,obse,cracker_scene1,50,old
4474,19.330220460891724,1.5711603005692725,obse,cracker_scene1,50,old
4475,19.334343671798706,1.5700825320875573,obse,cracker_scene1,50,old
4476,19.338866233825684,1.5700825320875573,obse,cracker_scene1,50,old
4477,19.342943906784058,1.5700825320875573,obse,cracker_scene1,50,old
4478,19.34757137298584,1.5712381527351704,obse,cracker_scene1,50,old
4479,19.351889848709106,1.5700507597869997,obse,cracker_scene1,50,old
4480,19.356069564819336,1.5700507597869997,obse,cracker_scene1,50,old
4481,19.36034917831421,1.5700507597869997,obse,cracker_scene1,50,old
4482,19.364977598190308,1.5703885955387875,obse,cracker_scene1,50,old
4483,19.369581699371338,1.570191819609815,obse,cracker_scene1,50,old
4484,19.374173402786255,1.5701642695656473,obse,cracker_scene1,50,old
4485,19.378742456436157,1.5704905462619356,obse,cracker_scene1,50,old
4486,19.38295888900757,1.5704905462619356,obse,cracker_scene1,50,old
4487,19.387535095214844,1.5701472027519054,obse,cracker_scene1,50,old
4488,19.392266273498535,1.5701472027519054,obse,cracker_scene1,50,old
4489,19.397124528884888,1.570197600320209,obse,cracker_scene1,50,old
4490,19.40168833732605,1.5700664969836895,obse,cracker_scene1,50,old
4491,19.40646982192993,1.5700664969836895,obse,cracker_scene1,50,old
4492,19.411216259002686,1.570103934384809,obse,cracker_scene1,50,old
4493,19.41571879386902,1.570103934384809,obse,cracker_scene1,50,old
4494,19.420735836029053,1.5714203658041246,obse,cracker_scene1,50,old
4495,19.42516326904297,1.5714203658041246,obse,cracker_scene1,50,old
4496,19.43005108833313,1.5711616933106347,obse,cracker_scene1,50,old
4497,19.43475890159607,1.570267493129613,obse,cracker_scene1,50,old
4498,19.43955087661743,1.570267493129613,obse,cracker_scene1,50,old
4499,19.44433879852295,1.5712748859742671,obse,cracker_scene1,50,old
4500,19.448906660079956,1.5712748859742671,obse,cracker_scene1,50,old
4501,19.45388889312744,1.5712108187011635,obse,cracker_scene1,50,old
4502,19.458437204360962,1.5712108187011635,obse,cracker_scene1,50,old
4503,19.463303089141846,1.5712279997918897,obse,cracker_scene1,50,old
4504,19.467803239822388,1.5712279997918897,obse,cracker_scene1,50,old
4505,19.47284770011902,1.5712615763768474,obse,cracker_scene1,50,old
4506,19.477500677108765,1.5702013586523247,obse,cracker_scene1,50,old
4507,19.4821195602417,1.5702013586523247,obse,cracker_scene1,50,old
4508,19.486858129501343,1.571195634734889,obse,cracker_scene1,50,old
4509,19.49142098426819,1.571195634734889,obse,cracker_scene1,50,old
4510,19.496209144592285,1.5712895716019029,obse,cracker_scene1,50,old
4511,19.500813484191895,1.5712895716019029,obse,cracker_scene1,50,old
4512,19.50562286376953,1.5702516881182058,obse,cracker_scene1,50,old
4513,19.51025152206421,1.5704667448679368,obse,cracker_scene1,50,old
4514,19.51488947868347,1.5704667448679368,obse,cracker_scene1,50,old
4515,19.519577026367188,1.5701224932244138,obse,cracker_scene1,50,old
4516,19.52412462234497,1.5701224932244138,obse,cracker_scene1,50,old
4517,19.528969764709473,1.5711913702652494,obse,cracker_scene1,50,old
4518,19.533493757247925,1.5711913702652494,obse,cracker_scene1,50,old
4519,19.538472175598145,1.5712102229408584,obse,cracker_scene1,50,old
4520,19.543128490447998,1.5704170729629707,obse,cracker_scene1,50,old
4521,19.547914505004883,1.5703632395844558,obse,cracker_scene1,50,old
4522,19.552642345428467,1.5712550798461988,obse,cracker_scene1,50,old
4523,19.55726957321167,1.5712550798461988,obse,cracker_scene1,50,old
4524,19.56219744682312,1.5703576431608717,obse,cracker_scene1,50,old
4525,19.56662344932556,1.5703576431608717,obse,cracker_scene1,50,old
4526,19.571638107299805,1.5705004024753988,obse,cracker_scene1,50,old
4527,19.576022148132324,1.5705004024753988,obse,cracker_scene1,50,old
4528,19.580979824066162,1.5704892217965467,obse,cracker_scene1,50,old
4529,19.585641384124756,1.5711789678615977,obse,cracker_scene1,50,old
4530,19.590174198150635,1.5711789678615977,obse,cracker_scene1,50,old
4531,19.595009803771973,1.5712490906205137,obse,cracker_scene1,50,old
4532,19.59956192970276,1.5712490906205137,obse,cracker_scene1,50,old
4533,19.60460090637207,1.5701687331477991,obse,cracker_scene1,50,old
4534,19.608999013900757,1.5701687331477991,obse,cracker_scene1,50,old
4535,19.61399745941162,1.5704642988129498,obse,cracker_scene1,50,old
4536,19.61868190765381,1.5704332589954664,obse,cracker_scene1,50,old
4537,19.623420238494873,1.5704332589954664,obse,cracker_scene1,50,old
4538,19.628044605255127,1.5712409849560816,obse,cracker_scene1,50,old
4539,19.632774353027344,1.5713305731362457,obse,cracker_scene1,50,old
4540,19.637659311294556,1.5712669785266407,obse,cracker_scene1,50,old
4541,19.642255783081055,1.5712669785266407,obse,cracker_scene1,50,old
4542,19.647060871124268,1.5711525372460375,obse,cracker_scene1,50,old
4543,19.651822328567505,1.5712462289578442,obse,cracker_scene1,50,old
4544,19.656565189361572,1.5712292814303952,obse,cracker_scene1,50,old
4545,19.661271572113037,1.5704537831177205,obse,cracker_scene1,50,old
4546,19.66598677635193,1.5704537831177205,obse,cracker_scene1,50,old
4547,19.670858144760132,1.570446951126618,obse,cracker_scene1,50,old
4548,19.675493240356445,1.570446951126618,obse,cracker_scene1,50,old
4549,19.680329084396362,1.5704728088864996,obse,cracker_scene1,50,old
4550,19.684925317764282,1.5712855296198418,obse,cracker_scene1,50,old
4551,19.689538955688477,1.5712855296198418,obse,cracker_scene1,50,old
4552,19.694257020950317,1.57070681045818,obse,cracker_scene1,50,old
4553,19.698829412460327,1.57070681045818,obse,cracker_scene1,50,old
4554,19.703636646270752,1.571285031635977,obse,cracker_scene1,50,old
4555,19.70839262008667,1.571285031635977,obse,cracker_scene1,50,old
4556,19.713210821151733,1.5701239472910968,obse,cracker_scene1,50,old
4557,19.71774387359619,1.5712504273147543,obse,cracker_scene1,50,old
4558,19.722434043884277,1.5712504273147543,obse,cracker_scene1,50,old
4559,19.72723960876465,1.5701862596892822,obse,cracker_scene1,50,old
4560,19.73201894760132,1.5701862596892822,obse,cracker_scene1,50,old
4561,19.73728036880493,1.5706111224498036,obse,cracker_scene1,50,old
4562,19.742103576660156,1.5706111224498036,obse,cracker_scene1,50,old
4563,19.747087717056274,1.5711397070608628,obse,cracker_scene1,50,old
4564,19.751638174057007,1.5710927875445346,obse,cracker_scene1,50,old
4565,19.756383180618286,1.571146868270164,obse,cracker_scene1,50,old
4566,19.761008977890015,1.571224384803763,obse,cracker_scene1,50,old
4567,19.765554428100586,1.571224384803763,obse,cracker_scene1,50,old
4568,19.770588159561157,1.5711749602145275,obse,cracker_scene1,50,old
4569,19.77507710456848,1.5711749602145275,obse,cracker_scene1,50,old
4570,19.779975175857544,1.5704631853260107,obse,cracker_scene1,50,old
4571,19.78445529937744,1.5704631853260107,obse,cracker_scene1,50,old
4572,19.789210319519043,1.5713353547083697,obse,cracker_scene1,50,old
4573,19.793780088424683,1.5712539142413844,obse,cracker_scene1,50,old
4574,19.798465728759766,1.5712441036462952,obse,cracker_scene1,50,old
4575,19.803308486938477,1.5712448877011278,obse,cracker_scene1,50,old
4576,19.80779790878296,1.5712448877011278,obse,cracker_scene1,50,old
4577,19.81253743171692,1.5704382948819235,obse,cracker_scene1,50,old
4578,19.81716227531433,1.5704382948819235,obse,cracker_scene1,50,old
4579,19.822026252746582,1.5703848618837606,obse,cracker_scene1,50,old
4580,19.826502323150635,1.5703848618837606,obse,cracker_scene1,50,old
4581,19.831292629241943,1.5712103241382431,obse,cracker_scene1,50,old
4582,19.835978031158447,1.5713321357954406,obse,cracker_scene1,50,old
4583,19.84060525894165,1.5713321357954406,obse,cracker_scene1,50,old
4584,19.845271348953247,1.570287317375887,obse,cracker_scene1,50,old
4585,19.849812507629395,1.570287317375887,obse,cracker_scene1,50,old
4586,19.854782819747925,1.5705804719091576,obse,cracker_scene1,50,old
4587,19.859323501586914,1.5705804719091576,obse,cracker_scene1,50,old
4588,19.86425757408142,1.5703543133405988,obse,cracker_scene1,50,old
4589,19.868922233581543,1.5703636433384354,obse,cracker_scene1,50,old
4590,19.87370753288269,1.5703636433384354,obse,cracker_scene1,50,old
4591,19.878652572631836,1.571083493244629,obse,cracker_scene1,50,old
4592,19.883169412612915,1.571083493244629,obse,cracker_scene1,50,old
4593,19.887956857681274,1.5701714636037751,obse,cracker_scene1,50,old
4594,19.892495155334473,1.5701714636037751,obse,cracker_scene1,50,old
4595,19.897300004959106,1.5704178514084903,obse,cracker_scene1,50,old
4596,19.901819944381714,1.5712369452323012,obse,cracker_scene1,50,old
4597,19.906925201416016,1.5712731500971016,obse,cracker_scene1,50,old
4598,19.911662101745605,1.5713043837691707,obse,cracker_scene1,50,old
4599,19.916369438171387,1.5713043837691707,obse,cracker_scene1,50,old
4600,19.92120623588562,1.570549001437496,obse,cracker_scene1,50,old
4601,19.9257755279541,1.570549001437496,obse,cracker_scene1,50,old
4602,19.93064022064209,1.571288829067913,obse,cracker_scene1,50,old
4603,19.935439825057983,1.5712948093595926,obse,cracker_scene1,50,old
4604,19.94031310081482,1.5712948093595926,obse,cracker_scene1,50,old
4605,19.944836616516113,1.5712856672730133,obse,cracker_scene1,50,old
4606,19.949146270751953,1.5712856672730133,obse,cracker_scene1,50,old
4607,19.953713178634644,1.5704663834658712,obse,cracker_scene1,50,old
4608,19.95796251296997,1.5704663834658712,obse,cracker_scene1,50,old
4609,19.962412357330322,1.571131736817966,obse,cracker_scene1,50,old
4610,19.966629028320312,1.571131736817966,obse,cracker_scene1,50,old
4611,19.97135353088379,1.5701013092169784,obse,cracker_scene1,50,old
4612,19.975662231445312,1.5701013092169784,obse,cracker_scene1,50,old
4613,19.98024845123291,1.5704161815974667,obse,cracker_scene1,50,old
4614,19.98479390144348,1.5712159602179545,obse,cracker_scene1,50,old
4615,19.989606857299805,1.5712380962910313,obse,cracker_scene1,50,old
4616,19.994349479675293,1.5712141563928483,obse,cracker_scene1,50,old
4617,19.999104499816895,1.571178408313398,obse,cracker_scene1,50,old
4618,20.003844261169434,1.571178408313398,obse,cracker_scene1,50,old
4619,20.008376359939575,1.5702263314368983,obse,cracker_scene1,50,old
4620,20.013216018676758,1.5702263314368983,obse,cracker_scene1,50,old
4621,20.018178462982178,1.5704719269525897,obse,cracker_scene1,50,old
4622,20.023073434829712,1.5702352379185278,obse,cracker_scene1,50,old
4623,20.02785587310791,1.5702352379185278,obse,cracker_scene1,50,old
4624,20.03279709815979,1.5706243813799627,obse,cracker_scene1,50,old
4625,20.037595987319946,1.5706243813799627,obse,cracker_scene1,50,old
4626,20.042500972747803,1.5702634338138477,obse,cracker_scene1,50,old
4627,20.04747176170349,1.570198872846352,obse,cracker_scene1,50,old
4628,20.052361011505127,1.570198872846352,obse,cracker_scene1,50,old
4629,20.057206392288208,1.5714582149253875,obse,cracker_scene1,50,old
4630,20.0619113445282,1.5705172533512988,obse,cracker_scene1,50,old
4631,20.0665545463562,1.5705172533512988,obse,cracker_scene1,50,old
4632,20.071470737457275,1.5713247409645952,obse,cracker_scene1,50,old
4633,20.0763943195343,1.5712773158019626,obse,cracker_scene1,50,old
4634,20.081013679504395,1.5704934657927279,obse,cracker_scene1,50,old
4635,20.08592462539673,1.5705498165617806,obse,cracker_scene1,50,old
4636,20.09052085876465,1.5705444619330828,obse,cracker_scene1,50,old
4637,20.09555697441101,1.5705025352886413,obse,cracker_scene1,50,old
4638,20.10048794746399,1.571287463733972,obse,cracker_scene1,50,old
4639,20.105044841766357,1.5711990269243703,obse,cracker_scene1,50,old
4640,20.109484672546387,1.5711990269243703,obse,cracker_scene1,50,old
4641,20.113908290863037,1.5712681101321824,obse,cracker_scene1,50,old
4642,20.11856770515442,1.5712681101321824,obse,cracker_scene1,50,old
4643,20.122806072235107,1.5700966140801453,obse,cracker_scene1,50,old
4644,20.12735891342163,1.5700966140801453,obse,cracker_scene1,50,old
4645,20.131572008132935,1.5704682175913138,obse,cracker_scene1,50,old
4646,20.136274099349976,1.5704958005072172,obse,cracker_scene1,50,old
4647,20.140784740447998,1.5711847571606556,obse,cracker_scene1,50,old
4648,20.145075798034668,1.5711847571606556,obse,cracker_scene1,50,old
4649,20.14939832687378,1.5704907281483838,obse,cracker_scene1,50,old
4650,20.153610229492188,1.5704907281483838,obse,cracker_scene1,50,old
4651,20.158031463623047,1.5713018565001828,obse,cracker_scene1,50,old
4652,20.162755727767944,1.5713133653912044,obse,cracker_scene1,50,old
4653,20.16694951057434,1.5713133653912044,obse,cracker_scene1,50,old
4654,20.17176842689514,1.5701028191083832,obse,cracker_scene1,50,old
4655,20.176042556762695,1.5701028191083832,obse,cracker_scene1,50,old
4656,20.180583953857422,1.571223385011904,obse,cracker_scene1,50,old
4657,20.184945821762085,1.5704410878429966,obse,cracker_scene1,50,old
4658,20.18942928314209,1.5704076178760635,obse,cracker_scene1,50,old
4659,20.193760633468628,1.5704638007823188,obse,cracker_scene1,50,old
4660,20.19817090034485,1.5704638007823188,obse,cracker_scene1,50,old
4661,20.202539443969727,1.5705903584202225,obse,cracker_scene1,50,old
4662,20.20705270767212,1.5705903584202225,obse,cracker_scene1,50,old
4663,20.211628913879395,1.5705638105206985,obse,cracker_scene1,50,old
4664,20.215805530548096,1.5705638105206985,obse,cracker_scene1,50,old
4665,20.22028350830078,1.5713141766666725,obse,cracker_scene1,50,old
4666,20.22459125518799,1.5713141766666725,obse,cracker_scene1,50,old
4667,20.22875428199768,1.5713217811074447,obse,cracker_scene1,50,old
4668,20.23344087600708,1.5713731447140065,obse,cracker_scene1,50,old
4669,20.238179922103882,1.57130073580816,obse,cracker_scene1,50,old
4670,20.242533683776855,1.57130073580816,obse,cracker_scene1,50,old
4671,20.247291326522827,1.5701612790366735,obse,cracker_scene1,50,old
4672,20.251620292663574,1.5701612790366735,obse,cracker_scene1,50,old
4673,20.256263256072998,1.571188957744364,obse,cracker_scene1,50,old
4674,20.260778188705444,1.5703507902497806,obse,cracker_scene1,50,old
4675,20.265135526657104,1.5703507902497806,obse,cracker_scene1,50,old
4676,20.269708156585693,1.5711996262274237,obse,cracker_scene1,50,old
4677,20.273967504501343,1.5711996262274237,obse,cracker_scene1,50,old
4678,20.2786226272583,1.5712161400882714,obse,cracker_scene1,50,old
4679,20.282800436019897,1.5712161400882714,obse,cracker_scene1,50,old
4680,20.28768801689148,1.5710957425547836,obse,cracker_scene1,50,old
4681,20.29204821586609,1.5710957425547836,obse,cracker_scene1,50,old
4682,20.296862363815308,1.5710235055940158,obse,cracker_scene1,50,old
4683,20.301096439361572,1.571126846082712,obse,cracker_scene1,50,old
4684,20.305716037750244,1.5711294552555612,obse,cracker_scene1,50,old
4685,20.30997323989868,1.5710763347255865,obse,cracker_scene1,50,old
4686,20.314545392990112,1.5711622424306588,obse,cracker_scene1,50,old
4687,20.318909883499146,1.571029433755581,obse,cracker_scene1,50,old
4688,20.323257446289062,1.5712805228935922,obse,cracker_scene1,50,old
4689,20.327718257904053,1.5702171353701928,obse,cracker_scene1,50,old
4690,20.331958055496216,1.5702171353701928,obse,cracker_scene1,50,old
4691,20.33641004562378,1.570053413984466,obse,cracker_scene1,50,old
4692,20.3409161567688,1.570053413984466,obse,cracker_scene1,50,old
4693,20.34554648399353,1.5701702890633458,obse,cracker_scene1,50,old
4694,20.34985375404358,1.5701702890633458,obse,cracker_scene1,50,old
4695,20.35440158843994,1.5712100296897242,obse,cracker_scene1,50,old
4696,20.35856008529663,1.5712100296897242,obse,cracker_scene1,50,old
4697,20.363193035125732,1.5712952934746864,obse,cracker_scene1,50,old
4698,20.3674259185791,1.5712952934746864,obse,cracker_scene1,50,old
4699,20.372084856033325,1.571356534978671,obse,cracker_scene1,50,old
4700,20.376380920410156,1.5701780522896804,obse,cracker_scene1,50,old
4701,20.3809072971344,1.570208976083027,obse,cracker_scene1,50,old
4702,20.38533592224121,1.570172565055115,obse,cracker_scene1,50,old
4703,20.389857292175293,1.570172565055115,obse,cracker_scene1,50,old
4704,20.39415431022644,1.5702747180760595,obse,cracker_scene1,50,old
4705,20.39863634109497,1.5702747180760595,obse,cracker_scene1,50,old
4706,20.40298557281494,1.5702037824647004,obse,cracker_scene1,50,old
4707,20.407408714294434,1.5702037824647004,obse,cracker_scene1,50,old
4708,20.411929607391357,1.5701671274066031,obse,cracker_scene1,50,old
4709,20.41638684272766,1.5701671274066031,obse,cracker_scene1,50,old
4710,20.420932054519653,1.5712869267861684,obse,cracker_scene1,50,old
4711,20.4254789352417,1.5712869267861684,obse,cracker_scene1,50,old
4712,20.429686307907104,1.5712869267861684,obse,cracker_scene1,50,old
4713,20.434142351150513,1.5714035200192669,obse,cracker_scene1,50,old
4714,20.438868284225464,1.5712074990159772,obse,cracker_scene1,50,old
4715,20.44315505027771,1.571223552045943,obse,cracker_scene1,50,old
4716,20.447789192199707,1.5702074891873519,obse,cracker_scene1,50,old
4717,20.452019929885864,1.5702074891873519,obse,cracker_scene1,50,old
4718,20.456785202026367,1.5702333439726042,obse,cracker_scene1,50,old
4719,20.461193323135376,1.5702583547348814,obse,cracker_scene1,50,old
4720,20.465616941452026,1.5702583547348814,obse,cracker_scene1,50,old
4721,20.47010064125061,1.5702528901803623,obse,cracker_scene1,50,old
4722,20.474443435668945,1.5702528901803623,obse,cracker_scene1,50,old
4723,20.478893995285034,1.5702483012945754,obse,cracker_scene1,50,old
4724,20.48301649093628,1.5702483012945754,obse,cracker_scene1,50,old
4725,20.487619400024414,1.5702621996654909,obse,cracker_scene1,50,old
4726,20.491915941238403,1.5702621996654909,obse,cracker_scene1,50,old
4727,20.49649667739868,1.5712365257106304,obse,cracker_scene1,50,old
4728,20.500787258148193,1.5712365257106304,obse,cracker_scene1,50,old
4729,20.50528645515442,1.571301161287943,obse,cracker_scene1,50,old
4730,20.509608507156372,1.571301161287943,obse,cracker_scene1,50,old
4731,20.51402735710144,1.570241497488488,obse,cracker_scene1,50,old
4732,20.51842474937439,1.5702107908399041,obse,cracker_scene1,50,old
4733,20.52279043197632,1.5702107908399041,obse,cracker_scene1,50,old
4734,20.527079105377197,1.5713298625655572,obse,cracker_scene1,50,old
4735,20.53143334388733,1.5713298625655572,obse,cracker_scene1,50,old
4736,20.535887718200684,1.5713467697376267,obse,cracker_scene1,50,old
4737,20.540214776992798,1.5713467697376267,obse,cracker_scene1,50,old
4738,20.544639348983765,1.5702031855927627,obse,cracker_scene1,50,old
4739,20.54903268814087,1.5702031855927627,obse,cracker_scene1,50,old
4740,20.553375244140625,1.570266096173679,obse,cracker_scene1,50,old
4741,20.557880640029907,1.570266096173679,obse,cracker_scene1,50,old
4742,20.562310934066772,1.5703195516183834,obse,cracker_scene1,50,old
4743,20.566558599472046,1.5703195516183834,obse,cracker_scene1,50,old
4744,20.57140302658081,1.5705624985683082,obse,cracker_scene1,50,old
4745,20.575475215911865,1.5705624985683082,obse,cracker_scene1,50,old
4746,20.579960346221924,1.5703267396576015,obse,cracker_scene1,50,old
4747,20.584033727645874,1.5703267396576015,obse,cracker_scene1,50,old
4748,20.588594436645508,1.5712212647777823,obse,cracker_scene1,50,old
4749,20.59270477294922,1.5712212647777823,obse,cracker_scene1,50,old
4750,20.597166776657104,1.5702504514611597,obse,cracker_scene1,50,old
4751,20.601346731185913,1.5702474206608743,obse,cracker_scene1,50,old
4752,20.60585045814514,1.5702474206608743,obse,cracker_scene1,50,old
4753,20.610016345977783,1.5702474206608743,obse,cracker_scene1,50,old
4754,20.614431858062744,1.5713899272717224,obse,cracker_scene1,50,old
4755,20.618802309036255,1.5713879232045862,obse,cracker_scene1,50,old
4756,20.623097896575928,1.5713879232045862,obse,cracker_scene1,50,old
4757,20.627400875091553,1.5713379286194238,obse,cracker_scene1,50,old
4758,20.63156270980835,1.5713379286194238,obse,cracker_scene1,50,old
4759,20.635703802108765,1.5712738221177807,obse,cracker_scene1,50,old
4760,20.64039444923401,1.5712738221177807,obse,cracker_scene1,50,old
4761,20.644697189331055,1.5702179638147102,obse,cracker_scene1,50,old
4762,20.649009466171265,1.570229200225568,obse,cracker_scene1,50,old
4763,20.65349841117859,1.5713703002784642,obse,cracker_scene1,50,old
4764,20.65760564804077,1.5713703002784642,obse,cracker_scene1,50,old
4765,20.662047147750854,1.5704059970774953,obse,cracker_scene1,50,old
4766,20.66609025001526,1.5704059970774953,obse,cracker_scene1,50,old
4767,20.670613050460815,1.5713038668282318,obse,cracker_scene1,50,old
4768,20.674774885177612,1.5713038668282318,obse,cracker_scene1,50,old
4769,20.679455280303955,1.5712934368856786,obse,cracker_scene1,50,old
4770,20.683594942092896,1.5712934368856786,obse,cracker_scene1,50,old
4771,20.688151121139526,1.5702190082461849,obse,cracker_scene1,50,old
4772,20.69219446182251,1.5702190082461849,obse,cracker_scene1,50,old
4773,20.696787118911743,1.571258756181157,obse,cracker_scene1,50,old
4774,20.700886726379395,1.571258756181157,obse,cracker_scene1,50,old
4775,20.7053861618042,1.5712304952364615,obse,cracker_scene1,50,old
4776,20.709508419036865,1.5712304952364615,obse,cracker_scene1,50,old
4777,20.713913440704346,1.5713257507573628,obse,cracker_scene1,50,old
4778,20.718047857284546,1.5713257507573628,obse,cracker_scene1,50,old
4779,20.722466230392456,1.570185542672892,obse,cracker_scene1,50,old
4780,20.726762533187866,1.570185542672892,obse,cracker_scene1,50,old
4781,20.731227159500122,1.5712114761884823,obse,cracker_scene1,50,old
4782,20.736035108566284,1.5712606682941352,obse,cracker_scene1,50,old
4783,20.74030613899231,1.5712606682941352,obse,cracker_scene1,50,old
4784,20.744835376739502,1.5702372642389557,obse,cracker_scene1,50,old
4785,20.74896740913391,1.5702372642389557,obse,cracker_scene1,50,old
4786,20.753270387649536,1.5704666540363004,obse,cracker_scene1,50,old
4787,20.757646083831787,1.5704666540363004,obse,cracker_scene1,50,old
4788,20.762179136276245,1.5713189221002208,obse,cracker_scene1,50,old
4789,20.766207218170166,1.5713189221002208,obse,cracker_scene1,50,old
4790,20.770763874053955,1.5701692166940173,obse,cracker_scene1,50,old
4791,20.77509617805481,1.5701692166940173,obse,cracker_scene1,50,old
4792,20.77956986427307,1.5702413588990147,obse,cracker_scene1,50,old
4793,20.78361415863037,1.5702413588990147,obse,cracker_scene1,50,old
4794,20.78804588317871,1.5712575868142329,obse,cracker_scene1,50,old
4795,20.79215717315674,1.5712575868142329,obse,cracker_scene1,50,old
4796,20.79665732383728,1.5703355027976098,obse,cracker_scene1,50,old
4797,20.800780296325684,1.5703355027976098,obse,cracker_scene1,50,old
4798,20.80534052848816,1.5711510037463583,obse,cracker_scene1,50,old
4799,20.809460163116455,1.5711510037463583,obse,cracker_scene1,50,old
4800,20.81386113166809,1.5711725292019887,obse,cracker_scene1,50,old
4801,20.81796431541443,1.5711725292019887,obse,cracker_scene1,50,old
4802,20.82241463661194,1.5702288810134153,obse,cracker_scene1,50,old
4803,20.82668924331665,1.5712867680730938,obse,cracker_scene1,50,old
4804,20.831085443496704,1.5713233628685321,obse,cracker_scene1,50,old
4805,20.835312128067017,1.5714474165896748,obse,cracker_scene1,50,old
4806,20.840049266815186,1.5714474165896748,obse,cracker_scene1,50,old
4807,20.844455003738403,1.5701701159519637,obse,cracker_scene1,50,old
4808,20.848791122436523,1.5701701159519637,obse,cracker_scene1,50,old
4809,20.853022575378418,1.570163058287795,obse,cracker_scene1,50,old
4810,20.857069730758667,1.570163058287795,obse,cracker_scene1,50,old
4811,20.8611159324646,1.570163058287795,obse,cracker_scene1,50,old
4812,20.865108728408813,1.570163058287795,obse,cracker_scene1,50,old
4813,20.86908221244812,1.570163058287795,obse,cracker_scene1,50,old
4814,20.873045682907104,1.570163058287795,obse,cracker_scene1,50,old
4815,20.877086877822876,1.570163058287795,obse,cracker_scene1,50,old
4816,20.881124019622803,1.570163058287795,obse,cracker_scene1,50,old
4817,20.885009288787842,1.570163058287795,obse,cracker_scene1,50,old
4818,20.889017581939697,1.570163058287795,obse,cracker_scene1,50,old
4819,20.892988920211792,1.570163058287795,obse,cracker_scene1,50,old
4820,20.896989822387695,1.570163058287795,obse,cracker_scene1,50,old
4821,20.900879859924316,1.570163058287795,obse,cracker_scene1,50,old
4822,20.904844045639038,1.570163058287795,obse,cracker_scene1,50,old
4823,20.908759355545044,1.570163058287795,obse,cracker_scene1,50,old
4824,20.9127094745636,1.570163058287795,obse,cracker_scene1,50,old
4825,20.91659188270569,1.570163058287795,obse,cracker_scene1,50,old
4826,20.9205219745636,1.570163058287795,obse,cracker_scene1,50,old
4827,20.924480676651,1.570163058287795,obse,cracker_scene1,50,old
4828,20.928462743759155,1.570163058287795,obse,cracker_scene1,50,old
4829,20.932350635528564,1.570163058287795,obse,cracker_scene1,50,old
4830,20.936368227005005,1.570163058287795,obse,cracker_scene1,50,old
4831,20.940508604049683,1.570163058287795,obse,cracker_scene1,50,old
4832,20.944462537765503,1.570163058287795,obse,cracker_scene1,50,old
4833,20.94859218597412,1.570163058287795,obse,cracker_scene1,50,old
4834,20.952667236328125,1.570163058287795,obse,cracker_scene1,50,old
4835,20.956697463989258,1.570163058287795,obse,cracker_scene1,50,old
4836,20.960644960403442,1.570163058287795,obse,cracker_scene1,50,old
4837,20.964622974395752,1.570163058287795,obse,cracker_scene1,50,old
4838,20.96855902671814,1.570163058287795,obse,cracker_scene1,50,old
4839,20.97261929512024,1.570163058287795,obse,cracker_scene1,50,old
4840,20.97664165496826,1.570163058287795,obse,cracker_scene1,50,old
4841,20.980687856674194,1.570163058287795,obse,cracker_scene1,50,old
4842,20.984620094299316,1.570163058287795,obse,cracker_scene1,50,old
4843,20.988974809646606,1.570163058287795,obse,cracker_scene1,50,old
4844,20.99427843093872,1.570163058287795,obse,cracker_scene1,50,old
4845,20.9991614818573,1.570163058287795,obse,cracker_scene1,50,old
4846,21.003745794296265,1.570163058287795,obse,cracker_scene1,50,old
4847,21.008373498916626,1.570163058287795,obse,cracker_scene1,50,old
4848,21.012925148010254,1.570163058287795,obse,cracker_scene1,50,old
4849,21.017287015914917,1.570163058287795,obse,cracker_scene1,50,old
4850,21.021353483200073,1.570163058287795,obse,cracker_scene1,50,old
4851,21.02536416053772,1.570163058287795,obse,cracker_scene1,50,old
4852,21.02937936782837,1.570163058287795,obse,cracker_scene1,50,old
4853,21.03325915336609,1.570163058287795,obse,cracker_scene1,50,old
4854,21.037184715270996,1.570163058287795,obse,cracker_scene1,50,old
4855,21.04104733467102,1.570163058287795,obse,cracker_scene1,50,old
4856,21.044914484024048,1.570163058287795,obse,cracker_scene1,50,old
4857,21.048808336257935,1.570163058287795,obse,cracker_scene1,50,old
4858,21.052737951278687,1.570163058287795,obse,cracker_scene1,50,old
4859,21.056605100631714,1.570163058287795,obse,cracker_scene1,50,old
4860,21.06047224998474,1.570163058287795,obse,cracker_scene1,50,old
4861,21.064374923706055,1.570163058287795,obse,cracker_scene1,50,old
4862,21.068232536315918,1.570163058287795,obse,cracker_scene1,50,old
4863,21.072121381759644,1.570163058287795,obse,cracker_scene1,50,old
4864,21.076030254364014,1.570163058287795,obse,cracker_scene1,50,old
4865,21.079940795898438,1.570163058287795,obse,cracker_scene1,50,old
4866,21.08381700515747,1.570163058287795,obse,cracker_scene1,50,old
4867,21.087697744369507,1.570163058287795,obse,cracker_scene1,50,old
4868,21.091586351394653,1.570163058287795,obse,cracker_scene1,50,old
4869,21.095472812652588,1.570163058287795,obse,cracker_scene1,50,old
4870,21.099356412887573,1.570163058287795,obse,cracker_scene1,50,old
4871,21.103468656539917,1.570163058287795,obse,cracker_scene1,50,old
4872,21.107320070266724,1.570163058287795,obse,cracker_scene1,50,old
4873,21.11118745803833,1.570163058287795,obse,cracker_scene1,50,old
4874,21.11504101753235,1.570163058287795,obse,cracker_scene1,50,old
4875,21.119171142578125,1.570163058287795,obse,cracker_scene1,50,old
4876,21.123083114624023,1.570163058287795,obse,cracker_scene1,50,old
4877,21.126997232437134,1.570163058287795,obse,cracker_scene1,50,old
4878,21.13088035583496,1.570163058287795,obse,cracker_scene1,50,old
4879,21.134754180908203,1.570163058287795,obse,cracker_scene1,50,old
4880,21.138655424118042,1.570163058287795,obse,cracker_scene1,50,old
4881,21.142534732818604,1.570163058287795,obse,cracker_scene1,50,old
4882,21.146449327468872,1.570163058287795,obse,cracker_scene1,50,old
4883,21.15030598640442,1.570163058287795,obse,cracker_scene1,50,old
4884,21.15418243408203,1.570163058287795,obse,cracker_scene1,50,old
4885,21.158087968826294,1.570163058287795,obse,cracker_scene1,50,old
4886,21.161951303482056,1.570163058287795,obse,cracker_scene1,50,old
4887,21.165793895721436,1.570163058287795,obse,cracker_scene1,50,old
4888,21.16968083381653,1.570163058287795,obse,cracker_scene1,50,old
4889,21.17355751991272,1.570163058287795,obse,cracker_scene1,50,old
4890,21.17754316329956,1.570163058287795,obse,cracker_scene1,50,old
4891,21.1814444065094,1.570163058287795,obse,cracker_scene1,50,old
4892,21.185312271118164,1.570163058287795,obse,cracker_scene1,50,old
4893,21.189184427261353,1.570163058287795,obse,cracker_scene1,50,old
4894,21.193093061447144,1.570163058287795,obse,cracker_scene1,50,old
4895,21.196933031082153,1.570163058287795,obse,cracker_scene1,50,old
4896,21.20077919960022,1.570163058287795,obse,cracker_scene1,50,old
4897,21.204707860946655,1.570163058287795,obse,cracker_scene1,50,old
4898,21.208813428878784,1.570163058287795,obse,cracker_scene1,50,old
4899,21.213000535964966,1.570163058287795,obse,cracker_scene1,50,old
4900,21.217166423797607,1.570163058287795,obse,cracker_scene1,50,old
4901,21.221395015716553,1.570163058287795,obse,cracker_scene1,50,old
4902,21.225581169128418,1.570163058287795,obse,cracker_scene1,50,old
4903,21.229538679122925,1.570163058287795,obse,cracker_scene1,50,old
4904,21.233688592910767,1.570163058287795,obse,cracker_scene1,50,old
4905,21.237664699554443,1.570163058287795,obse,cracker_scene1,50,old
4906,21.241663932800293,1.570163058287795,obse,cracker_scene1,50,old
4907,21.245580673217773,1.570163058287795,obse,cracker_scene1,50,old
4908,21.249420404434204,1.570163058287795,obse,cracker_scene1,50,old
4909,21.25329566001892,1.570163058287795,obse,cracker_scene1,50,old
4910,21.257174968719482,1.570163058287795,obse,cracker_scene1,50,old
4911,21.261171102523804,1.570163058287795,obse,cracker_scene1,50,old
4912,21.26503038406372,1.570163058287795,obse,cracker_scene1,50,old
4913,21.268868923187256,1.570163058287795,obse,cracker_scene1,50,old
4914,21.272719621658325,1.570163058287795,obse,cracker_scene1,50,old
4915,21.276647329330444,1.570163058287795,obse,cracker_scene1,50,old
4916,21.2805757522583,1.570163058287795,obse,cracker_scene1,50,old
4917,21.284433841705322,1.570163058287795,obse,cracker_scene1,50,old
4918,21.288334608078003,1.570163058287795,obse,cracker_scene1,50,old
4919,21.29217553138733,1.570163058287795,obse,cracker_scene1,50,old
4920,21.296061754226685,1.570163058287795,obse,cracker_scene1,50,old
4921,21.299920558929443,1.570163058287795,obse,cracker_scene1,50,old
4922,21.303786993026733,1.570163058287795,obse,cracker_scene1,50,old
4923,21.307633876800537,1.570163058287795,obse,cracker_scene1,50,old
4924,21.311525106430054,1.570163058287795,obse,cracker_scene1,50,old
4925,21.315338611602783,1.570163058287795,obse,cracker_scene1,50,old
4926,21.319215297698975,1.570163058287795,obse,cracker_scene1,50,old
4927,21.323107481002808,1.570163058287795,obse,cracker_scene1,50,old
4928,21.32697343826294,1.570163058287795,obse,cracker_scene1,50,old
4929,21.330840349197388,1.570163058287795,obse,cracker_scene1,50,old
4930,21.334723949432373,1.570163058287795,obse,cracker_scene1,50,old
4931,21.338603019714355,1.570163058287795,obse,cracker_scene1,50,old
4932,21.342435836791992,1.570163058287795,obse,cracker_scene1,50,old
4933,21.346336126327515,1.570163058287795,obse,cracker_scene1,50,old
4934,21.35027050971985,1.570163058287795,obse,cracker_scene1,50,old
4935,21.354153633117676,1.570163058287795,obse,cracker_scene1,50,old
4936,21.35801076889038,1.570163058287795,obse,cracker_scene1,50,old
4937,21.361881017684937,1.570163058287795,obse,cracker_scene1,50,old
4938,21.365726709365845,1.570163058287795,obse,cracker_scene1,50,old
4939,21.36959195137024,1.570163058287795,obse,cracker_scene1,50,old
4940,21.373445987701416,1.570163058287795,obse,cracker_scene1,50,old
4941,21.377340078353882,1.570163058287795,obse,cracker_scene1,50,old
4942,21.381232500076294,1.570163058287795,obse,cracker_scene1,50,old
4943,21.3851318359375,1.570163058287795,obse,cracker_scene1,50,old
4944,21.38901686668396,1.570163058287795,obse,cracker_scene1,50,old
4945,21.39287543296814,1.570163058287795,obse,cracker_scene1,50,old
4946,21.396745681762695,1.570163058287795,obse,cracker_scene1,50,old
4947,21.400572538375854,1.570163058287795,obse,cracker_scene1,50,old
4948,21.404447078704834,1.570163058287795,obse,cracker_scene1,50,old
4949,21.40836787223816,1.570163058287795,obse,cracker_scene1,50,old
4950,21.41224479675293,1.570163058287795,obse,cracker_scene1,50,old
4951,21.41612219810486,1.570163058287795,obse,cracker_scene1,50,old
4952,21.41998314857483,1.570163058287795,obse,cracker_scene1,50,old
4953,21.4239444732666,1.570163058287795,obse,cracker_scene1,50,old
4954,21.427807092666626,1.570163058287795,obse,cracker_scene1,50,old
4955,21.431700944900513,1.570163058287795,obse,cracker_scene1,50,old
4956,21.435697317123413,1.570163058287795,obse,cracker_scene1,50,old
4957,21.439626455307007,1.570163058287795,obse,cracker_scene1,50,old
4958,21.44358468055725,1.570163058287795,obse,cracker_scene1,50,old
4959,21.447489738464355,1.570163058287795,obse,cracker_scene1,50,old
4960,21.451308250427246,1.570163058287795,obse,cracker_scene1,50,old
4961,21.455225706100464,1.570163058287795,obse,cracker_scene1,50,old
4962,21.459157466888428,1.570163058287795,obse,cracker_scene1,50,old
4963,21.463010549545288,1.570163058287795,obse,cracker_scene1,50,old
4964,21.466841220855713,1.570163058287795,obse,cracker_scene1,50,old
4965,21.470749855041504,1.570163058287795,obse,cracker_scene1,50,old
4966,21.47464370727539,1.570163058287795,obse,cracker_scene1,50,old
4967,21.478582859039307,1.570163058287795,obse,cracker_scene1,50,old
4968,21.482426404953003,1.570163058287795,obse,cracker_scene1,50,old
4969,21.48627495765686,1.570163058287795,obse,cracker_scene1,50,old
4970,21.490135669708252,1.570163058287795,obse,cracker_scene1,50,old
4971,21.494006395339966,1.570163058287795,obse,cracker_scene1,50,old
4972,21.49787449836731,1.570163058287795,obse,cracker_scene1,50,old
4973,21.501734733581543,1.570163058287795,obse,cracker_scene1,50,old
4974,21.505720853805542,1.570163058287795,obse,cracker_scene1,50,old
4975,21.509576559066772,1.570163058287795,obse,cracker_scene1,50,old
4976,21.51344060897827,1.570163058287795,obse,cracker_scene1,50,old
4977,21.51725935935974,1.570163058287795,obse,cracker_scene1,50,old
4978,21.521130323410034,1.570163058287795,obse,cracker_scene1,50,old
4979,21.524991512298584,1.570163058287795,obse,cracker_scene1,50,old
4980,21.528874397277832,1.570163058287795,obse,cracker_scene1,50,old
4981,21.53273320198059,1.570163058287795,obse,cracker_scene1,50,old
4982,21.53660297393799,1.570163058287795,obse,cracker_scene1,50,old
4983,21.54049849510193,1.570163058287795,obse,cracker_scene1,50,old
4984,21.544400215148926,1.570163058287795,obse,cracker_scene1,50,old
4985,21.548303604125977,1.570163058287795,obse,cracker_scene1,50,old
4986,21.552189588546753,1.570163058287795,obse,cracker_scene1,50,old
4987,21.556031227111816,1.570163058287795,obse,cracker_scene1,50,old
4988,21.55987572669983,1.570163058287795,obse,cracker_scene1,50,old
4989,21.563744068145752,1.570163058287795,obse,cracker_scene1,50,old
4990,21.567604303359985,1.570163058287795,obse,cracker_scene1,50,old
4991,21.57149863243103,1.570163058287795,obse,cracker_scene1,50,old
4992,21.575356006622314,1.570163058287795,obse,cracker_scene1,50,old
4993,21.579291343688965,1.570163058287795,obse,cracker_scene1,50,old
4994,21.58316159248352,1.570163058287795,obse,cracker_scene1,50,old
4995,21.587008476257324,1.570163058287795,obse,cracker_scene1,50,old
4996,21.590909004211426,1.570163058287795,obse,cracker_scene1,50,old
4997,21.59482502937317,1.570163058287795,obse,cracker_scene1,50,old
4998,21.598689079284668,1.570163058287795,obse,cracker_scene1,50,old
4999,21.602562427520752,1.570163058287795,obse,cracker_scene1,50,old
5000,21.606454849243164,1.570163058287795,obse,cracker_scene1,50,old
5001,21.61031413078308,1.570163058287795,obse,cracker_scene1,50,old
5002,21.614181995391846,1.570163058287795,obse,cracker_scene1,50,old
5003,21.618029832839966,1.570163058287795,obse,cracker_scene1,50,old
5004,21.62194800376892,1.570163058287795,obse,cracker_scene1,50,old
5005,21.625835180282593,1.570163058287795,obse,cracker_scene1,50,old
5006,21.62972354888916,1.570163058287795,obse,cracker_scene1,50,old
5007,21.633569955825806,1.570163058287795,obse,cracker_scene1,50,old
5008,21.637467861175537,1.570163058287795,obse,cracker_scene1,50,old
5009,21.64135479927063,1.570163058287795,obse,cracker_scene1,50,old
5010,21.64525556564331,1.570163058287795,obse,cracker_scene1,50,old
5011,21.649086236953735,1.570163058287795,obse,cracker_scene1,50,old
5012,21.652969121932983,1.570163058287795,obse,cracker_scene1,50,old
5013,21.65681266784668,1.570163058287795,obse,cracker_scene1,50,old
5014,21.660664558410645,1.570163058287795,obse,cracker_scene1,50,old
5015,21.66451334953308,1.570163058287795,obse,cracker_scene1,50,old
5016,21.668349027633667,1.570163058287795,obse,cracker_scene1,50,old
5017,21.672250032424927,1.570163058287795,obse,cracker_scene1,50,old
5018,21.676130056381226,1.570163058287795,obse,cracker_scene1,50,old
5019,21.680049180984497,1.570163058287795,obse,cracker_scene1,50,old
5020,21.68390154838562,1.570163058287795,obse,cracker_scene1,50,old
5021,21.687742471694946,1.570163058287795,obse,cracker_scene1,50,old
5022,21.69158434867859,1.570163058287795,obse,cracker_scene1,50,old
5023,21.695428133010864,1.570163058287795,obse,cracker_scene1,50,old
5024,21.699268341064453,1.570163058287795,obse,cracker_scene1,50,old
5025,21.70316433906555,1.570163058287795,obse,cracker_scene1,50,old
5026,21.70702600479126,1.570163058287795,obse,cracker_scene1,50,old
5027,21.710875749588013,1.570163058287795,obse,cracker_scene1,50,old
5028,21.714738607406616,1.570163058287795,obse,cracker_scene1,50,old
5029,21.718558311462402,1.570163058287795,obse,cracker_scene1,50,old
5030,21.72242832183838,1.570163058287795,obse,cracker_scene1,50,old
5031,21.726252555847168,1.570163058287795,obse,cracker_scene1,50,old
5032,21.73017120361328,1.570163058287795,obse,cracker_scene1,50,old
5033,21.73438334465027,1.570163058287795,obse,cracker_scene1,50,old
5034,21.738332509994507,1.570163058287795,obse,cracker_scene1,50,old
5035,21.74232792854309,1.570163058287795,obse,cracker_scene1,50,old
5036,21.746265649795532,1.570163058287795,obse,cracker_scene1,50,old
5037,21.75014567375183,1.570163058287795,obse,cracker_scene1,50,old
5038,21.75403141975403,1.570163058287795,obse,cracker_scene1,50,old
5039,21.757957696914673,1.570163058287795,obse,cracker_scene1,50,old
5040,21.761850833892822,1.570163058287795,obse,cracker_scene1,50,old
5041,21.76570439338684,1.570163058287795,obse,cracker_scene1,50,old
5042,21.769582271575928,1.570163058287795,obse,cracker_scene1,50,old
5043,21.773460626602173,1.570163058287795,obse,cracker_scene1,50,old
5044,21.777373790740967,1.570163058287795,obse,cracker_scene1,50,old
5045,21.781263828277588,1.570163058287795,obse,cracker_scene1,50,old
5046,21.785122871398926,1.570163058287795,obse,cracker_scene1,50,old
5047,21.78897976875305,1.570163058287795,obse,cracker_scene1,50,old
5048,21.792848825454712,1.570163058287795,obse,cracker_scene1,50,old
5049,21.79671025276184,1.570163058287795,obse,cracker_scene1,50,old
5050,21.80057644844055,1.570163058287795,obse,cracker_scene1,50,old
5051,21.804433822631836,1.570163058287795,obse,cracker_scene1,50,old
5052,21.808297157287598,1.570163058287795,obse,cracker_scene1,50,old
5053,21.8121657371521,1.570163058287795,obse,cracker_scene1,50,old
5054,21.81600785255432,1.570163058287795,obse,cracker_scene1,50,old
5055,21.819838047027588,1.570163058287795,obse,cracker_scene1,50,old
5056,21.823680639266968,1.570163058287795,obse,cracker_scene1,50,old
5057,21.827524185180664,1.570163058287795,obse,cracker_scene1,50,old
5058,21.831359148025513,1.570163058287795,obse,cracker_scene1,50,old
5059,21.835219383239746,1.570163058287795,obse,cracker_scene1,50,old
5060,21.83909583091736,1.570163058287795,obse,cracker_scene1,50,old
5061,21.842925310134888,1.570163058287795,obse,cracker_scene1,50,old
5062,21.846795320510864,1.570163058287795,obse,cracker_scene1,50,old
5063,21.850672483444214,1.570163058287795,obse,cracker_scene1,50,old
5064,21.854576587677002,1.570163058287795,obse,cracker_scene1,50,old
5065,21.858428478240967,1.570163058287795,obse,cracker_scene1,50,old
5066,21.862330436706543,1.570163058287795,obse,cracker_scene1,50,old
5067,21.8661892414093,1.570163058287795,obse,cracker_scene1,50,old
5068,21.87008810043335,1.570163058287795,obse,cracker_scene1,50,old
5069,21.873937606811523,1.570163058287795,obse,cracker_scene1,50,old
5070,21.877924919128418,1.570163058287795,obse,cracker_scene1,50,old
5071,21.88177490234375,1.570163058287795,obse,cracker_scene1,50,old
5072,21.885648250579834,1.570163058287795,obse,cracker_scene1,50,old
5073,21.88950204849243,1.570163058287795,obse,cracker_scene1,50,old
5074,21.89336371421814,1.570163058287795,obse,cracker_scene1,50,old
5075,21.897254943847656,1.570163058287795,obse,cracker_scene1,50,old
5076,21.901090621948242,1.570163058287795,obse,cracker_scene1,50,old
5077,21.904972314834595,1.570163058287795,obse,cracker_scene1,50,old
5078,21.908853769302368,1.570163058287795,obse,cracker_scene1,50,old
5079,21.912705898284912,1.570163058287795,obse,cracker_scene1,50,old
5080,21.916549921035767,1.570163058287795,obse,cracker_scene1,50,old
5081,21.920426607131958,1.570163058287795,obse,cracker_scene1,50,old
5082,21.924310207366943,1.570163058287795,obse,cracker_scene1,50,old
5083,21.92821717262268,1.570163058287795,obse,cracker_scene1,50,old
5084,21.932072639465332,1.570163058287795,obse,cracker_scene1,50,old
5085,21.935921669006348,1.570163058287795,obse,cracker_scene1,50,old
5086,21.939818143844604,1.570163058287795,obse,cracker_scene1,50,old
5087,21.94367742538452,1.570163058287795,obse,cracker_scene1,50,old
5088,21.947584629058838,1.570163058287795,obse,cracker_scene1,50,old
5089,21.951382398605347,1.570163058287795,obse,cracker_scene1,50,old
5090,21.955247163772583,1.570163058287795,obse,cracker_scene1,50,old
5091,21.959134578704834,1.570163058287795,obse,cracker_scene1,50,old
5092,21.96302080154419,1.570163058287795,obse,cracker_scene1,50,old
5093,21.966854095458984,1.570163058287795,obse,cracker_scene1,50,old
5094,21.970701932907104,1.570163058287795,obse,cracker_scene1,50,old
5095,21.974592685699463,1.570163058287795,obse,cracker_scene1,50,old
5096,21.97854471206665,1.570163058287795,obse,cracker_scene1,50,old
5097,21.982429265975952,1.570163058287795,obse,cracker_scene1,50,old
5098,21.98630380630493,1.570163058287795,obse,cracker_scene1,50,old
5099,21.990197896957397,1.570163058287795,obse,cracker_scene1,50,old
5100,21.994078397750854,1.570163058287795,obse,cracker_scene1,50,old
5101,21.99792194366455,1.570163058287795,obse,cracker_scene1,50,old
5102,22.001777410507202,1.570163058287795,obse,cracker_scene1,50,old
5103,22.00564694404602,1.570163058287795,obse,cracker_scene1,50,old
5104,22.009737730026245,1.570163058287795,obse,cracker_scene1,50,old
5105,22.01422429084778,1.570163058287795,obse,cracker_scene1,50,old
5106,22.019387245178223,1.570163058287795,obse,cracker_scene1,50,old
5107,22.023536443710327,1.570163058287795,obse,cracker_scene1,50,old
5108,22.027437686920166,1.570163058287795,obse,cracker_scene1,50,old
5109,22.031283855438232,1.570163058287795,obse,cracker_scene1,50,old
5110,22.035297393798828,1.570163058287795,obse,cracker_scene1,50,old
5111,22.03923988342285,1.570163058287795,obse,cracker_scene1,50,old
5112,22.043233633041382,1.570163058287795,obse,cracker_scene1,50,old
5113,22.04712176322937,1.570163058287795,obse,cracker_scene1,50,old
5114,22.05098557472229,1.570163058287795,obse,cracker_scene1,50,old
5115,22.054923057556152,1.570163058287795,obse,cracker_scene1,50,old
5116,22.05888271331787,1.570163058287795,obse,cracker_scene1,50,old
5117,22.062756299972534,1.570163058287795,obse,cracker_scene1,50,old
5118,22.066609859466553,1.570163058287795,obse,cracker_scene1,50,old
5119,22.070538759231567,1.570163058287795,obse,cracker_scene1,50,old
5120,22.074401140213013,1.570163058287795,obse,cracker_scene1,50,old
5121,22.07835555076599,1.570163058287795,obse,cracker_scene1,50,old
5122,22.082250118255615,1.570163058287795,obse,cracker_scene1,50,old
5123,22.086147785186768,1.570163058287795,obse,cracker_scene1,50,old
5124,22.090022325515747,1.570163058287795,obse,cracker_scene1,50,old
5125,22.09386944770813,1.570163058287795,obse,cracker_scene1,50,old
5126,22.09772777557373,1.570163058287795,obse,cracker_scene1,50,old
5127,22.101595401763916,1.570163058287795,obse,cracker_scene1,50,old
5128,22.105485916137695,1.570163058287795,obse,cracker_scene1,50,old
5129,22.109329223632812,1.570163058287795,obse,cracker_scene1,50,old
5130,22.113201141357422,1.570163058287795,obse,cracker_scene1,50,old
5131,22.117106199264526,1.570163058287795,obse,cracker_scene1,50,old
5132,22.12121343612671,1.570163058287795,obse,cracker_scene1,50,old
5133,22.125205039978027,1.570163058287795,obse,cracker_scene1,50,old
5134,22.129164695739746,1.570163058287795,obse,cracker_scene1,50,old
5135,22.133068323135376,1.570163058287795,obse,cracker_scene1,50,old
5136,22.136948823928833,1.570163058287795,obse,cracker_scene1,50,old
5137,22.140893936157227,1.570163058287795,obse,cracker_scene1,50,old
5138,22.14478349685669,1.570163058287795,obse,cracker_scene1,50,old
5139,22.148643970489502,1.570163058287795,obse,cracker_scene1,50,old
5140,22.152568101882935,1.570163058287795,obse,cracker_scene1,50,old
5141,22.15643858909607,1.570163058287795,obse,cracker_scene1,50,old
5142,22.16030526161194,1.570163058287795,obse,cracker_scene1,50,old
5143,22.164172410964966,1.570163058287795,obse,cracker_scene1,50,old
5144,22.168082237243652,1.570163058287795,obse,cracker_scene1,50,old
5145,22.171950578689575,1.570163058287795,obse,cracker_scene1,50,old
5146,22.175849676132202,1.570163058287795,obse,cracker_scene1,50,old
5147,22.179811477661133,1.570163058287795,obse,cracker_scene1,50,old
5148,22.18368625640869,1.570163058287795,obse,cracker_scene1,50,old
5149,22.187566995620728,1.570163058287795,obse,cracker_scene1,50,old
5150,22.191375970840454,1.570163058287795,obse,cracker_scene1,50,old
5151,22.195254802703857,1.570163058287795,obse,cracker_scene1,50,old
5152,22.19912600517273,1.570163058287795,obse,cracker_scene1,50,old
5153,22.202998876571655,1.570163058287795,obse,cracker_scene1,50,old
5154,22.20683741569519,1.570163058287795,obse,cracker_scene1,50,old
5155,22.210704803466797,1.570163058287795,obse,cracker_scene1,50,old
5156,22.214606523513794,1.570163058287795,obse,cracker_scene1,50,old
5157,22.218477725982666,1.570163058287795,obse,cracker_scene1,50,old
5158,22.222333431243896,1.570163058287795,obse,cracker_scene1,50,old
5159,22.226223945617676,1.570163058287795,obse,cracker_scene1,50,old
5160,22.230093717575073,1.570163058287795,obse,cracker_scene1,50,old
5161,22.23430824279785,1.570163058287795,obse,cracker_scene1,50,old
5162,22.238237380981445,1.570163058287795,obse,cracker_scene1,50,old
5163,22.24226951599121,1.570163058287795,obse,cracker_scene1,50,old
5164,22.24621558189392,1.570163058287795,obse,cracker_scene1,50,old
5165,22.250091552734375,1.570163058287795,obse,cracker_scene1,50,old
5166,22.25402021408081,1.570163058287795,obse,cracker_scene1,50,old
5167,22.257969856262207,1.570163058287795,obse,cracker_scene1,50,old
5168,22.2618350982666,1.570163058287795,obse,cracker_scene1,50,old
5169,22.26566433906555,1.570163058287795,obse,cracker_scene1,50,old
5170,22.269522428512573,1.570163058287795,obse,cracker_scene1,50,old
5171,22.273481607437134,1.570163058287795,obse,cracker_scene1,50,old
5172,22.277489185333252,1.570163058287795,obse,cracker_scene1,50,old
5173,22.281490564346313,1.570163058287795,obse,cracker_scene1,50,old
5174,22.285486221313477,1.570163058287795,obse,cracker_scene1,50,old
5175,22.28948664665222,1.570163058287795,obse,cracker_scene1,50,old
5176,22.293508768081665,1.570163058287795,obse,cracker_scene1,50,old
5177,22.297418355941772,1.570163058287795,obse,cracker_scene1,50,old
5178,22.301286458969116,1.570163058287795,obse,cracker_scene1,50,old
