0,0.00020885467529296875,0.08756586274050615,obse,cracker_scene1,70,old
1,0.0022606849670410156,0.08756586274050615,obse,cracker_scene1,70,old
2,0.006766557693481445,0.08756586274050615,obse,cracker_scene1,70,old
3,0.011052370071411133,0.08758984023338895,obse,cracker_scene1,70,old
4,0.015258312225341797,0.08758984023338895,obse,cracker_scene1,70,old
5,0.020020723342895508,0.08709283356221677,obse,cracker_scene1,70,old
6,0.02458667755126953,0.08741270406755666,obse,cracker_scene1,70,old
7,0.028856515884399414,0.08741270406755666,obse,cracker_scene1,70,old
8,0.03335118293762207,0.08600258452349836,obse,cracker_scene1,70,old
9,0.03765869140625,0.08600258452349836,obse,cracker_scene1,70,old
10,0.04201793670654297,0.08588182405511406,obse,cracker_scene1,70,old
11,0.046262264251708984,0.08588182405511406,obse,cracker_scene1,70,old
12,0.05069756507873535,0.08588182405511406,obse,cracker_scene1,70,old
13,0.05538034439086914,0.08625626085510359,obse,cracker_scene1,70,old
14,0.05993962287902832,0.0847915091813208,obse,cracker_scene1,70,old
15,0.06490111351013184,0.08585320520960789,obse,cracker_scene1,70,old
16,0.06929945945739746,0.08585320520960789,obse,cracker_scene1,70,old
17,0.0735464096069336,0.0856916256999348,obse,cracker_scene1,70,old
18,0.07781076431274414,0.0856916256999348,obse,cracker_scene1,70,old
19,0.08260345458984375,0.08783921111512023,obse,cracker_scene1,70,old
20,0.08716893196105957,0.08907870234230289,obse,cracker_scene1,70,old
21,0.09155583381652832,0.08907870234230289,obse,cracker_scene1,70,old
22,0.09591102600097656,0.08907870234230289,obse,cracker_scene1,70,old
23,0.10030579566955566,0.08909847602279934,obse,cracker_scene1,70,old
24,0.10526895523071289,0.09477091570739342,obse,cracker_scene1,70,old
25,0.10976982116699219,0.09676135780883009,obse,cracker_scene1,70,old
26,0.11441302299499512,0.09753587977555812,obse,cracker_scene1,70,old
27,0.11942768096923828,0.09753587977555812,obse,cracker_scene1,70,old
28,0.12444067001342773,0.09806797137539021,obse,cracker_scene1,70,old
29,0.12947869300842285,0.09891797615136719,obse,cracker_scene1,70,old
30,0.13438963890075684,0.09891797615136719,obse,cracker_scene1,70,old
31,0.13944721221923828,0.09958671256668511,obse,cracker_scene1,70,old
32,0.14490485191345215,0.09958764906181636,obse,cracker_scene1,70,old
33,0.1503593921661377,0.09993096224770162,obse,cracker_scene1,70,old
34,0.15506863594055176,0.09999474205198382,obse,cracker_scene1,70,old
35,0.15964865684509277,0.09999474205198382,obse,cracker_scene1,70,old
36,0.16414523124694824,0.09970459831852489,obse,cracker_scene1,70,old
37,0.1688544750213623,0.10196493684161477,obse,cracker_scene1,70,old
38,0.17324352264404297,0.10127795742464181,obse,cracker_scene1,70,old
39,0.17753028869628906,0.10135689264091634,obse,cracker_scene1,70,old
40,0.18190693855285645,0.10093358862000407,obse,cracker_scene1,70,old
41,0.18622589111328125,0.10093358862000407,obse,cracker_scene1,70,old
42,0.1909956932067871,0.10005799457252976,obse,cracker_scene1,70,old
43,0.19533371925354004,0.10005799457252976,obse,cracker_scene1,70,old
44,0.19950509071350098,0.10005799457252976,obse,cracker_scene1,70,old
45,0.2040557861328125,0.09940616418926719,obse,cracker_scene1,70,old
46,0.2083137035369873,0.09879301449365727,obse,cracker_scene1,70,old
47,0.21249127388000488,0.09815434819702734,obse,cracker_scene1,70,old
48,0.21705126762390137,0.09815434819702734,obse,cracker_scene1,70,old
49,0.22136640548706055,0.09815434819702734,obse,cracker_scene1,70,old
50,0.22603392601013184,0.09793204209026637,obse,cracker_scene1,70,old
51,0.23073649406433105,0.09761015214024119,obse,cracker_scene1,70,old
52,0.2348029613494873,0.09761015214024119,obse,cracker_scene1,70,old
53,0.23895955085754395,0.09761015214024119,obse,cracker_scene1,70,old
54,0.24310946464538574,0.09761015214024119,obse,cracker_scene1,70,old
55,0.24751520156860352,0.09750307415135827,obse,cracker_scene1,70,old
56,0.25179314613342285,0.09750307415135827,obse,cracker_scene1,70,old
57,0.2567276954650879,0.10996192862367701,obse,cracker_scene1,70,old
58,0.2611546516418457,0.10996192862367701,obse,cracker_scene1,70,old
59,0.265575647354126,0.10996192862367701,obse,cracker_scene1,70,old
60,0.269791841506958,0.10996192862367701,obse,cracker_scene1,70,old
61,0.2741711139678955,0.10929396371831787,obse,cracker_scene1,70,old
62,0.27898216247558594,0.10824193179698853,obse,cracker_scene1,70,old
63,0.28353118896484375,0.10781349935825531,obse,cracker_scene1,70,old
64,0.2879211902618408,0.10781349935825531,obse,cracker_scene1,70,old
65,0.2922515869140625,0.10781349935825531,obse,cracker_scene1,70,old
66,0.29674696922302246,0.10786670517246508,obse,cracker_scene1,70,old
67,0.3012983798980713,0.10786670517246508,obse,cracker_scene1,70,old
68,0.3058936595916748,0.10431246711121309,obse,cracker_scene1,70,old
69,0.31012415885925293,0.10431246711121309,obse,cracker_scene1,70,old
70,0.3146841526031494,0.10347800085759282,obse,cracker_scene1,70,old
71,0.31917428970336914,0.10347800085759282,obse,cracker_scene1,70,old
72,0.3238041400909424,0.10347800085759282,obse,cracker_scene1,70,old
73,0.3285102844238281,0.10295352826685468,obse,cracker_scene1,70,old
74,0.3328683376312256,0.10295352826685468,obse,cracker_scene1,70,old
75,0.337247371673584,0.10230693100029706,obse,cracker_scene1,70,old
76,0.34145188331604004,0.10228919504885593,obse,cracker_scene1,70,old
77,0.3456308841705322,0.1018746895230157,obse,cracker_scene1,70,old
78,0.3499569892883301,0.10082601676815253,obse,cracker_scene1,70,old
79,0.35411977767944336,0.10082601676815253,obse,cracker_scene1,70,old
80,0.3584742546081543,0.0999562130254074,obse,cracker_scene1,70,old
81,0.36287713050842285,0.0999562130254074,obse,cracker_scene1,70,old
82,0.36717915534973145,0.10004258492569566,obse,cracker_scene1,70,old
83,0.3713374137878418,0.10004258492569566,obse,cracker_scene1,70,old
84,0.3758249282836914,0.10957634467296991,obse,cracker_scene1,70,old
85,0.3800950050354004,0.10843808264062729,obse,cracker_scene1,70,old
86,0.38454747200012207,0.10842906586474493,obse,cracker_scene1,70,old
87,0.38912487030029297,0.10987024591862106,obse,cracker_scene1,70,old
88,0.3933131694793701,0.10992483534673442,obse,cracker_scene1,70,old
89,0.39772891998291016,0.10991272710532375,obse,cracker_scene1,70,old
90,0.4019651412963867,0.10991272710532375,obse,cracker_scene1,70,old
91,0.40643978118896484,0.10967838027075755,obse,cracker_scene1,70,old
92,0.410550594329834,0.10967838027075755,obse,cracker_scene1,70,old
93,0.41520071029663086,0.1096280048058383,obse,cracker_scene1,70,old
94,0.41953587532043457,0.1096280048058383,obse,cracker_scene1,70,old
95,0.42391467094421387,0.10874513497145963,obse,cracker_scene1,70,old
96,0.4284524917602539,0.10889723765068723,obse,cracker_scene1,70,old
97,0.4327387809753418,0.10889723765068723,obse,cracker_scene1,70,old
98,0.4371528625488281,0.10865437358341043,obse,cracker_scene1,70,old
99,0.4417238235473633,0.12648388423763132,obse,cracker_scene1,70,old
100,0.4462106227874756,0.12627225606777923,obse,cracker_scene1,70,old
101,0.45040297508239746,0.12627225606777923,obse,cracker_scene1,70,old
102,0.4545555114746094,0.12627225606777923,obse,cracker_scene1,70,old
103,0.4596071243286133,0.12563922470126404,obse,cracker_scene1,70,old
104,0.465364933013916,0.12523851033817035,obse,cracker_scene1,70,old
105,0.469926118850708,0.12523851033817035,obse,cracker_scene1,70,old
106,0.48815178871154785,0.12523851033817035,obse,cracker_scene1,70,old
107,0.49306702613830566,0.12490681176131273,obse,cracker_scene1,70,old
108,0.49759769439697266,0.12326277073947525,obse,cracker_scene1,70,old
109,0.5015687942504883,0.12326277073947525,obse,cracker_scene1,70,old
110,0.505629301071167,0.12283236102601483,obse,cracker_scene1,70,old
111,0.509631872177124,0.12276874594118321,obse,cracker_scene1,70,old
112,0.5137839317321777,0.12276874594118321,obse,cracker_scene1,70,old
113,0.5180814266204834,0.12270751477594152,obse,cracker_scene1,70,old
114,0.5221550464630127,0.12195334339029748,obse,cracker_scene1,70,old
115,0.5266258716583252,0.12268996204508653,obse,cracker_scene1,70,old
116,0.5309109687805176,0.12204899049327533,obse,cracker_scene1,70,old
117,0.5352201461791992,0.12204899049327533,obse,cracker_scene1,70,old
118,0.5397191047668457,0.12204899049327533,obse,cracker_scene1,70,old
119,0.5441412925720215,0.1212331083145104,obse,cracker_scene1,70,old
120,0.5486433506011963,0.12036810497008954,obse,cracker_scene1,70,old
121,0.553551197052002,0.12036810497008954,obse,cracker_scene1,70,old
122,0.5584249496459961,0.12032252177460379,obse,cracker_scene1,70,old
123,0.5634815692901611,0.1202445374220531,obse,cracker_scene1,70,old
124,0.5680105686187744,0.11979534862887942,obse,cracker_scene1,70,old
125,0.5729906558990479,0.11984250984566547,obse,cracker_scene1,70,old
126,0.578068733215332,0.13190681331348664,obse,cracker_scene1,70,old
127,0.5829362869262695,0.13190681331348664,obse,cracker_scene1,70,old
128,0.587578296661377,0.13173793112256416,obse,cracker_scene1,70,old
129,0.5921571254730225,0.13066064807129063,obse,cracker_scene1,70,old
130,0.5962858200073242,0.13066064807129063,obse,cracker_scene1,70,old
131,0.6006731986999512,0.12981720438100108,obse,cracker_scene1,70,old
132,0.6049680709838867,0.13016009558223285,obse,cracker_scene1,70,old
133,0.6091387271881104,0.12937615150323456,obse,cracker_scene1,70,old
134,0.6133992671966553,0.1292263276203256,obse,cracker_scene1,70,old
135,0.6175861358642578,0.1292263276203256,obse,cracker_scene1,70,old
136,0.6217365264892578,0.1292263276203256,obse,cracker_scene1,70,old
137,0.6261587142944336,0.1292263276203256,obse,cracker_scene1,70,old
138,0.6303644180297852,0.1292263276203256,obse,cracker_scene1,70,old
139,0.6345102787017822,0.1292263276203256,obse,cracker_scene1,70,old
140,0.6396112442016602,0.1339014886728993,obse,cracker_scene1,70,old
141,0.6438443660736084,0.1339014886728993,obse,cracker_scene1,70,old
142,0.6484241485595703,0.1338358378163781,obse,cracker_scene1,70,old
143,0.6524806022644043,0.1338358378163781,obse,cracker_scene1,70,old
144,0.6569876670837402,0.13391676438124703,obse,cracker_scene1,70,old
145,0.6614909172058105,0.13304389761783658,obse,cracker_scene1,70,old
146,0.665919303894043,0.13287617761842538,obse,cracker_scene1,70,old
147,0.6702725887298584,0.13287617761842538,obse,cracker_scene1,70,old
148,0.6744046211242676,0.1323767807657278,obse,cracker_scene1,70,old
149,0.6784541606903076,0.1323767807657278,obse,cracker_scene1,70,old
150,0.6828117370605469,0.1325757298428054,obse,cracker_scene1,70,old
151,0.6869492530822754,0.1325757298428054,obse,cracker_scene1,70,old
152,0.6912779808044434,0.1327933086606375,obse,cracker_scene1,70,old
153,0.6959450244903564,0.13255443069170078,obse,cracker_scene1,70,old
154,0.7010259628295898,0.13148491151833178,obse,cracker_scene1,70,old
155,0.7052404880523682,0.14009842203727185,obse,cracker_scene1,70,old
156,0.7093565464019775,0.14009842203727185,obse,cracker_scene1,70,old
157,0.7135069370269775,0.14009842203727185,obse,cracker_scene1,70,old
158,0.7176525592803955,0.14009842203727185,obse,cracker_scene1,70,old
159,0.7218410968780518,0.14009842203727185,obse,cracker_scene1,70,old
160,0.7260937690734863,0.13933516950240854,obse,cracker_scene1,70,old
161,0.7304427623748779,0.13824272217847966,obse,cracker_scene1,70,old
162,0.7356696128845215,0.13798811129776034,obse,cracker_scene1,70,old
163,0.7405433654785156,0.13844381579833875,obse,cracker_scene1,70,old
164,0.7448170185089111,0.13844381579833875,obse,cracker_scene1,70,old
165,0.7501089572906494,0.13870521789879398,obse,cracker_scene1,70,old
166,0.7544546127319336,0.13921763825251432,obse,cracker_scene1,70,old
167,0.7588398456573486,0.13875035701800087,obse,cracker_scene1,70,old
168,0.7630445957183838,0.13875035701800087,obse,cracker_scene1,70,old
169,0.7679891586303711,0.13838268026693967,obse,cracker_scene1,70,old
170,0.7726385593414307,0.13603567825666119,obse,cracker_scene1,70,old
171,0.7773091793060303,0.13600777226732408,obse,cracker_scene1,70,old
172,0.7820277214050293,0.13780688662619145,obse,cracker_scene1,70,old
173,0.786522388458252,0.13780688662619145,obse,cracker_scene1,70,old
174,0.7908005714416504,0.13780688662619145,obse,cracker_scene1,70,old
175,0.7951972484588623,0.13759578344800527,obse,cracker_scene1,70,old
176,0.7993853092193604,0.13759578344800527,obse,cracker_scene1,70,old
177,0.8071773052215576,0.1373565859078969,obse,cracker_scene1,70,old
178,0.8124351501464844,0.13651367818571192,obse,cracker_scene1,70,old
179,0.8190042972564697,0.13548990421852913,obse,cracker_scene1,70,old
180,0.823246955871582,0.13548990421852913,obse,cracker_scene1,70,old
181,0.8277056217193604,0.13548990421852913,obse,cracker_scene1,70,old
182,0.8319249153137207,0.13548990421852913,obse,cracker_scene1,70,old
183,0.8364970684051514,0.1353888128389107,obse,cracker_scene1,70,old
184,0.8406760692596436,0.13485825757937242,obse,cracker_scene1,70,old
185,0.8448030948638916,0.13483663164120596,obse,cracker_scene1,70,old
186,0.8492445945739746,0.12668812044117495,obse,cracker_scene1,70,old
187,0.8533351421356201,0.12668812044117495,obse,cracker_scene1,70,old
188,0.8580386638641357,0.12642269870337852,obse,cracker_scene1,70,old
189,0.8624064922332764,0.12642269870337852,obse,cracker_scene1,70,old
190,0.8671796321868896,0.12642433800984687,obse,cracker_scene1,70,old
191,0.8726074695587158,0.1268047718052614,obse,cracker_scene1,70,old
192,0.8775906562805176,0.12705894292893483,obse,cracker_scene1,70,old
193,0.8821682929992676,0.12700339854984488,obse,cracker_scene1,70,old
194,0.8872382640838623,0.12614739727421398,obse,cracker_scene1,70,old
195,0.8921024799346924,0.12614739727421398,obse,cracker_scene1,70,old
196,0.8970413208007812,0.12589950064905242,obse,cracker_scene1,70,old
197,0.902569055557251,0.12589950064905242,obse,cracker_scene1,70,old
198,0.9079217910766602,0.12505427685435233,obse,cracker_scene1,70,old
199,0.9126029014587402,0.12505427685435233,obse,cracker_scene1,70,old
200,0.9170069694519043,0.12508833227205418,obse,cracker_scene1,70,old
201,0.921811580657959,0.12563132661277177,obse,cracker_scene1,70,old
202,0.9260344505310059,0.12563132661277177,obse,cracker_scene1,70,old
203,0.9303064346313477,0.12571712454433648,obse,cracker_scene1,70,old
204,0.9346444606781006,0.12571712454433648,obse,cracker_scene1,70,old
205,0.9390757083892822,0.12571712454433648,obse,cracker_scene1,70,old
206,0.943953275680542,0.12539105270885642,obse,cracker_scene1,70,old
207,0.9483518600463867,0.12536472581365032,obse,cracker_scene1,70,old
208,0.952505350112915,0.12536472581365032,obse,cracker_scene1,70,old
209,0.9569764137268066,0.12532733214738645,obse,cracker_scene1,70,old
210,0.9613525867462158,0.12529809003716252,obse,cracker_scene1,70,old
211,0.9656193256378174,0.12529809003716252,obse,cracker_scene1,70,old
212,0.9699490070343018,0.12529809003716252,obse,cracker_scene1,70,old
213,0.9749205112457275,0.1248630249383389,obse,cracker_scene1,70,old
214,0.9795124530792236,0.14024303354669154,obse,cracker_scene1,70,old
215,0.9838716983795166,0.1395257692502998,obse,cracker_scene1,70,old
216,0.988149881362915,0.1395257692502998,obse,cracker_scene1,70,old
217,0.9924004077911377,0.13931873555469743,obse,cracker_scene1,70,old
218,0.9965789318084717,0.13931873555469743,obse,cracker_scene1,70,old
219,1.0007257461547852,0.13931873555469743,obse,cracker_scene1,70,old
220,1.005089282989502,0.13922997502380152,obse,cracker_scene1,70,old
221,1.0093581676483154,0.1396669027672237,obse,cracker_scene1,70,old
222,1.0139989852905273,0.14041454378971796,obse,cracker_scene1,70,old
223,1.0183782577514648,0.14051456574261678,obse,cracker_scene1,70,old
224,1.023378849029541,0.14004095868259103,obse,cracker_scene1,70,old
225,1.0275094509124756,0.14004095868259103,obse,cracker_scene1,70,old
226,1.0321762561798096,0.13947284721534103,obse,cracker_scene1,70,old
227,1.036325454711914,0.13947284721534103,obse,cracker_scene1,70,old
228,1.040966272354126,0.1461845507742323,obse,cracker_scene1,70,old
229,1.0451786518096924,0.1461845507742323,obse,cracker_scene1,70,old
230,1.0498948097229004,0.14711417932809567,obse,cracker_scene1,70,old
231,1.0543348789215088,0.14711417932809567,obse,cracker_scene1,70,old
232,1.0585589408874512,0.14697223841201357,obse,cracker_scene1,70,old
233,1.0632283687591553,0.14746907047382507,obse,cracker_scene1,70,old
234,1.0673718452453613,0.14746907047382507,obse,cracker_scene1,70,old
235,1.071596384048462,0.14746907047382507,obse,cracker_scene1,70,old
236,1.075941801071167,0.14682930153955365,obse,cracker_scene1,70,old
237,1.0806536674499512,0.1470051479899901,obse,cracker_scene1,70,old
238,1.0849339962005615,0.1470051479899901,obse,cracker_scene1,70,old
239,1.0891985893249512,0.1470051479899901,obse,cracker_scene1,70,old
240,1.0938303470611572,0.14710177411142045,obse,cracker_scene1,70,old
241,1.0980494022369385,0.14710177411142045,obse,cracker_scene1,70,old
242,1.1029064655303955,0.1471339468523496,obse,cracker_scene1,70,old
243,1.1073839664459229,0.14641034066342762,obse,cracker_scene1,70,old
244,1.111649513244629,0.14641034066342762,obse,cracker_scene1,70,old
245,1.1163585186004639,0.15320905950523933,obse,cracker_scene1,70,old
246,1.1207315921783447,0.15320905950523933,obse,cracker_scene1,70,old
247,1.1257343292236328,0.15399963829322694,obse,cracker_scene1,70,old
248,1.1301350593566895,0.15430486031947854,obse,cracker_scene1,70,old
249,1.1345674991607666,0.15430486031947854,obse,cracker_scene1,70,old
250,1.1387367248535156,0.15430486031947854,obse,cracker_scene1,70,old
251,1.1431798934936523,0.15434049765358004,obse,cracker_scene1,70,old
252,1.148219108581543,0.15421327645664165,obse,cracker_scene1,70,old
253,1.1523857116699219,0.15383095762567045,obse,cracker_scene1,70,old
254,1.156398057937622,0.15383095762567045,obse,cracker_scene1,70,old
255,1.1605141162872314,0.1538122701332254,obse,cracker_scene1,70,old
256,1.1649959087371826,0.15426342831222534,obse,cracker_scene1,70,old
257,1.169365406036377,0.14777129171969786,obse,cracker_scene1,70,old
258,1.173356533050537,0.14777129171969786,obse,cracker_scene1,70,old
259,1.1775705814361572,0.1472462894890451,obse,cracker_scene1,70,old
260,1.1820409297943115,0.14695620864563266,obse,cracker_scene1,70,old
261,1.186164379119873,0.14695620864563266,obse,cracker_scene1,70,old
262,1.1905734539031982,0.1456139391948106,obse,cracker_scene1,70,old
263,1.1948013305664062,0.1456139391948106,obse,cracker_scene1,70,old
264,1.199242353439331,0.14671081197475896,obse,cracker_scene1,70,old
265,1.2041270732879639,0.14699244098946068,obse,cracker_scene1,70,old
266,1.208536148071289,0.14638245877925996,obse,cracker_scene1,70,old
267,1.2126765251159668,0.14638245877925996,obse,cracker_scene1,70,old
268,1.217040777206421,0.14638245877925996,obse,cracker_scene1,70,old
269,1.2214860916137695,0.14638245877925996,obse,cracker_scene1,70,old
270,1.225602388381958,0.14619154647862173,obse,cracker_scene1,70,old
271,1.2302639484405518,0.1455463411397804,obse,cracker_scene1,70,old
272,1.2345027923583984,0.14549500692974895,obse,cracker_scene1,70,old
273,1.239224910736084,0.14488235189516147,obse,cracker_scene1,70,old
274,1.2436490058898926,0.13764669126993828,obse,cracker_scene1,70,old
275,1.2478842735290527,0.13764669126993828,obse,cracker_scene1,70,old
276,1.2523460388183594,0.13675259690485167,obse,cracker_scene1,70,old
277,1.2565178871154785,0.13675259690485167,obse,cracker_scene1,70,old
278,1.2610125541687012,0.13667028724885544,obse,cracker_scene1,70,old
279,1.265479564666748,0.1366187353261438,obse,cracker_scene1,70,old
280,1.2697031497955322,0.1366187353261438,obse,cracker_scene1,70,old
281,1.2742633819580078,0.13712053810292227,obse,cracker_scene1,70,old
282,1.2785329818725586,0.13675406450457886,obse,cracker_scene1,70,old
283,1.2838115692138672,0.13567722149662967,obse,cracker_scene1,70,old
284,1.288851022720337,0.13555163265242887,obse,cracker_scene1,70,old
285,1.2937626838684082,0.13613284530876008,obse,cracker_scene1,70,old
286,1.298792839050293,0.1355230083281151,obse,cracker_scene1,70,old
287,1.3035259246826172,0.1355230083281151,obse,cracker_scene1,70,old
288,1.308741807937622,0.13681022310820523,obse,cracker_scene1,70,old
289,1.313533067703247,0.13733281864107272,obse,cracker_scene1,70,old
290,1.31854248046875,0.1368181729289618,obse,cracker_scene1,70,old
291,1.3233721256256104,0.13618222287869028,obse,cracker_scene1,70,old
292,1.3280611038208008,0.13618222287869028,obse,cracker_scene1,70,old
293,1.332906723022461,0.13514790099044902,obse,cracker_scene1,70,old
294,1.3376317024230957,0.13514790099044902,obse,cracker_scene1,70,old
295,1.343003511428833,0.13482733624940524,obse,cracker_scene1,70,old
296,1.347808599472046,0.1343429901428291,obse,cracker_scene1,70,old
297,1.352858543395996,0.1343429901428291,obse,cracker_scene1,70,old
298,1.357820749282837,0.1327270862311176,obse,cracker_scene1,70,old
299,1.3624544143676758,0.1327270862311176,obse,cracker_scene1,70,old
300,1.3666913509368896,0.1327270862311176,obse,cracker_scene1,70,old
301,1.3710503578186035,0.13206224598879462,obse,cracker_scene1,70,old
302,1.3758668899536133,0.1311858187927385,obse,cracker_scene1,70,old
303,1.3806023597717285,0.1311858187927385,obse,cracker_scene1,70,old
304,1.385206937789917,0.1311858187927385,obse,cracker_scene1,70,old
305,1.3892297744750977,0.1311858187927385,obse,cracker_scene1,70,old
306,1.3939485549926758,0.12295569832543027,obse,cracker_scene1,70,old
307,1.3990275859832764,0.12204418622653067,obse,cracker_scene1,70,old
308,1.4037964344024658,0.12204418622653067,obse,cracker_scene1,70,old
309,1.4089093208312988,0.12130817017037383,obse,cracker_scene1,70,old
310,1.4138565063476562,0.12084080867717414,obse,cracker_scene1,70,old
311,1.418755292892456,0.12167061271596195,obse,cracker_scene1,70,old
312,1.423548698425293,0.1214844601176138,obse,cracker_scene1,70,old
313,1.4279437065124512,0.1214844601176138,obse,cracker_scene1,70,old
314,1.4329023361206055,0.12008808515568037,obse,cracker_scene1,70,old
315,1.4378180503845215,0.12440790481867127,obse,cracker_scene1,70,old
316,1.4428315162658691,0.12344728653302735,obse,cracker_scene1,70,old
317,1.4475669860839844,0.12344728653302735,obse,cracker_scene1,70,old
318,1.4521353244781494,0.12369582393687313,obse,cracker_scene1,70,old
319,1.456275224685669,0.12369582393687313,obse,cracker_scene1,70,old
320,1.460533618927002,0.12335096921161097,obse,cracker_scene1,70,old
321,1.4646525382995605,0.12335096921161097,obse,cracker_scene1,70,old
322,1.4695355892181396,0.12349803541209665,obse,cracker_scene1,70,old
323,1.4736990928649902,0.12288006877949476,obse,cracker_scene1,70,old
324,1.4778163433074951,0.12288006877949476,obse,cracker_scene1,70,old
325,1.482203483581543,0.12288006877949476,obse,cracker_scene1,70,old
326,1.486595869064331,0.12281971985639598,obse,cracker_scene1,70,old
327,1.4907727241516113,0.12281971985639598,obse,cracker_scene1,70,old
328,1.494884729385376,0.12281971985639598,obse,cracker_scene1,70,old
329,1.499060869216919,0.12281971985639598,obse,cracker_scene1,70,old
330,1.5035779476165771,0.12312859163589507,obse,cracker_scene1,70,old
331,1.5081779956817627,0.12114921970545485,obse,cracker_scene1,70,old
332,1.5127379894256592,0.12333611643121534,obse,cracker_scene1,70,old
333,1.5169973373413086,0.12333611643121534,obse,cracker_scene1,70,old
334,1.5211739540100098,0.12333611643121534,obse,cracker_scene1,70,old
335,1.5256452560424805,0.12267731232507233,obse,cracker_scene1,70,old
336,1.5296380519866943,0.12267731232507233,obse,cracker_scene1,70,old
337,1.5339009761810303,0.12206676216004868,obse,cracker_scene1,70,old
338,1.5380475521087646,0.12206676216004868,obse,cracker_scene1,70,old
339,1.542360782623291,0.1218946868613217,obse,cracker_scene1,70,old
340,1.5466289520263672,0.12124823591190484,obse,cracker_scene1,70,old
341,1.5509474277496338,0.12163857952069514,obse,cracker_scene1,70,old
342,1.5550742149353027,0.12163857952069514,obse,cracker_scene1,70,old
343,1.5591435432434082,0.12163857952069514,obse,cracker_scene1,70,old
344,1.5633337497711182,0.1216700861549039,obse,cracker_scene1,70,old
345,1.5682377815246582,0.12290116968463807,obse,cracker_scene1,70,old
346,1.5723729133605957,0.12471553455149031,obse,cracker_scene1,70,old
347,1.576817274093628,0.12325363563232597,obse,cracker_scene1,70,old
348,1.581526279449463,0.12375471708728941,obse,cracker_scene1,70,old
349,1.585723638534546,0.12422288001120146,obse,cracker_scene1,70,old
350,1.589967966079712,0.1245238014911586,obse,cracker_scene1,70,old
351,1.5944366455078125,0.1245238014911586,obse,cracker_scene1,70,old
352,1.5985963344573975,0.1245238014911586,obse,cracker_scene1,70,old
353,1.6032063961029053,0.12427658991904152,obse,cracker_scene1,70,old
354,1.6075599193572998,0.12391533375280134,obse,cracker_scene1,70,old
355,1.6118392944335938,0.12391533375280134,obse,cracker_scene1,70,old
356,1.6165437698364258,0.12369913804607287,obse,cracker_scene1,70,old
357,1.6212687492370605,0.12369913804607287,obse,cracker_scene1,70,old
358,1.6254963874816895,0.12370027953530494,obse,cracker_scene1,70,old
359,1.6298871040344238,0.12333884501258441,obse,cracker_scene1,70,old
360,1.634202241897583,0.12333884501258441,obse,cracker_scene1,70,old
361,1.638429880142212,0.12333884501258441,obse,cracker_scene1,70,old
362,1.6425845623016357,0.12333884501258441,obse,cracker_scene1,70,old
363,1.6467063426971436,0.12333884501258441,obse,cracker_scene1,70,old
364,1.6513309478759766,0.12333884501258441,obse,cracker_scene1,70,old
365,1.6555020809173584,0.1232146229909942,obse,cracker_scene1,70,old
366,1.6598668098449707,0.1232146229909942,obse,cracker_scene1,70,old
367,1.664130449295044,0.12291951395566186,obse,cracker_scene1,70,old
368,1.669182538986206,0.13273767090637928,obse,cracker_scene1,70,old
369,1.6739263534545898,0.13262281258381658,obse,cracker_scene1,70,old
370,1.6781976222991943,0.13262281258381658,obse,cracker_scene1,70,old
371,1.682361125946045,0.13262281258381658,obse,cracker_scene1,70,old
372,1.6868619918823242,0.133794138431225,obse,cracker_scene1,70,old
373,1.6912388801574707,0.13321622841888486,obse,cracker_scene1,70,old
374,1.6957337856292725,0.13372214492196963,obse,cracker_scene1,70,old
375,1.699932336807251,0.13372214492196963,obse,cracker_scene1,70,old
376,1.7041313648223877,0.13372214492196963,obse,cracker_scene1,70,old
377,1.7086315155029297,0.13361481821651794,obse,cracker_scene1,70,old
378,1.7128584384918213,0.13361481821651794,obse,cracker_scene1,70,old
379,1.7170207500457764,0.13361481821651794,obse,cracker_scene1,70,old
380,1.7211542129516602,0.13361481821651794,obse,cracker_scene1,70,old
381,1.7253525257110596,0.13361481821651794,obse,cracker_scene1,70,old
382,1.730405330657959,0.12590587305071235,obse,cracker_scene1,70,old
383,1.735870361328125,0.12590587305071235,obse,cracker_scene1,70,old
384,1.7404227256774902,0.12756569094428427,obse,cracker_scene1,70,old
385,1.7445733547210693,0.12756569094428427,obse,cracker_scene1,70,old
386,1.749094009399414,0.12727787582119504,obse,cracker_scene1,70,old
387,1.753857135772705,0.12634085920393495,obse,cracker_scene1,70,old
388,1.7591748237609863,0.1280366276056403,obse,cracker_scene1,70,old
389,1.7638936042785645,0.1280366276056403,obse,cracker_scene1,70,old
390,1.7689189910888672,0.1285151404748806,obse,cracker_scene1,70,old
391,1.7736265659332275,0.11889506193995379,obse,cracker_scene1,70,old
392,1.778613567352295,0.11865037088731782,obse,cracker_scene1,70,old
393,1.7840118408203125,0.11747289095175228,obse,cracker_scene1,70,old
394,1.7880589962005615,0.11689081872928361,obse,cracker_scene1,70,old
395,1.7923855781555176,0.11689081872928361,obse,cracker_scene1,70,old
396,1.7964122295379639,0.11628087751532534,obse,cracker_scene1,70,old
397,1.8006041049957275,0.11628087751532534,obse,cracker_scene1,70,old
398,1.8048040866851807,0.11628087751532534,obse,cracker_scene1,70,old
399,1.809650182723999,0.1165132060464363,obse,cracker_scene1,70,old
400,1.8143486976623535,0.11751551456218169,obse,cracker_scene1,70,old
401,1.8190348148345947,0.11718045444244182,obse,cracker_scene1,70,old
402,1.823819875717163,0.1171027241789299,obse,cracker_scene1,70,old
403,1.8285934925079346,0.11771252234573555,obse,cracker_scene1,70,old
404,1.8333733081817627,0.11677937501289733,obse,cracker_scene1,70,old
405,1.8383879661560059,0.11849038505483976,obse,cracker_scene1,70,old
406,1.8433713912963867,0.11596951758623565,obse,cracker_scene1,70,old
407,1.8480045795440674,0.11602724465170292,obse,cracker_scene1,70,old
408,1.8523037433624268,0.11602724465170292,obse,cracker_scene1,70,old
409,1.8571114540100098,0.11994737690046177,obse,cracker_scene1,70,old
410,1.8614675998687744,0.11982023427299827,obse,cracker_scene1,70,old
411,1.865997076034546,0.11589170761258662,obse,cracker_scene1,70,old
412,1.8701355457305908,0.11589170761258662,obse,cracker_scene1,70,old
413,1.874455451965332,0.115762297476203,obse,cracker_scene1,70,old
414,1.878711462020874,0.115762297476203,obse,cracker_scene1,70,old
415,1.8830609321594238,0.1150810815622221,obse,cracker_scene1,70,old
416,1.8874812126159668,0.11493785832987012,obse,cracker_scene1,70,old
417,1.8918347358703613,0.11531443780371743,obse,cracker_scene1,70,old
418,1.8961310386657715,0.11572368791328301,obse,cracker_scene1,70,old
419,1.9004027843475342,0.11639117863609225,obse,cracker_scene1,70,old
420,1.9047062397003174,0.1044157744820852,obse,cracker_scene1,70,old
421,1.9090774059295654,0.10409971532883129,obse,cracker_scene1,70,old
422,1.9134166240692139,0.1027149422295417,obse,cracker_scene1,70,old
423,1.917745590209961,0.10261031431264263,obse,cracker_scene1,70,old
424,1.9219000339508057,0.10261031431264263,obse,cracker_scene1,70,old
425,1.9263973236083984,0.1030254325096055,obse,cracker_scene1,70,old
426,1.9305527210235596,0.10303095051158728,obse,cracker_scene1,70,old
427,1.934887409210205,0.10303095051158728,obse,cracker_scene1,70,old
428,1.9394352436065674,0.10354225157412239,obse,cracker_scene1,70,old
429,1.9439704418182373,0.10354225157412239,obse,cracker_scene1,70,old
430,1.9481401443481445,0.10354225157412239,obse,cracker_scene1,70,old
431,1.952725887298584,0.10293860811642709,obse,cracker_scene1,70,old
432,1.9568712711334229,0.10293860811642709,obse,cracker_scene1,70,old
433,1.961172103881836,0.10293860811642709,obse,cracker_scene1,70,old
434,1.9652788639068604,0.10465052787366959,obse,cracker_scene1,70,old
435,1.9695403575897217,0.10393281248987088,obse,cracker_scene1,70,old
436,1.97440505027771,0.10269613218075414,obse,cracker_scene1,70,old
437,1.9793522357940674,0.10277323848350046,obse,cracker_scene1,70,old
438,1.984670639038086,0.09366225597416185,obse,cracker_scene1,70,old
439,1.9889898300170898,0.09498416328715947,obse,cracker_scene1,70,old
440,1.993143081665039,0.09498416328715947,obse,cracker_scene1,70,old
441,1.9973316192626953,0.09498416328715947,obse,cracker_scene1,70,old
442,2.001769542694092,0.09630211407306485,obse,cracker_scene1,70,old
443,2.006054162979126,0.09630211407306485,obse,cracker_scene1,70,old
444,2.010498046875,0.09624937636637386,obse,cracker_scene1,70,old
445,2.0147898197174072,0.09624937636637386,obse,cracker_scene1,70,old
446,2.019096851348877,0.09605614978719666,obse,cracker_scene1,70,old
447,2.0236458778381348,0.09499604701278408,obse,cracker_scene1,70,old
448,2.0278027057647705,0.09499604701278408,obse,cracker_scene1,70,old
449,2.0321316719055176,0.09588605647120327,obse,cracker_scene1,70,old
450,2.0366203784942627,0.09206527348321254,obse,cracker_scene1,70,old
451,2.040778160095215,0.09206527348321254,obse,cracker_scene1,70,old
452,2.045081615447998,0.09195359412168745,obse,cracker_scene1,70,old
453,2.049947500228882,0.09674513620472502,obse,cracker_scene1,70,old
454,2.0540382862091064,0.09674513620472502,obse,cracker_scene1,70,old
455,2.0581581592559814,0.09674513620472502,obse,cracker_scene1,70,old
456,2.0627665519714355,0.09552736898378998,obse,cracker_scene1,70,old
457,2.06691575050354,0.09552736898378998,obse,cracker_scene1,70,old
458,2.0714218616485596,0.09536847308275168,obse,cracker_scene1,70,old
459,2.07580304145813,0.09536847308275168,obse,cracker_scene1,70,old
460,2.0801684856414795,0.09513394017344588,obse,cracker_scene1,70,old
461,2.0844948291778564,0.09513394017344588,obse,cracker_scene1,70,old
462,2.0889856815338135,0.09461340596751823,obse,cracker_scene1,70,old
463,2.0931334495544434,0.09461340596751823,obse,cracker_scene1,70,old
464,2.0978012084960938,0.09486278325456877,obse,cracker_scene1,70,old
465,2.102555990219116,0.09216162971934624,obse,cracker_scene1,70,old
466,2.107079267501831,0.09182355480456397,obse,cracker_scene1,70,old
467,2.1111714839935303,0.09192315794162952,obse,cracker_scene1,70,old
468,2.115563154220581,0.092678797908175,obse,cracker_scene1,70,old
469,2.119697093963623,0.092678797908175,obse,cracker_scene1,70,old
470,2.1240181922912598,0.09200564465818828,obse,cracker_scene1,70,old
471,2.1281092166900635,0.09200564465818828,obse,cracker_scene1,70,old
472,2.13242506980896,0.09261793577095191,obse,cracker_scene1,70,old
473,2.1365716457366943,0.09261793577095191,obse,cracker_scene1,70,old
474,2.1410958766937256,0.09086733834023397,obse,cracker_scene1,70,old
475,2.1454055309295654,0.09086733834023397,obse,cracker_scene1,70,old
476,2.150026321411133,0.08595963299025064,obse,cracker_scene1,70,old
477,2.1543784141540527,0.08595963299025064,obse,cracker_scene1,70,old
478,2.1586601734161377,0.09061697237244545,obse,cracker_scene1,70,old
479,2.1627914905548096,0.09061697237244545,obse,cracker_scene1,70,old
480,2.167365789413452,0.09143798652956647,obse,cracker_scene1,70,old
481,2.1714861392974854,0.0827433116157716,obse,cracker_scene1,70,old
482,2.175896167755127,0.08246597563856589,obse,cracker_scene1,70,old
483,2.1802003383636475,0.0824462261675712,obse,cracker_scene1,70,old
484,2.1846060752868652,0.0824462261675712,obse,cracker_scene1,70,old
485,2.1891777515411377,0.07929583864316235,obse,cracker_scene1,70,old
486,2.193500518798828,0.07929583864316235,obse,cracker_scene1,70,old
487,2.197999954223633,0.07912007431538498,obse,cracker_scene1,70,old
488,2.2023911476135254,0.07912007431538498,obse,cracker_scene1,70,old
489,2.2066643238067627,0.07764611061985907,obse,cracker_scene1,70,old
490,2.2108750343322754,0.07764611061985907,obse,cracker_scene1,70,old
491,2.2151710987091064,0.07704828187527687,obse,cracker_scene1,70,old
492,2.21940016746521,0.07704828187527687,obse,cracker_scene1,70,old
493,2.2238593101501465,0.07824832930111385,obse,cracker_scene1,70,old
494,2.2281339168548584,0.08161163771983602,obse,cracker_scene1,70,old
495,2.232403516769409,0.08162984269788552,obse,cracker_scene1,70,old
496,2.237276315689087,0.0810649484008712,obse,cracker_scene1,70,old
497,2.2424232959747314,0.06791748139956524,obse,cracker_scene1,70,old
498,2.247521162033081,0.07020050899151521,obse,cracker_scene1,70,old
499,2.2524020671844482,0.07020050899151521,obse,cracker_scene1,70,old
500,2.2572903633117676,0.06876460863479594,obse,cracker_scene1,70,old
501,2.2621052265167236,0.06876460863479594,obse,cracker_scene1,70,old
502,2.2674028873443604,0.07005867989983301,obse,cracker_scene1,70,old
503,2.2722744941711426,0.07007137444662614,obse,cracker_scene1,70,old
504,2.2770166397094727,0.07007299058680391,obse,cracker_scene1,70,old
505,2.2810068130493164,0.07007299058680391,obse,cracker_scene1,70,old
506,2.285586357116699,0.06999105503544215,obse,cracker_scene1,70,old
507,2.290479898452759,0.06892619211105334,obse,cracker_scene1,70,old
508,2.2953367233276367,0.06892619211105334,obse,cracker_scene1,70,old
509,2.3002641201019287,0.06928741713178918,obse,cracker_scene1,70,old
510,2.3051512241363525,0.07836623139834659,obse,cracker_scene1,70,old
511,2.310039520263672,0.0797542597636175,obse,cracker_scene1,70,old
512,2.315370559692383,0.07926845905762823,obse,cracker_scene1,70,old
513,2.3201651573181152,0.07927089816326957,obse,cracker_scene1,70,old
514,2.3250646591186523,0.07959494005223641,obse,cracker_scene1,70,old
515,2.330235004425049,0.07935361492278839,obse,cracker_scene1,70,old
516,2.334385633468628,0.07935361492278839,obse,cracker_scene1,70,old
517,2.339007616043091,0.07826553622469469,obse,cracker_scene1,70,old
518,2.343228816986084,0.07826553622469469,obse,cracker_scene1,70,old
519,2.347646474838257,0.07964383940601522,obse,cracker_scene1,70,old
520,2.3526182174682617,0.0798006137897271,obse,cracker_scene1,70,old
521,2.3572702407836914,0.0788307308324478,obse,cracker_scene1,70,old
522,2.3617875576019287,0.0788307308324478,obse,cracker_scene1,70,old
523,2.3667521476745605,0.0791708550668349,obse,cracker_scene1,70,old
524,2.371490478515625,0.07836241788172092,obse,cracker_scene1,70,old
525,2.376455068588257,0.07882951101949467,obse,cracker_scene1,70,old
526,2.381253719329834,0.0795573994991312,obse,cracker_scene1,70,old
527,2.3863320350646973,0.08129218818129416,obse,cracker_scene1,70,old
528,2.3914713859558105,0.08215546101831815,obse,cracker_scene1,70,old
529,2.396106004714966,0.08215546101831815,obse,cracker_scene1,70,old
530,2.4010605812072754,0.08236901834407732,obse,cracker_scene1,70,old
531,2.40588116645813,0.08285343630954804,obse,cracker_scene1,70,old
532,2.41070556640625,0.08290012990681742,obse,cracker_scene1,70,old
533,2.415527582168579,0.08299828327696412,obse,cracker_scene1,70,old
534,2.420452833175659,0.08299828327696412,obse,cracker_scene1,70,old
535,2.4251341819763184,0.08364245536395361,obse,cracker_scene1,70,old
536,2.4292848110198975,0.08364245536395361,obse,cracker_scene1,70,old
537,2.433617353439331,0.0844358705891914,obse,cracker_scene1,70,old
538,2.437851905822754,0.0844358705891914,obse,cracker_scene1,70,old
539,2.4422311782836914,0.07054553729700885,obse,cracker_scene1,70,old
540,2.4463510513305664,0.07122157751245695,obse,cracker_scene1,70,old
541,2.4506635665893555,0.07122157751245695,obse,cracker_scene1,70,old
542,2.454697847366333,0.07122157751245695,obse,cracker_scene1,70,old
543,2.45951247215271,0.07257681062683277,obse,cracker_scene1,70,old
544,2.464712619781494,0.07352165550658477,obse,cracker_scene1,70,old
545,2.469435214996338,0.07352165550658477,obse,cracker_scene1,70,old
546,2.474287509918213,0.07412629472087542,obse,cracker_scene1,70,old
547,2.478982925415039,0.07412629472087542,obse,cracker_scene1,70,old
548,2.483595848083496,0.0728370151254801,obse,cracker_scene1,70,old
549,2.4883852005004883,0.07523720633314616,obse,cracker_scene1,70,old
550,2.4935550689697266,0.07523720633314616,obse,cracker_scene1,70,old
551,2.497925043106079,0.07524382105922771,obse,cracker_scene1,70,old
552,2.503260374069214,0.07549739555802966,obse,cracker_scene1,70,old
553,2.508260726928711,0.06347684681804135,obse,cracker_scene1,70,old
554,2.5125834941864014,0.06309028168422073,obse,cracker_scene1,70,old
555,2.516845703125,0.06309028168422073,obse,cracker_scene1,70,old
556,2.5214715003967285,0.06333994676837637,obse,cracker_scene1,70,old
557,2.526301860809326,0.06484210790946891,obse,cracker_scene1,70,old
558,2.5305538177490234,0.06440417903075957,obse,cracker_scene1,70,old
559,2.5350594520568848,0.06440417903075957,obse,cracker_scene1,70,old
560,2.5395398139953613,0.06496390566526454,obse,cracker_scene1,70,old
561,2.5440804958343506,0.06496390566526454,obse,cracker_scene1,70,old
562,2.548855781555176,0.06626042096564937,obse,cracker_scene1,70,old
563,2.5529861450195312,0.06626042096564937,obse,cracker_scene1,70,old
564,2.557569742202759,0.06626598954478209,obse,cracker_scene1,70,old
565,2.5615451335906982,0.06626598954478209,obse,cracker_scene1,70,old
566,2.5664355754852295,0.06732509398754084,obse,cracker_scene1,70,old
567,2.5705552101135254,0.07972103030955976,obse,cracker_scene1,70,old
568,2.5750091075897217,0.08286163377764914,obse,cracker_scene1,70,old
569,2.579582452774048,0.08400085441700482,obse,cracker_scene1,70,old
570,2.5842318534851074,0.08395465794032168,obse,cracker_scene1,70,old
571,2.5884597301483154,0.08572496225507462,obse,cracker_scene1,70,old
572,2.5931124687194824,0.08572496225507462,obse,cracker_scene1,70,old
573,2.597364664077759,0.08699586382244698,obse,cracker_scene1,70,old
574,2.601564645767212,0.08597810226004572,obse,cracker_scene1,70,old
575,2.6057567596435547,0.08772863986538944,obse,cracker_scene1,70,old
576,2.609860420227051,0.08772863986538944,obse,cracker_scene1,70,old
577,2.6141390800476074,0.08980973588156708,obse,cracker_scene1,70,old
578,2.618474245071411,0.08980973588156708,obse,cracker_scene1,70,old
579,2.622863292694092,0.08983631316935727,obse,cracker_scene1,70,old
580,2.627044439315796,0.09211933027291526,obse,cracker_scene1,70,old
581,2.631531000137329,0.09237070493029628,obse,cracker_scene1,70,old
582,2.6357860565185547,0.10740127457767648,obse,cracker_scene1,70,old
583,2.640146493911743,0.1076948360830325,obse,cracker_scene1,70,old
584,2.6444082260131836,0.10920142478720628,obse,cracker_scene1,70,old
585,2.648960828781128,0.11039203885829166,obse,cracker_scene1,70,old
586,2.6545026302337646,0.11039203885829166,obse,cracker_scene1,70,old
587,2.658942937850952,0.11153743386373872,obse,cracker_scene1,70,old
588,2.663179397583008,0.1117834312090603,obse,cracker_scene1,70,old
589,2.6675896644592285,0.1117834312090603,obse,cracker_scene1,70,old
590,2.6719865798950195,0.11246648099442677,obse,cracker_scene1,70,old
591,2.676408290863037,0.1124234702638114,obse,cracker_scene1,70,old
592,2.6807379722595215,0.1124520212916755,obse,cracker_scene1,70,old
593,2.685199499130249,0.11422549489561382,obse,cracker_scene1,70,old
594,2.68947696685791,0.11552669509729084,obse,cracker_scene1,70,old
595,2.6938178539276123,0.11542423801648506,obse,cracker_scene1,70,old
596,2.6982674598693848,0.11628098469219572,obse,cracker_scene1,70,old
597,2.7026259899139404,0.13878527292343176,obse,cracker_scene1,70,old
598,2.7070178985595703,0.13858749967070802,obse,cracker_scene1,70,old
599,2.711263418197632,0.1402806841203499,obse,cracker_scene1,70,old
600,2.7163445949554443,0.14194868172760747,obse,cracker_scene1,70,old
601,2.721256732940674,0.14194868172760747,obse,cracker_scene1,70,old
602,2.7264719009399414,0.1442784928079472,obse,cracker_scene1,70,old
603,2.731710910797119,0.144279367999216,obse,cracker_scene1,70,old
604,2.7365713119506836,0.1446227052733102,obse,cracker_scene1,70,old
605,2.74147891998291,0.1446227052733102,obse,cracker_scene1,70,old
606,2.7465105056762695,0.14365775848322176,obse,cracker_scene1,70,old
607,2.7510242462158203,0.1442759326161538,obse,cracker_scene1,70,old
608,2.7554562091827393,0.14593996114762078,obse,cracker_scene1,70,old
609,2.7597413063049316,0.14593996114762078,obse,cracker_scene1,70,old
610,2.7639877796173096,0.14593996114762078,obse,cracker_scene1,70,old
611,2.7684342861175537,0.1465769302468152,obse,cracker_scene1,70,old
612,2.7728686332702637,0.1481870840292426,obse,cracker_scene1,70,old
613,2.7771971225738525,0.1481870840292426,obse,cracker_scene1,70,old
614,2.7819862365722656,0.14921910101681166,obse,cracker_scene1,70,old
615,2.786343812942505,0.14876940991373844,obse,cracker_scene1,70,old
616,2.791050672531128,0.1490186183620783,obse,cracker_scene1,70,old
617,2.795292615890503,0.149514788093349,obse,cracker_scene1,70,old
618,2.799931526184082,0.1494265034006011,obse,cracker_scene1,70,old
619,2.804330825805664,0.1494265034006011,obse,cracker_scene1,70,old
620,2.808828353881836,0.1497162108815011,obse,cracker_scene1,70,old
621,2.813413381576538,0.1497162108815011,obse,cracker_scene1,70,old
622,2.817823886871338,0.15074318612256601,obse,cracker_scene1,70,old
623,2.822312831878662,0.15150038629716608,obse,cracker_scene1,70,old
624,2.8271782398223877,0.15100562149268829,obse,cracker_scene1,70,old
625,2.8323440551757812,0.152395577603845,obse,cracker_scene1,70,old
626,2.837183713912964,0.15277974004410713,obse,cracker_scene1,70,old
627,2.841569185256958,0.15277974004410713,obse,cracker_scene1,70,old
628,2.8458433151245117,0.15315055108593195,obse,cracker_scene1,70,old
629,2.8505313396453857,0.1535759182170348,obse,cracker_scene1,70,old
630,2.854682207107544,0.15458440929362705,obse,cracker_scene1,70,old
631,2.859177589416504,0.15458440929362705,obse,cracker_scene1,70,old
632,2.8633623123168945,0.15462030820608597,obse,cracker_scene1,70,old
633,2.867774248123169,0.15510062460314902,obse,cracker_scene1,70,old
634,2.872709274291992,0.15495689543036814,obse,cracker_scene1,70,old
635,2.877763032913208,0.15495689543036814,obse,cracker_scene1,70,old
636,2.8828322887420654,0.15544862042821245,obse,cracker_scene1,70,old
637,2.887104034423828,0.15544862042821245,obse,cracker_scene1,70,old
638,2.891580820083618,0.1554542951398596,obse,cracker_scene1,70,old
639,2.8956758975982666,0.1554542951398596,obse,cracker_scene1,70,old
640,2.9003467559814453,0.1553226817126575,obse,cracker_scene1,70,old
641,2.9044551849365234,0.1553226817126575,obse,cracker_scene1,70,old
642,2.9090640544891357,0.15538081533961073,obse,cracker_scene1,70,old
643,2.9135069847106934,0.15538081533961073,obse,cracker_scene1,70,old
644,2.9183290004730225,0.1555209045132807,obse,cracker_scene1,70,old
645,2.9227888584136963,0.15611830206015687,obse,cracker_scene1,70,old
646,2.9272634983062744,0.15611830206015687,obse,cracker_scene1,70,old
647,2.931729555130005,0.1561693046247487,obse,cracker_scene1,70,old
648,2.9356822967529297,0.1561693046247487,obse,cracker_scene1,70,old
649,2.9399170875549316,0.1561693046247487,obse,cracker_scene1,70,old
650,2.944345712661743,0.15513981875318694,obse,cracker_scene1,70,old
651,2.948899745941162,0.15585415850610945,obse,cracker_scene1,70,old
652,2.9532973766326904,0.1561823895585798,obse,cracker_scene1,70,old
653,2.9576056003570557,0.1561823895585798,obse,cracker_scene1,70,old
654,2.9619603157043457,0.1561823895585798,obse,cracker_scene1,70,old
655,2.9663379192352295,0.15641437154087875,obse,cracker_scene1,70,old
656,2.9705100059509277,0.15641437154087875,obse,cracker_scene1,70,old
657,2.9748544692993164,0.15523824883847132,obse,cracker_scene1,70,old
658,2.9791417121887207,0.15523824883847132,obse,cracker_scene1,70,old
659,2.9838101863861084,0.15635904458344402,obse,cracker_scene1,70,old
660,2.9886350631713867,0.15513991697284282,obse,cracker_scene1,70,old
661,2.993197441101074,0.15513991697284282,obse,cracker_scene1,70,old
662,2.9977262020111084,0.15635729822372443,obse,cracker_scene1,70,old
663,3.0020205974578857,0.15635729822372443,obse,cracker_scene1,70,old
664,3.0064327716827393,0.15602240007749937,obse,cracker_scene1,70,old
665,3.010542631149292,0.15602536824865884,obse,cracker_scene1,70,old
666,3.0147440433502197,0.1558925993753212,obse,cracker_scene1,70,old
667,3.0194218158721924,0.15483324803284595,obse,cracker_scene1,70,old
668,3.023899555206299,0.15596188846865333,obse,cracker_scene1,70,old
669,3.0278851985931396,0.15596188846865333,obse,cracker_scene1,70,old
670,3.032278537750244,0.15494910505944254,obse,cracker_scene1,70,old
671,3.036388874053955,0.15494910505944254,obse,cracker_scene1,70,old
672,3.040837526321411,0.15609496943839837,obse,cracker_scene1,70,old
673,3.044801950454712,0.15609496943839837,obse,cracker_scene1,70,old
674,3.049433469772339,0.15622560168030486,obse,cracker_scene1,70,old
675,3.0534403324127197,0.15622560168030486,obse,cracker_scene1,70,old
676,3.0579071044921875,0.1563306948959138,obse,cracker_scene1,70,old
677,3.0623536109924316,0.1563306948959138,obse,cracker_scene1,70,old
678,3.0672574043273926,0.15608447265311085,obse,cracker_scene1,70,old
679,3.071369171142578,0.15608447265311085,obse,cracker_scene1,70,old
680,3.0756828784942627,0.1560553655890725,obse,cracker_scene1,70,old
681,3.0798499584198,0.15498154587518662,obse,cracker_scene1,70,old
682,3.0842530727386475,0.15494311541054157,obse,cracker_scene1,70,old
683,3.088409185409546,0.15494311541054157,obse,cracker_scene1,70,old
684,3.0928938388824463,0.15570678323034728,obse,cracker_scene1,70,old
685,3.0970447063446045,0.15466854548149492,obse,cracker_scene1,70,old
686,3.101454496383667,0.15492697687092255,obse,cracker_scene1,70,old
687,3.105832099914551,0.1561998695392664,obse,cracker_scene1,70,old
688,3.110276699066162,0.1561641038737146,obse,cracker_scene1,70,old
689,3.1147053241729736,0.15604856135779321,obse,cracker_scene1,70,old
690,3.1191647052764893,0.15593734405868237,obse,cracker_scene1,70,old
691,3.1237905025482178,0.15607363231612895,obse,cracker_scene1,70,old
692,3.128225564956665,0.15500299791016617,obse,cracker_scene1,70,old
693,3.1324968338012695,0.15615888735075756,obse,cracker_scene1,70,old
694,3.136674165725708,0.15620303913572495,obse,cracker_scene1,70,old
695,3.1409475803375244,0.1560406997214467,obse,cracker_scene1,70,old
696,3.1448962688446045,0.1560406997214467,obse,cracker_scene1,70,old
697,3.1494557857513428,0.15623902549606075,obse,cracker_scene1,70,old
698,3.153482675552368,0.15637415181338785,obse,cracker_scene1,70,old
699,3.1577630043029785,0.15633170234258204,obse,cracker_scene1,70,old
700,3.1619646549224854,0.15633170234258204,obse,cracker_scene1,70,old
701,3.16636323928833,0.1550235351388213,obse,cracker_scene1,70,old
702,3.1703155040740967,0.1550235351388213,obse,cracker_scene1,70,old
703,3.1748225688934326,0.15606474983177762,obse,cracker_scene1,70,old
704,3.1791741847991943,0.15606474983177762,obse,cracker_scene1,70,old
705,3.1835765838623047,0.1547674236143402,obse,cracker_scene1,70,old
706,3.187747001647949,0.1547674236143402,obse,cracker_scene1,70,old
707,3.1920926570892334,0.15593506067832988,obse,cracker_scene1,70,old
708,3.1964852809906006,0.15587652293337542,obse,cracker_scene1,70,old
709,3.200709342956543,0.15597055130431933,obse,cracker_scene1,70,old
710,3.204965353012085,0.15597055130431933,obse,cracker_scene1,70,old
711,3.2095139026641846,0.1562148027393328,obse,cracker_scene1,70,old
712,3.2140443325042725,0.1550698019456517,obse,cracker_scene1,70,old
713,3.21821665763855,0.1550698019456517,obse,cracker_scene1,70,old
714,3.222168207168579,0.1550698019456517,obse,cracker_scene1,70,old
715,3.2263262271881104,0.1549924812367447,obse,cracker_scene1,70,old
716,3.2306125164031982,0.15494676887737158,obse,cracker_scene1,70,old
717,3.234995126724243,0.15494676887737158,obse,cracker_scene1,70,old
718,3.239366054534912,0.15598408115275017,obse,cracker_scene1,70,old
719,3.243448257446289,0.15598408115275017,obse,cracker_scene1,70,old
720,3.248096466064453,0.15611837906267756,obse,cracker_scene1,70,old
721,3.2521748542785645,0.15611837906267756,obse,cracker_scene1,70,old
722,3.256608247756958,0.15511981830219596,obse,cracker_scene1,70,old
723,3.2611770629882812,0.15511981830219596,obse,cracker_scene1,70,old
724,3.265871524810791,0.15590299849009442,obse,cracker_scene1,70,old
725,3.270050048828125,0.15590299849009442,obse,cracker_scene1,70,old
726,3.2744534015655518,0.15597283501586137,obse,cracker_scene1,70,old
727,3.2786147594451904,0.15597283501586137,obse,cracker_scene1,70,old
728,3.2830188274383545,0.15512558970453816,obse,cracker_scene1,70,old
729,3.28706431388855,0.15613168482258813,obse,cracker_scene1,70,old
730,3.2913906574249268,0.15608827813472942,obse,cracker_scene1,70,old
731,3.295358896255493,0.15606854509583126,obse,cracker_scene1,70,old
732,3.2997350692749023,0.15594294191643351,obse,cracker_scene1,70,old
733,3.3039417266845703,0.1549255431358322,obse,cracker_scene1,70,old
734,3.308389186859131,0.1549255431358322,obse,cracker_scene1,70,old
735,3.31234073638916,0.15492604120550987,obse,cracker_scene1,70,old
736,3.31681227684021,0.15476416735772117,obse,cracker_scene1,70,old
737,3.3210694789886475,0.1548193577620879,obse,cracker_scene1,70,old
738,3.3254950046539307,0.1548975722790894,obse,cracker_scene1,70,old
739,3.329618215560913,0.15596333817690247,obse,cracker_scene1,70,old
740,3.33392333984375,0.155947135717371,obse,cracker_scene1,70,old
741,3.337937355041504,0.15605082980647686,obse,cracker_scene1,70,old
742,3.3423562049865723,0.1560876480266373,obse,cracker_scene1,70,old
743,3.3464865684509277,0.15497493741669852,obse,cracker_scene1,70,old
744,3.3509671688079834,0.15497493741669852,obse,cracker_scene1,70,old
745,3.3551385402679443,0.15617431286723685,obse,cracker_scene1,70,old
746,3.359532117843628,0.15617431286723685,obse,cracker_scene1,70,old
747,3.3637871742248535,0.15598394117984224,obse,cracker_scene1,70,old
748,3.368027925491333,0.15598394117984224,obse,cracker_scene1,70,old
749,3.3723535537719727,0.15625668776534377,obse,cracker_scene1,70,old
750,3.376511573791504,0.15625668776534377,obse,cracker_scene1,70,old
751,3.38085675239563,0.15517845245045572,obse,cracker_scene1,70,old
752,3.384960651397705,0.15517845245045572,obse,cracker_scene1,70,old
753,3.3894731998443604,0.15671751810790574,obse,cracker_scene1,70,old
754,3.3936610221862793,0.15671751810790574,obse,cracker_scene1,70,old
755,3.3979134559631348,0.15693522070915095,obse,cracker_scene1,70,old
756,3.4020907878875732,0.15693522070915095,obse,cracker_scene1,70,old
757,3.406404972076416,0.15708611350848367,obse,cracker_scene1,70,old
758,3.410433530807495,0.15708611350848367,obse,cracker_scene1,70,old
759,3.4148619174957275,0.1562550800189097,obse,cracker_scene1,70,old
760,3.419048309326172,0.1562550800189097,obse,cracker_scene1,70,old
761,3.4236929416656494,0.1570040899485031,obse,cracker_scene1,70,old
762,3.427931070327759,0.1570040899485031,obse,cracker_scene1,70,old
763,3.4326131343841553,0.1591164818860559,obse,cracker_scene1,70,old
764,3.4364705085754395,0.1591164818860559,obse,cracker_scene1,70,old
765,3.4406983852386475,0.1590677322018927,obse,cracker_scene1,70,old
766,3.4448788166046143,0.15925091953105577,obse,cracker_scene1,70,old
767,3.4493963718414307,0.1598423919733797,obse,cracker_scene1,70,old
768,3.45331072807312,0.1598423919733797,obse,cracker_scene1,70,old
769,3.4576256275177,0.15955916436806802,obse,cracker_scene1,70,old
770,3.4616897106170654,0.15955916436806802,obse,cracker_scene1,70,old
771,3.4659767150878906,0.16130038828275314,obse,cracker_scene1,70,old
772,3.469890594482422,0.16130038828275314,obse,cracker_scene1,70,old
773,3.4741668701171875,0.16188784714804086,obse,cracker_scene1,70,old
774,3.4780361652374268,0.16188784714804086,obse,cracker_scene1,70,old
775,3.482316017150879,0.16094652908288082,obse,cracker_scene1,70,old
776,3.486285924911499,0.16094652908288082,obse,cracker_scene1,70,old
777,3.490504741668701,0.16094652908288082,obse,cracker_scene1,70,old
778,3.4950602054595947,0.16262454919988933,obse,cracker_scene1,70,old
779,3.4995505809783936,0.16279154757417777,obse,cracker_scene1,70,old
780,3.503878593444824,0.16279154757417777,obse,cracker_scene1,70,old
781,3.508307456970215,0.16452614453772071,obse,cracker_scene1,70,old
782,3.512634038925171,0.16452614453772071,obse,cracker_scene1,70,old
783,3.517184019088745,0.16573287526729436,obse,cracker_scene1,70,old
784,3.5216012001037598,0.16573287526729436,obse,cracker_scene1,70,old
785,3.5257112979888916,0.1657423025347222,obse,cracker_scene1,70,old
786,3.5301854610443115,0.16568968881398782,obse,cracker_scene1,70,old
787,3.5344598293304443,0.16568968881398782,obse,cracker_scene1,70,old
788,3.5389206409454346,0.16568968881398782,obse,cracker_scene1,70,old
789,3.54329514503479,0.16657159470246646,obse,cracker_scene1,70,old
790,3.547855854034424,0.16822186305497464,obse,cracker_scene1,70,old
791,3.5521621704101562,0.16822186305497464,obse,cracker_scene1,70,old
792,3.5563971996307373,0.16869811727128792,obse,cracker_scene1,70,old
793,3.560805320739746,0.16869811727128792,obse,cracker_scene1,70,old
794,3.565248966217041,0.16927078788296515,obse,cracker_scene1,70,old
795,3.569359302520752,0.16927078788296515,obse,cracker_scene1,70,old
796,3.5734825134277344,0.16927078788296515,obse,cracker_scene1,70,old
797,3.577915906906128,0.1703652950049443,obse,cracker_scene1,70,old
798,3.582214832305908,0.1732797850404231,obse,cracker_scene1,70,old
799,3.5866482257843018,0.1732797850404231,obse,cracker_scene1,70,old
800,3.591046094894409,0.17436227940231505,obse,cracker_scene1,70,old
801,3.595353603363037,0.17436227940231505,obse,cracker_scene1,70,old
802,3.5998709201812744,0.17441385082934382,obse,cracker_scene1,70,old
803,3.6042351722717285,0.17441385082934382,obse,cracker_scene1,70,old
804,3.60870361328125,0.17552800277320757,obse,cracker_scene1,70,old
805,3.6129355430603027,0.17552800277320757,obse,cracker_scene1,70,old
806,3.6173884868621826,0.1759268498739754,obse,cracker_scene1,70,old
807,3.621556043624878,0.17483761291142824,obse,cracker_scene1,70,old
808,3.626046657562256,0.17603965669978888,obse,cracker_scene1,70,old
809,3.630347728729248,0.17710918759829952,obse,cracker_scene1,70,old
810,3.634676694869995,0.17710918759829952,obse,cracker_scene1,70,old
811,3.6389191150665283,0.17883849489051076,obse,cracker_scene1,70,old
812,3.6432929039001465,0.17883849489051076,obse,cracker_scene1,70,old
813,3.647496461868286,0.18026316610093704,obse,cracker_scene1,70,old
814,3.652198314666748,0.18140434775374728,obse,cracker_scene1,70,old
815,3.6566734313964844,0.1832321423020191,obse,cracker_scene1,70,old
816,3.661050319671631,0.1832321423020191,obse,cracker_scene1,70,old
817,3.666346311569214,0.18455795455062013,obse,cracker_scene1,70,old
818,3.670886278152466,0.18455795455062013,obse,cracker_scene1,70,old
819,3.675769567489624,0.18571156894204652,obse,cracker_scene1,70,old
820,3.680415391921997,0.1870649848837867,obse,cracker_scene1,70,old
821,3.6848905086517334,0.1870649848837867,obse,cracker_scene1,70,old
822,3.68953800201416,0.18705170100848256,obse,cracker_scene1,70,old
823,3.6939141750335693,0.18705170100848256,obse,cracker_scene1,70,old
824,3.6990416049957275,0.18780202201593219,obse,cracker_scene1,70,old
825,3.7036564350128174,0.18780202201593219,obse,cracker_scene1,70,old
826,3.708728075027466,0.18996515568135036,obse,cracker_scene1,70,old
827,3.7136471271514893,0.1921403225731541,obse,cracker_scene1,70,old
828,3.718414306640625,0.1921403225731541,obse,cracker_scene1,70,old
829,3.723543405532837,0.1949476848715386,obse,cracker_scene1,70,old
830,3.728071689605713,0.1949476848715386,obse,cracker_scene1,70,old
831,3.7328073978424072,0.19688200911758583,obse,cracker_scene1,70,old
832,3.737635612487793,0.19688200911758583,obse,cracker_scene1,70,old
833,3.7424874305725098,0.19768219943279303,obse,cracker_scene1,70,old
834,3.7472033500671387,0.19704459321505108,obse,cracker_scene1,70,old
835,3.752277374267578,0.198204858974013,obse,cracker_scene1,70,old
836,3.7571661472320557,0.19881886613760094,obse,cracker_scene1,70,old
837,3.761578321456909,0.19881886613760094,obse,cracker_scene1,70,old
838,3.766514539718628,0.2002772763780971,obse,cracker_scene1,70,old
839,3.7709996700286865,0.2002772763780971,obse,cracker_scene1,70,old
840,3.7761716842651367,0.20189286097940967,obse,cracker_scene1,70,old
841,3.7816073894500732,0.2046615114946568,obse,cracker_scene1,70,old
842,3.7860848903656006,0.2046615114946568,obse,cracker_scene1,70,old
843,3.790886402130127,0.20411152378265762,obse,cracker_scene1,70,old
844,3.7956955432891846,0.20411152378265762,obse,cracker_scene1,70,old
845,3.800743341445923,0.2072612420175162,obse,cracker_scene1,70,old
846,3.805610418319702,0.209774074067389,obse,cracker_scene1,70,old
847,3.8099727630615234,0.209774074067389,obse,cracker_scene1,70,old
848,3.8148505687713623,0.2114935361134576,obse,cracker_scene1,70,old
849,3.81955623626709,0.2114935361134576,obse,cracker_scene1,70,old
850,3.824648380279541,0.21335003526878132,obse,cracker_scene1,70,old
851,3.8292973041534424,0.21273800054473374,obse,cracker_scene1,70,old
852,3.833996295928955,0.21405571932815665,obse,cracker_scene1,70,old
853,3.838589668273926,0.21698240317618764,obse,cracker_scene1,70,old
854,3.843416929244995,0.21698240317618764,obse,cracker_scene1,70,old
855,3.8484385013580322,0.21719333104247698,obse,cracker_scene1,70,old
856,3.853024482727051,0.21719333104247698,obse,cracker_scene1,70,old
857,3.857881546020508,0.2179043742754021,obse,cracker_scene1,70,old
858,3.8624267578125,0.2179043742754021,obse,cracker_scene1,70,old
859,3.8675243854522705,0.2183954691449109,obse,cracker_scene1,70,old
860,3.872373104095459,0.21838389016731038,obse,cracker_scene1,70,old
861,3.877073287963867,0.21838389016731038,obse,cracker_scene1,70,old
862,3.8818907737731934,0.21786205920901028,obse,cracker_scene1,70,old
863,3.886394500732422,0.21786205920901028,obse,cracker_scene1,70,old
864,3.8912625312805176,0.21865720717938972,obse,cracker_scene1,70,old
865,3.8960039615631104,0.21865720717938972,obse,cracker_scene1,70,old
866,3.9009597301483154,0.2180827808955175,obse,cracker_scene1,70,old
867,3.9053475856781006,0.21610233471225238,obse,cracker_scene1,70,old
868,3.9095866680145264,0.21610233471225238,obse,cracker_scene1,70,old
869,3.9142091274261475,0.2173210409893754,obse,cracker_scene1,70,old
870,3.9183332920074463,0.2173210409893754,obse,cracker_scene1,70,old
871,3.922755241394043,0.21703913953040357,obse,cracker_scene1,70,old
872,3.92702579498291,0.21703913953040357,obse,cracker_scene1,70,old
873,3.931393623352051,0.2169861700956988,obse,cracker_scene1,70,old
874,3.9356772899627686,0.2169861700956988,obse,cracker_scene1,70,old
875,3.9400668144226074,0.21687624336110092,obse,cracker_scene1,70,old
876,3.944183826446533,0.21687624336110092,obse,cracker_scene1,70,old
877,3.9488556385040283,0.21650946292719558,obse,cracker_scene1,70,old
878,3.9529056549072266,0.21650946292719558,obse,cracker_scene1,70,old
879,3.9574809074401855,0.21724868298643363,obse,cracker_scene1,70,old
880,3.9614791870117188,0.21724868298643363,obse,cracker_scene1,70,old
881,3.9661173820495605,0.2163317936609145,obse,cracker_scene1,70,old
882,3.970255136489868,0.2163317936609145,obse,cracker_scene1,70,old
883,3.9747438430786133,0.21468227060118708,obse,cracker_scene1,70,old
884,3.978898525238037,0.21468227060118708,obse,cracker_scene1,70,old
885,3.9834840297698975,0.21632860672192628,obse,cracker_scene1,70,old
886,3.987598180770874,0.21632860672192628,obse,cracker_scene1,70,old
887,3.992138385772705,0.21627143286418968,obse,cracker_scene1,70,old
888,3.9964346885681152,0.21684788800646027,obse,cracker_scene1,70,old
889,4.00084662437439,0.21684788800646027,obse,cracker_scene1,70,old
890,4.005286931991577,0.21617953682359134,obse,cracker_scene1,70,old
891,4.009484767913818,0.21617141625130296,obse,cracker_scene1,70,old
892,4.013834714889526,0.21481556919644612,obse,cracker_scene1,70,old
893,4.018104553222656,0.21481556919644612,obse,cracker_scene1,70,old
894,4.022518157958984,0.214216588556857,obse,cracker_scene1,70,old
895,4.0271220207214355,0.214216588556857,obse,cracker_scene1,70,old
896,4.031466245651245,0.215491805510258,obse,cracker_scene1,70,old
897,4.035858869552612,0.2149366683048553,obse,cracker_scene1,70,old
898,4.040281057357788,0.21441592045480906,obse,cracker_scene1,70,old
899,4.04426908493042,0.21441592045480906,obse,cracker_scene1,70,old
900,4.04878568649292,0.21312742977698554,obse,cracker_scene1,70,old
901,4.052785158157349,0.21312742977698554,obse,cracker_scene1,70,old
902,4.057236909866333,0.21375725597222797,obse,cracker_scene1,70,old
903,4.061506509780884,0.21386704606752052,obse,cracker_scene1,70,old
904,4.065999746322632,0.21538102279197838,obse,cracker_scene1,70,old
905,4.069989204406738,0.21538102279197838,obse,cracker_scene1,70,old
906,4.0745038986206055,0.21506714466315915,obse,cracker_scene1,70,old
907,4.078670024871826,0.21389411307217196,obse,cracker_scene1,70,old
908,4.08316969871521,0.21412593727897197,obse,cracker_scene1,70,old
909,4.0872790813446045,0.2153061421625841,obse,cracker_scene1,70,old
910,4.091751575469971,0.21462744072655932,obse,cracker_scene1,70,old
911,4.095892906188965,0.21462744072655932,obse,cracker_scene1,70,old
912,4.100354909896851,0.21493611538532384,obse,cracker_scene1,70,old
913,4.104677200317383,0.21303601138144415,obse,cracker_scene1,70,old
914,4.1090545654296875,0.21303601138144415,obse,cracker_scene1,70,old
915,4.113215208053589,0.21232180774035708,obse,cracker_scene1,70,old
916,4.1176698207855225,0.21232180774035708,obse,cracker_scene1,70,old
917,4.121857643127441,0.21232180774035708,obse,cracker_scene1,70,old
918,4.126297235488892,0.21305606595811513,obse,cracker_scene1,70,old
919,4.1306164264678955,0.21393999705345265,obse,cracker_scene1,70,old
920,4.13479471206665,0.21393999705345265,obse,cracker_scene1,70,old
921,4.139185667037964,0.21442205641830517,obse,cracker_scene1,70,old
922,4.1434783935546875,0.21441871686018815,obse,cracker_scene1,70,old
923,4.147900819778442,0.21487764153367023,obse,cracker_scene1,70,old
924,4.152062177658081,0.21487764153367023,obse,cracker_scene1,70,old
925,4.156526803970337,0.21333370277519634,obse,cracker_scene1,70,old
926,4.160644054412842,0.21333370277519634,obse,cracker_scene1,70,old
927,4.165260553359985,0.21287897816013807,obse,cracker_scene1,70,old
928,4.169311761856079,0.21287897816013807,obse,cracker_scene1,70,old
929,4.173887014389038,0.2141515886269746,obse,cracker_scene1,70,old
930,4.177875995635986,0.2141515886269746,obse,cracker_scene1,70,old
931,4.182467222213745,0.2135369467659991,obse,cracker_scene1,70,old
932,4.1865458488464355,0.2135369467659991,obse,cracker_scene1,70,old
933,4.191072940826416,0.21357585732084852,obse,cracker_scene1,70,old
934,4.195688009262085,0.2136152786083465,obse,cracker_scene1,70,old
935,4.2006611824035645,0.2131770602873635,obse,cracker_scene1,70,old
936,4.205536127090454,0.21258604673889112,obse,cracker_scene1,70,old
937,4.210416316986084,0.21258604673889112,obse,cracker_scene1,70,old
938,4.2152323722839355,0.2123086239714557,obse,cracker_scene1,70,old
939,4.21953558921814,0.2123086239714557,obse,cracker_scene1,70,old
940,4.223992586135864,0.2125875177618011,obse,cracker_scene1,70,old
941,4.2281653881073,0.2125875177618011,obse,cracker_scene1,70,old
942,4.233315706253052,0.21193264354916394,obse,cracker_scene1,70,old
943,4.238141298294067,0.2130241502193733,obse,cracker_scene1,70,old
944,4.243165016174316,0.2130241502193733,obse,cracker_scene1,70,old
945,4.248253345489502,0.21301349120388663,obse,cracker_scene1,70,old
946,4.253095626831055,0.21301349120388663,obse,cracker_scene1,70,old
947,4.25812554359436,0.2124446207157704,obse,cracker_scene1,70,old
948,4.262799024581909,0.2125279083562084,obse,cracker_scene1,70,old
949,4.267732381820679,0.2125279083562084,obse,cracker_scene1,70,old
950,4.27258825302124,0.21137597654720433,obse,cracker_scene1,70,old
951,4.277529001235962,0.21137597654720433,obse,cracker_scene1,70,old
952,4.282657861709595,0.21111099634522643,obse,cracker_scene1,70,old
953,4.287050485610962,0.21111099634522643,obse,cracker_scene1,70,old
954,4.291471481323242,0.21215511191675546,obse,cracker_scene1,70,old
955,4.296741485595703,0.21234144384569217,obse,cracker_scene1,70,old
956,4.301022291183472,0.21234144384569217,obse,cracker_scene1,70,old
957,4.305479526519775,0.21111752049571877,obse,cracker_scene1,70,old
958,4.309723138809204,0.21048558558508562,obse,cracker_scene1,70,old
959,4.314152002334595,0.2111062668681372,obse,cracker_scene1,70,old
960,4.318657636642456,0.2111062668681372,obse,cracker_scene1,70,old
961,4.323033809661865,0.2107302701080772,obse,cracker_scene1,70,old
962,4.327192068099976,0.2107302701080772,obse,cracker_scene1,70,old
963,4.331553936004639,0.21046303780893805,obse,cracker_scene1,70,old
964,4.335740089416504,0.21046303780893805,obse,cracker_scene1,70,old
965,4.340098142623901,0.21010173048994465,obse,cracker_scene1,70,old
966,4.34427809715271,0.21010173048994465,obse,cracker_scene1,70,old
967,4.3489227294921875,0.21017372180552427,obse,cracker_scene1,70,old
968,4.353148698806763,0.21017372180552427,obse,cracker_scene1,70,old
969,4.357834577560425,0.21001763555265657,obse,cracker_scene1,70,old
970,4.361865758895874,0.21001763555265657,obse,cracker_scene1,70,old
971,4.366255521774292,0.20874049518907753,obse,cracker_scene1,70,old
972,4.370248079299927,0.20874049518907753,obse,cracker_scene1,70,old
973,4.374677658081055,0.20847992142078783,obse,cracker_scene1,70,old
974,4.37890100479126,0.20981808190567608,obse,cracker_scene1,70,old
975,4.3834547996521,0.20981808190567608,obse,cracker_scene1,70,old
976,4.387571334838867,0.20981808190567608,obse,cracker_scene1,70,old
977,4.391970157623291,0.20943620870181726,obse,cracker_scene1,70,old
978,4.395993232727051,0.20943620870181726,obse,cracker_scene1,70,old
979,4.400207042694092,0.21013382235805905,obse,cracker_scene1,70,old
980,4.404562950134277,0.21013382235805905,obse,cracker_scene1,70,old
981,4.408987283706665,0.2085440983121639,obse,cracker_scene1,70,old
982,4.4132349491119385,0.2078179484385131,obse,cracker_scene1,70,old
983,4.417552709579468,0.2078179484385131,obse,cracker_scene1,70,old
984,4.421913385391235,0.20742113346188437,obse,cracker_scene1,70,old
985,4.4262073040008545,0.20724942123830603,obse,cracker_scene1,70,old
986,4.430638313293457,0.20667748330119087,obse,cracker_scene1,70,old
987,4.434826374053955,0.20667748330119087,obse,cracker_scene1,70,old
988,4.439131259918213,0.20722308408334084,obse,cracker_scene1,70,old
989,4.443281650543213,0.20722308408334084,obse,cracker_scene1,70,old
990,4.447902202606201,0.2072708414586124,obse,cracker_scene1,70,old
991,4.451961278915405,0.2072708414586124,obse,cracker_scene1,70,old
992,4.456445693969727,0.2072201089670813,obse,cracker_scene1,70,old
993,4.460521936416626,0.2072201089670813,obse,cracker_scene1,70,old
994,4.46487832069397,0.20614484376460282,obse,cracker_scene1,70,old
995,4.469192743301392,0.20614484376460282,obse,cracker_scene1,70,old
996,4.473636865615845,0.20597379985902114,obse,cracker_scene1,70,old
997,4.4779953956604,0.20597379985902114,obse,cracker_scene1,70,old
998,4.482457160949707,0.20586393973174721,obse,cracker_scene1,70,old
999,4.4866297245025635,0.20586393973174721,obse,cracker_scene1,70,old
1000,4.491086006164551,0.20592691181495668,obse,cracker_scene1,70,old
1001,4.49510645866394,0.20592691181495668,obse,cracker_scene1,70,old
1002,4.4995057582855225,0.20395346084492957,obse,cracker_scene1,70,old
1003,4.503940105438232,0.20395346084492957,obse,cracker_scene1,70,old
1004,4.508416414260864,0.203912576661619,obse,cracker_scene1,70,old
1005,4.512718915939331,0.2053172792646893,obse,cracker_scene1,70,old
1006,4.517588138580322,0.20490493631684428,obse,cracker_scene1,70,old
1007,4.521849155426025,0.20308599256441068,obse,cracker_scene1,70,old
1008,4.526021480560303,0.20266842543624394,obse,cracker_scene1,70,old
1009,4.530218839645386,0.20241526104230023,obse,cracker_scene1,70,old
1010,4.5344767570495605,0.2039718652342773,obse,cracker_scene1,70,old
1011,4.538889408111572,0.20242876556204142,obse,cracker_scene1,70,old
1012,4.543107986450195,0.20242876556204142,obse,cracker_scene1,70,old
1013,4.547581672668457,0.20164385984405067,obse,cracker_scene1,70,old
1014,4.551807403564453,0.20164385984405067,obse,cracker_scene1,70,old
1015,4.556071996688843,0.20371407117690052,obse,cracker_scene1,70,old
1016,4.560282230377197,0.20371407117690052,obse,cracker_scene1,70,old
1017,4.564565658569336,0.20364874678290654,obse,cracker_scene1,70,old
1018,4.568827867507935,0.20364874678290654,obse,cracker_scene1,70,old
1019,4.573165655136108,0.20281652675964734,obse,cracker_scene1,70,old
1020,4.577322006225586,0.20281652675964734,obse,cracker_scene1,70,old
1021,4.581746339797974,0.20733316634736126,obse,cracker_scene1,70,old
1022,4.585955619812012,0.20733316634736126,obse,cracker_scene1,70,old
1023,4.590351104736328,0.20737133000459881,obse,cracker_scene1,70,old
1024,4.594498634338379,0.20737133000459881,obse,cracker_scene1,70,old
1025,4.598917484283447,0.2073199635901185,obse,cracker_scene1,70,old
1026,4.603113174438477,0.2073199635901185,obse,cracker_scene1,70,old
1027,4.60768461227417,0.20626075696167978,obse,cracker_scene1,70,old
1028,4.611706018447876,0.20626075696167978,obse,cracker_scene1,70,old
1029,4.616191864013672,0.20774457048863232,obse,cracker_scene1,70,old
1030,4.620429754257202,0.20774457048863232,obse,cracker_scene1,70,old
1031,4.62488317489624,0.20678672693241545,obse,cracker_scene1,70,old
1032,4.629076719284058,0.20827761488730964,obse,cracker_scene1,70,old
1033,4.633368968963623,0.20827761488730964,obse,cracker_scene1,70,old
1034,4.637443780899048,0.20827761488730964,obse,cracker_scene1,70,old
1035,4.641891717910767,0.20699924712684095,obse,cracker_scene1,70,old
1036,4.646310806274414,0.20768701301832826,obse,cracker_scene1,70,old
1037,4.650591611862183,0.20768701301832826,obse,cracker_scene1,70,old
1038,4.654825687408447,0.20771622123245,obse,cracker_scene1,70,old
1039,4.659113168716431,0.2072810764457643,obse,cracker_scene1,70,old
1040,4.663358449935913,0.20671526090219747,obse,cracker_scene1,70,old
1041,4.667783260345459,0.20657514055833,obse,cracker_scene1,70,old
1042,4.672130346298218,0.20679675123357202,obse,cracker_scene1,70,old
1043,4.676881313323975,0.20679675123357202,obse,cracker_scene1,70,old
1044,4.681408166885376,0.20659492831162143,obse,cracker_scene1,70,old
1045,4.685963153839111,0.20659492831162143,obse,cracker_scene1,70,old
1046,4.6905059814453125,0.20651977031371413,obse,cracker_scene1,70,old
1047,4.694735527038574,0.20651977031371413,obse,cracker_scene1,70,old
1048,4.699186325073242,0.20667590567954028,obse,cracker_scene1,70,old
1049,4.703306198120117,0.20667590567954028,obse,cracker_scene1,70,old
1050,4.707804918289185,0.20734370303568955,obse,cracker_scene1,70,old
1051,4.711878299713135,0.20734370303568955,obse,cracker_scene1,70,old
1052,4.716415166854858,0.20744017399993378,obse,cracker_scene1,70,old
1053,4.720888614654541,0.20691142859965703,obse,cracker_scene1,70,old
1054,4.725177764892578,0.20735096023135896,obse,cracker_scene1,70,old
1055,4.7292563915252686,0.20708782263853484,obse,cracker_scene1,70,old
1056,4.733801364898682,0.20760225973245422,obse,cracker_scene1,70,old
1057,4.738026142120361,0.20621807703289827,obse,cracker_scene1,70,old
1058,4.742393732070923,0.20621807703289827,obse,cracker_scene1,70,old
1059,4.746822118759155,0.20650742794519467,obse,cracker_scene1,70,old
1060,4.751327991485596,0.20650742794519467,obse,cracker_scene1,70,old
1061,4.755303621292114,0.20650742794519467,obse,cracker_scene1,70,old
1062,4.759898900985718,0.20491850378017643,obse,cracker_scene1,70,old
1063,4.764020204544067,0.20491850378017643,obse,cracker_scene1,70,old
1064,4.7685723304748535,0.2048036522422003,obse,cracker_scene1,70,old
1065,4.7727367877960205,0.20491686118195612,obse,cracker_scene1,70,old
1066,4.777057409286499,0.20491686118195612,obse,cracker_scene1,70,old
1067,4.781435251235962,0.20652501945189952,obse,cracker_scene1,70,old
1068,4.785724878311157,0.20652501945189952,obse,cracker_scene1,70,old
1069,4.790203094482422,0.2064556568773757,obse,cracker_scene1,70,old
1070,4.794966459274292,0.2064556568773757,obse,cracker_scene1,70,old
1071,4.799921751022339,0.2057188626454023,obse,cracker_scene1,70,old
1072,4.804150819778442,0.2057188626454023,obse,cracker_scene1,70,old
1073,4.808734893798828,0.2066442782291834,obse,cracker_scene1,70,old
1074,4.812888860702515,0.2066442782291834,obse,cracker_scene1,70,old
1075,4.818174839019775,0.20548802010268502,obse,cracker_scene1,70,old
1076,4.823089122772217,0.20484218796378284,obse,cracker_scene1,70,old
1077,4.827960968017578,0.20484218796378284,obse,cracker_scene1,70,old
1078,4.833135366439819,0.20553826893217408,obse,cracker_scene1,70,old
1079,4.837997674942017,0.20553826893217408,obse,cracker_scene1,70,old
1080,4.843357563018799,0.20564605274382447,obse,cracker_scene1,70,old
1081,4.84833025932312,0.20531157444132972,obse,cracker_scene1,70,old
1082,4.853015899658203,0.20531157444132972,obse,cracker_scene1,70,old
1083,4.857841730117798,0.20515227848937584,obse,cracker_scene1,70,old
1084,4.862654209136963,0.20593900602797874,obse,cracker_scene1,70,old
1085,4.867591619491577,0.20539519479465848,obse,cracker_scene1,70,old
1086,4.8723931312561035,0.205504403981515,obse,cracker_scene1,70,old
1087,4.877429962158203,0.205504403981515,obse,cracker_scene1,70,old
1088,4.882416725158691,0.20532801154966837,obse,cracker_scene1,70,old
1089,4.886790752410889,0.20532801154966837,obse,cracker_scene1,70,old
1090,4.891178846359253,0.2053285487390026,obse,cracker_scene1,70,old
1091,4.895155191421509,0.2053285487390026,obse,cracker_scene1,70,old
1092,4.899914979934692,0.2050476659551122,obse,cracker_scene1,70,old
1093,4.904059648513794,0.20433125869178603,obse,cracker_scene1,70,old
1094,4.908721923828125,0.20380960208078777,obse,cracker_scene1,70,old
1095,4.913570404052734,0.20433175570716003,obse,cracker_scene1,70,old
1096,4.918224573135376,0.20433175570716003,obse,cracker_scene1,70,old
1097,4.922757148742676,0.20445698901335982,obse,cracker_scene1,70,old
1098,4.927490472793579,0.20445698901335982,obse,cracker_scene1,70,old
1099,4.932175397872925,0.20294921799065546,obse,cracker_scene1,70,old
1100,4.937047719955444,0.20294921799065546,obse,cracker_scene1,70,old
1101,4.941943168640137,0.20436000573861132,obse,cracker_scene1,70,old
1102,4.9468865394592285,0.2036633740054726,obse,cracker_scene1,70,old
1103,4.951769590377808,0.20428046089588447,obse,cracker_scene1,70,old
1104,4.956500768661499,0.2040029293111639,obse,cracker_scene1,70,old
1105,4.961289167404175,0.2040029293111639,obse,cracker_scene1,70,old
1106,4.966420888900757,0.20484255143080563,obse,cracker_scene1,70,old
1107,4.970588684082031,0.20484255143080563,obse,cracker_scene1,70,old
1108,4.975016117095947,0.2028715406448132,obse,cracker_scene1,70,old
1109,4.979180097579956,0.20443436154595065,obse,cracker_scene1,70,old
1110,4.984302043914795,0.20443436154595065,obse,cracker_scene1,70,old
1111,4.989295244216919,0.20437506964437452,obse,cracker_scene1,70,old
1112,4.994277000427246,0.20437506964437452,obse,cracker_scene1,70,old
1113,4.998904228210449,0.20237881504298963,obse,cracker_scene1,70,old
1114,5.003039836883545,0.20237881504298963,obse,cracker_scene1,70,old
1115,5.0075764656066895,0.20338073326388204,obse,cracker_scene1,70,old
1116,5.011765480041504,0.20338073326388204,obse,cracker_scene1,70,old
1117,5.016389846801758,0.2032631315321051,obse,cracker_scene1,70,old
1118,5.022908449172974,0.2017932322733848,obse,cracker_scene1,70,old
1119,5.027995824813843,0.2017932322733848,obse,cracker_scene1,70,old
1120,5.032596826553345,0.20323876809096475,obse,cracker_scene1,70,old
1121,5.036682844161987,0.20323876809096475,obse,cracker_scene1,70,old
1122,5.041091442108154,0.20290982346657582,obse,cracker_scene1,70,old
1123,5.045104026794434,0.20290982346657582,obse,cracker_scene1,70,old
1124,5.04980731010437,0.20360730407155922,obse,cracker_scene1,70,old
1125,5.054774045944214,0.20338231017445116,obse,cracker_scene1,70,old
1126,5.059854030609131,0.20338231017445116,obse,cracker_scene1,70,old
1127,5.064786911010742,0.2039488558180206,obse,cracker_scene1,70,old
1128,5.069609880447388,0.2039488558180206,obse,cracker_scene1,70,old
1129,5.074486970901489,0.203646025808001,obse,cracker_scene1,70,old
1130,5.0793821811676025,0.20365559060808608,obse,cracker_scene1,70,old
1131,5.084366083145142,0.2028740342428561,obse,cracker_scene1,70,old
1132,5.08921217918396,0.20234862028008707,obse,cracker_scene1,70,old
1133,5.09415078163147,0.20234862028008707,obse,cracker_scene1,70,old
1134,5.098762273788452,0.20262506434750144,obse,cracker_scene1,70,old
1135,5.103379964828491,0.20262506434750144,obse,cracker_scene1,70,old
1136,5.108331680297852,0.20183261190769303,obse,cracker_scene1,70,old
1137,5.1126227378845215,0.20048433804130714,obse,cracker_scene1,70,old
1138,5.117392063140869,0.20069196473997866,obse,cracker_scene1,70,old
1139,5.122254371643066,0.20070370526726744,obse,cracker_scene1,70,old
1140,5.12705135345459,0.20070370526726744,obse,cracker_scene1,70,old
1141,5.132041931152344,0.20171838735250655,obse,cracker_scene1,70,old
1142,5.136861324310303,0.20171838735250655,obse,cracker_scene1,70,old
1143,5.141913890838623,0.200972256388599,obse,cracker_scene1,70,old
1144,5.14676833152771,0.20027448955528246,obse,cracker_scene1,70,old
1145,5.151746988296509,0.1998816100161288,obse,cracker_scene1,70,old
1146,5.156800985336304,0.20021608835222923,obse,cracker_scene1,70,old
1147,5.161888599395752,0.20021608835222923,obse,cracker_scene1,70,old
1148,5.1666717529296875,0.20202174938368858,obse,cracker_scene1,70,old
1149,5.170783996582031,0.20202174938368858,obse,cracker_scene1,70,old
1150,5.1750946044921875,0.20234224438155854,obse,cracker_scene1,70,old
1151,5.17936372756958,0.20235575696084704,obse,cracker_scene1,70,old
1152,5.183741569519043,0.20235575696084704,obse,cracker_scene1,70,old
1153,5.187871694564819,0.20249809031659838,obse,cracker_scene1,70,old
1154,5.1922972202301025,0.20163684044101832,obse,cracker_scene1,70,old
1155,5.196694374084473,0.20128184523847623,obse,cracker_scene1,70,old
1156,5.200997829437256,0.20128184523847623,obse,cracker_scene1,70,old
1157,5.2053351402282715,0.2005899901138351,obse,cracker_scene1,70,old
1158,5.209725856781006,0.2005899901138351,obse,cracker_scene1,70,old
1159,5.21409273147583,0.2007931438325964,obse,cracker_scene1,70,old
1160,5.218433141708374,0.2007931438325964,obse,cracker_scene1,70,old
1161,5.222925901412964,0.1997576148752508,obse,cracker_scene1,70,old
1162,5.227275609970093,0.1997576148752508,obse,cracker_scene1,70,old
1163,5.231885194778442,0.20069925324500115,obse,cracker_scene1,70,old
1164,5.236002683639526,0.20069925324500115,obse,cracker_scene1,70,old
1165,5.2404465675354,0.20106338182328315,obse,cracker_scene1,70,old
1166,5.244512319564819,0.20106338182328315,obse,cracker_scene1,70,old
1167,5.2489728927612305,0.20064858275591455,obse,cracker_scene1,70,old
1168,5.253342390060425,0.20064858275591455,obse,cracker_scene1,70,old
1169,5.257666110992432,0.20135875572193726,obse,cracker_scene1,70,old
1170,5.262206077575684,0.20135875572193726,obse,cracker_scene1,70,old
1171,5.266453504562378,0.20142253843900285,obse,cracker_scene1,70,old
1172,5.270646095275879,0.20142253843900285,obse,cracker_scene1,70,old
1173,5.275088310241699,0.20117692778114862,obse,cracker_scene1,70,old
1174,5.279217481613159,0.20068214376436994,obse,cracker_scene1,70,old
1175,5.283755779266357,0.20056623190062342,obse,cracker_scene1,70,old
1176,5.287883043289185,0.20067777504437603,obse,cracker_scene1,70,old
1177,5.29226541519165,0.20004346328033645,obse,cracker_scene1,70,old
1178,5.296537160873413,0.19958240163791646,obse,cracker_scene1,70,old
1179,5.30101752281189,0.2001886617864235,obse,cracker_scene1,70,old
1180,5.305446624755859,0.20012317378604425,obse,cracker_scene1,70,old
1181,5.309661626815796,0.19974767500922327,obse,cracker_scene1,70,old
1182,5.314144849777222,0.20016515926012077,obse,cracker_scene1,70,old
1183,5.31881046295166,0.1989815525436435,obse,cracker_scene1,70,old
1184,5.323206901550293,0.20014825417367157,obse,cracker_scene1,70,old
1185,5.327308654785156,0.20014825417367157,obse,cracker_scene1,70,old
1186,5.3319172859191895,0.20017390213712213,obse,cracker_scene1,70,old
1187,5.335911512374878,0.20017390213712213,obse,cracker_scene1,70,old
1188,5.340515613555908,0.20048076792298425,obse,cracker_scene1,70,old
1189,5.344552278518677,0.20048076792298425,obse,cracker_scene1,70,old
1190,5.349114179611206,0.20030192534510963,obse,cracker_scene1,70,old
1191,5.353317737579346,0.20030192534510963,obse,cracker_scene1,70,old
1192,5.35776686668396,0.19995984203250503,obse,cracker_scene1,70,old
1193,5.362006664276123,0.1998948964927649,obse,cracker_scene1,70,old
1194,5.3664281368255615,0.1990688409660654,obse,cracker_scene1,70,old
1195,5.370642423629761,0.1991075840074973,obse,cracker_scene1,70,old
1196,5.374969959259033,0.19920766664262768,obse,cracker_scene1,70,old
1197,5.37919282913208,0.19910430240893437,obse,cracker_scene1,70,old
1198,5.383747816085815,0.19916891437388032,obse,cracker_scene1,70,old
1199,5.387897253036499,0.19789339188794297,obse,cracker_scene1,70,old
1200,5.392302513122559,0.19728443841540413,obse,cracker_scene1,70,old
1201,5.396542310714722,0.19797896124707318,obse,cracker_scene1,70,old
1202,5.401008129119873,0.19797896124707318,obse,cracker_scene1,70,old
1203,5.405286073684692,0.1981540733094528,obse,cracker_scene1,70,old
1204,5.409549236297607,0.1981540733094528,obse,cracker_scene1,70,old
1205,5.4139111042022705,0.19922871882709267,obse,cracker_scene1,70,old
1206,5.418232440948486,0.19922871882709267,obse,cracker_scene1,70,old
1207,5.422591686248779,0.19975141999505155,obse,cracker_scene1,70,old
1208,5.427058458328247,0.19975141999505155,obse,cracker_scene1,70,old
1209,5.4315948486328125,0.19948492757977118,obse,cracker_scene1,70,old
1210,5.4357991218566895,0.19948492757977118,obse,cracker_scene1,70,old
1211,5.440432786941528,0.19823873881843895,obse,cracker_scene1,70,old
1212,5.444691181182861,0.19823873881843895,obse,cracker_scene1,70,old
1213,5.449419021606445,0.19798875902256832,obse,cracker_scene1,70,old
1214,5.453583002090454,0.19798875902256832,obse,cracker_scene1,70,old
1215,5.4580137729644775,0.1968876127012751,obse,cracker_scene1,70,old
1216,5.462319612503052,0.19733981745111595,obse,cracker_scene1,70,old
1217,5.4668004512786865,0.19733981745111595,obse,cracker_scene1,70,old
1218,5.471338272094727,0.19743452084273158,obse,cracker_scene1,70,old
1219,5.4759416580200195,0.19743452084273158,obse,cracker_scene1,70,old
1220,5.480602025985718,0.19713939297822555,obse,cracker_scene1,70,old
1221,5.484816074371338,0.19713939297822555,obse,cracker_scene1,70,old
1222,5.488813400268555,0.19713939297822555,obse,cracker_scene1,70,old
1223,5.493499994277954,0.197347832657865,obse,cracker_scene1,70,old
1224,5.498116731643677,0.19861410386799147,obse,cracker_scene1,70,old
1225,5.502593994140625,0.19861410386799147,obse,cracker_scene1,70,old
1226,5.507314205169678,0.1985596042130775,obse,cracker_scene1,70,old
1227,5.511561870574951,0.1985596042130775,obse,cracker_scene1,70,old
1228,5.516326665878296,0.1977483126246739,obse,cracker_scene1,70,old
1229,5.520599365234375,0.1977483126246739,obse,cracker_scene1,70,old
1230,5.5250585079193115,0.19748911726241933,obse,cracker_scene1,70,old
1231,5.529189109802246,0.19748911726241933,obse,cracker_scene1,70,old
1232,5.533827781677246,0.19746173195560857,obse,cracker_scene1,70,old
1233,5.538037538528442,0.19735625406992913,obse,cracker_scene1,70,old
1234,5.542523622512817,0.19735625406992913,obse,cracker_scene1,70,old
1235,5.546999216079712,0.19767883597716468,obse,cracker_scene1,70,old
1236,5.551653861999512,0.19767883597716468,obse,cracker_scene1,70,old
1237,5.555968523025513,0.19758326914124802,obse,cracker_scene1,70,old
1238,5.560320615768433,0.19758326914124802,obse,cracker_scene1,70,old
1239,5.564839124679565,0.196836973330123,obse,cracker_scene1,70,old
1240,5.5690367221832275,0.196836973330123,obse,cracker_scene1,70,old
1241,5.573296070098877,0.1956867380588044,obse,cracker_scene1,70,old
1242,5.577730894088745,0.1956867380588044,obse,cracker_scene1,70,old
1243,5.582418441772461,0.19666473909847595,obse,cracker_scene1,70,old
1244,5.586610794067383,0.19666473909847595,obse,cracker_scene1,70,old
1245,5.590982437133789,0.19656337350215958,obse,cracker_scene1,70,old
1246,5.595569133758545,0.19670265117881092,obse,cracker_scene1,70,old
1247,5.600082874298096,0.19633867252298565,obse,cracker_scene1,70,old
1248,5.604442119598389,0.19702941866371074,obse,cracker_scene1,70,old
1249,5.608918905258179,0.19638867119257647,obse,cracker_scene1,70,old
1250,5.613304615020752,0.1960695692547694,obse,cracker_scene1,70,old
1251,5.617781400680542,0.1947884814706068,obse,cracker_scene1,70,old
1252,5.6221020221710205,0.19576444466454596,obse,cracker_scene1,70,old
1253,5.6264307498931885,0.19576444466454596,obse,cracker_scene1,70,old
1254,5.630858898162842,0.19519276699063862,obse,cracker_scene1,70,old
1255,5.635609865188599,0.19519276699063862,obse,cracker_scene1,70,old
1256,5.640028238296509,0.1957788148128206,obse,cracker_scene1,70,old
1257,5.644120931625366,0.1957788148128206,obse,cracker_scene1,70,old
1258,5.648572683334351,0.19633589885375358,obse,cracker_scene1,70,old
1259,5.6526689529418945,0.19633589885375358,obse,cracker_scene1,70,old
1260,5.657231569290161,0.196714443256586,obse,cracker_scene1,70,old
1261,5.661463737487793,0.196714443256586,obse,cracker_scene1,70,old
1262,5.666142463684082,0.19631263096015433,obse,cracker_scene1,70,old
1263,5.6703782081604,0.19631263096015433,obse,cracker_scene1,70,old
1264,5.674954891204834,0.19651106056843162,obse,cracker_scene1,70,old
1265,5.679104804992676,0.19463331211111604,obse,cracker_scene1,70,old
1266,5.683804035186768,0.19463331211111604,obse,cracker_scene1,70,old
1267,5.688226938247681,0.19522053574835518,obse,cracker_scene1,70,old
1268,5.692641019821167,0.19522053574835518,obse,cracker_scene1,70,old
1269,5.697126150131226,0.19473190788654635,obse,cracker_scene1,70,old
1270,5.701410531997681,0.19473190788654635,obse,cracker_scene1,70,old
1271,5.705948829650879,0.19501808836106393,obse,cracker_scene1,70,old
1272,5.710194110870361,0.19501808836106393,obse,cracker_scene1,70,old
1273,5.71485710144043,0.1951091597262352,obse,cracker_scene1,70,old
1274,5.719051837921143,0.1951091597262352,obse,cracker_scene1,70,old
1275,5.723694801330566,0.1942693390760258,obse,cracker_scene1,70,old
1276,5.727757930755615,0.1942693390760258,obse,cracker_scene1,70,old
1277,5.732317924499512,0.19502339549343134,obse,cracker_scene1,70,old
1278,5.736421585083008,0.19502339549343134,obse,cracker_scene1,70,old
1279,5.7409422397613525,0.1948800938901735,obse,cracker_scene1,70,old
1280,5.74512791633606,0.1948800938901735,obse,cracker_scene1,70,old
1281,5.749649286270142,0.1960534106767447,obse,cracker_scene1,70,old
1282,5.754333972930908,0.19647372664380164,obse,cracker_scene1,70,old
1283,5.7585978507995605,0.19647372664380164,obse,cracker_scene1,70,old
1284,5.762903451919556,0.1946328964016722,obse,cracker_scene1,70,old
1285,5.767239809036255,0.1946328964016722,obse,cracker_scene1,70,old
1286,5.771426200866699,0.19537707111865724,obse,cracker_scene1,70,old
1287,5.775883674621582,0.19537707111865724,obse,cracker_scene1,70,old
1288,5.780204772949219,0.19446353812734363,obse,cracker_scene1,70,old
1289,5.784542798995972,0.19446353812734363,obse,cracker_scene1,70,old
1290,5.789065599441528,0.19450971782412121,obse,cracker_scene1,70,old
1291,5.793808221817017,0.19450971782412121,obse,cracker_scene1,70,old
1292,5.798247814178467,0.19293592467808435,obse,cracker_scene1,70,old
1293,5.802399158477783,0.19293592467808435,obse,cracker_scene1,70,old
1294,5.806863069534302,0.19368619062822104,obse,cracker_scene1,70,old
1295,5.81103253364563,0.19368619062822104,obse,cracker_scene1,70,old
1296,5.8157713413238525,0.19414273103594473,obse,cracker_scene1,70,old
1297,5.820127248764038,0.19414273103594473,obse,cracker_scene1,70,old
1298,5.824699640274048,0.19515577859661618,obse,cracker_scene1,70,old
1299,5.828888416290283,0.19515577859661618,obse,cracker_scene1,70,old
1300,5.833529710769653,0.19574328614734124,obse,cracker_scene1,70,old
1301,5.838011264801025,0.19572128391318683,obse,cracker_scene1,70,old
1302,5.842874765396118,0.19572128391318683,obse,cracker_scene1,70,old
1303,5.8480024337768555,0.1937770284774674,obse,cracker_scene1,70,old
1304,5.852751016616821,0.1937770284774674,obse,cracker_scene1,70,old
1305,5.857425689697266,0.19301501230999812,obse,cracker_scene1,70,old
1306,5.861735105514526,0.19301501230999812,obse,cracker_scene1,70,old
1307,5.866292238235474,0.19407046062369293,obse,cracker_scene1,70,old
1308,5.870368242263794,0.19407046062369293,obse,cracker_scene1,70,old
1309,5.874988555908203,0.19353812715326424,obse,cracker_scene1,70,old
1310,5.87920880317688,0.1937787747914817,obse,cracker_scene1,70,old
1311,5.883689880371094,0.1937787747914817,obse,cracker_scene1,70,old
1312,5.887659072875977,0.1937787747914817,obse,cracker_scene1,70,old
1313,5.8918297290802,0.19226488858227775,obse,cracker_scene1,70,old
1314,5.896076440811157,0.19226488858227775,obse,cracker_scene1,70,old
1315,5.900510787963867,0.19334122047170635,obse,cracker_scene1,70,old
1316,5.904759645462036,0.19334122047170635,obse,cracker_scene1,70,old
1317,5.909168243408203,0.1935525281136358,obse,cracker_scene1,70,old
1318,5.913637399673462,0.19366542305988171,obse,cracker_scene1,70,old
1319,5.917973756790161,0.19309403732215286,obse,cracker_scene1,70,old
1320,5.922454357147217,0.19452138411812922,obse,cracker_scene1,70,old
1321,5.926465749740601,0.19452138411812922,obse,cracker_scene1,70,old
1322,5.930906772613525,0.1938833863581021,obse,cracker_scene1,70,old
1323,5.9350385665893555,0.1938833863581021,obse,cracker_scene1,70,old
1324,5.939559459686279,0.19375853951294536,obse,cracker_scene1,70,old
1325,5.943838119506836,0.19375853951294536,obse,cracker_scene1,70,old
1326,5.948383808135986,0.1928485236891524,obse,cracker_scene1,70,old
1327,5.952781677246094,0.1928485236891524,obse,cracker_scene1,70,old
1328,5.957432270050049,0.1922997820344046,obse,cracker_scene1,70,old
1329,5.961473703384399,0.1922997820344046,obse,cracker_scene1,70,old
1330,5.965935707092285,0.19356442540410462,obse,cracker_scene1,70,old
1331,5.969955682754517,0.19356442540410462,obse,cracker_scene1,70,old
1332,5.97432279586792,0.19175954174405896,obse,cracker_scene1,70,old
1333,5.978485822677612,0.19175954174405896,obse,cracker_scene1,70,old
1334,5.983079671859741,0.19268863948162615,obse,cracker_scene1,70,old
1335,5.987197399139404,0.19268863948162615,obse,cracker_scene1,70,old
1336,5.991451025009155,0.19273356814544335,obse,cracker_scene1,70,old
1337,5.995469093322754,0.19273356814544335,obse,cracker_scene1,70,old
1338,5.999698638916016,0.1936954945901722,obse,cracker_scene1,70,old
1339,6.003895998001099,0.19345279595294151,obse,cracker_scene1,70,old
1340,6.0085296630859375,0.19384641638345032,obse,cracker_scene1,70,old
1341,6.012794256210327,0.19386263002643614,obse,cracker_scene1,70,old
1342,6.017336130142212,0.19364813096413147,obse,cracker_scene1,70,old
1343,6.021587133407593,0.19216837932515252,obse,cracker_scene1,70,old
1344,6.025816440582275,0.19216837932515252,obse,cracker_scene1,70,old
1345,6.029895544052124,0.19222818874283712,obse,cracker_scene1,70,old
1346,6.034356355667114,0.19179959019789403,obse,cracker_scene1,70,old
1347,6.038638353347778,0.19336979113782035,obse,cracker_scene1,70,old
1348,6.0430519580841064,0.19336979113782035,obse,cracker_scene1,70,old
1349,6.04738712310791,0.1931727611331968,obse,cracker_scene1,70,old
1350,6.052466869354248,0.1937170761666909,obse,cracker_scene1,70,old
1351,6.057566404342651,0.19301868257076413,obse,cracker_scene1,70,old
1352,6.06218957901001,0.19301868257076413,obse,cracker_scene1,70,old
1353,6.067329406738281,0.19298050201567132,obse,cracker_scene1,70,old
1354,6.072178363800049,0.1927102048419727,obse,cracker_scene1,70,old
1355,6.077085256576538,0.1927102048419727,obse,cracker_scene1,70,old
1356,6.081867218017578,0.1929602709876223,obse,cracker_scene1,70,old
1357,6.085968732833862,0.1929602709876223,obse,cracker_scene1,70,old
1358,6.091084718704224,0.1931743301663501,obse,cracker_scene1,70,old
1359,6.095885992050171,0.1931743301663501,obse,cracker_scene1,70,old
1360,6.100953578948975,0.19280182352581166,obse,cracker_scene1,70,old
1361,6.105753421783447,0.19244582930784473,obse,cracker_scene1,70,old
1362,6.110779047012329,0.19244582930784473,obse,cracker_scene1,70,old
1363,6.11613392829895,0.19274713081151149,obse,cracker_scene1,70,old
1364,6.121128797531128,0.19276568134112032,obse,cracker_scene1,70,old
1365,6.126043081283569,0.19276568134112032,obse,cracker_scene1,70,old
1366,6.1307244300842285,0.19222676990731302,obse,cracker_scene1,70,old
1367,6.135896682739258,0.19222676990731302,obse,cracker_scene1,70,old
1368,6.14096999168396,0.1920999716830932,obse,cracker_scene1,70,old
1369,6.145853757858276,0.1920999716830932,obse,cracker_scene1,70,old
1370,6.150810241699219,0.19135914947262797,obse,cracker_scene1,70,old
1371,6.155113697052002,0.19092599027875845,obse,cracker_scene1,70,old
1372,6.159258604049683,0.19092599027875845,obse,cracker_scene1,70,old
1373,6.163458585739136,0.19157078937914768,obse,cracker_scene1,70,old
1374,6.168267011642456,0.19162286164805434,obse,cracker_scene1,70,old
1375,6.173339605331421,0.19165624993823752,obse,cracker_scene1,70,old
1376,6.178132772445679,0.19165624993823752,obse,cracker_scene1,70,old
1377,6.1832520961761475,0.19169882053469361,obse,cracker_scene1,70,old
1378,6.1874518394470215,0.19225634315250023,obse,cracker_scene1,70,old
1379,6.192052841186523,0.19225634315250023,obse,cracker_scene1,70,old
1380,6.196878671646118,0.19266085225096016,obse,cracker_scene1,70,old
1381,6.201833963394165,0.19266085225096016,obse,cracker_scene1,70,old
1382,6.206866979598999,0.19261579966016196,obse,cracker_scene1,70,old
1383,6.211873769760132,0.1921956804048413,obse,cracker_scene1,70,old
1384,6.217254638671875,0.19152067770421624,obse,cracker_scene1,70,old
1385,6.221944808959961,0.19168357278723727,obse,cracker_scene1,70,old
1386,6.2269651889801025,0.19168357278723727,obse,cracker_scene1,70,old
1387,6.232008218765259,0.19038943821172022,obse,cracker_scene1,70,old
1388,6.236876487731934,0.19021366159375122,obse,cracker_scene1,70,old
1389,6.2419068813323975,0.1902305532241967,obse,cracker_scene1,70,old
1390,6.246691465377808,0.19095137331909276,obse,cracker_scene1,70,old
1391,6.25187611579895,0.19016517524964135,obse,cracker_scene1,70,old
1392,6.256936550140381,0.19176139428362743,obse,cracker_scene1,70,old
1393,6.261747360229492,0.19176139428362743,obse,cracker_scene1,70,old
1394,6.266870498657227,0.19167281086774554,obse,cracker_scene1,70,old
1395,6.27172589302063,0.1914140525965403,obse,cracker_scene1,70,old
1396,6.276900768280029,0.1914140525965403,obse,cracker_scene1,70,old
1397,6.281945466995239,0.19175287640183447,obse,cracker_scene1,70,old
1398,6.286864280700684,0.19175287640183447,obse,cracker_scene1,70,old
1399,6.29195237159729,0.19178435030236998,obse,cracker_scene1,70,old
1400,6.2969136238098145,0.19139298881889322,obse,cracker_scene1,70,old
1401,6.301771879196167,0.19139298881889322,obse,cracker_scene1,70,old
1402,6.306845664978027,0.19136609142235605,obse,cracker_scene1,70,old
1403,6.311511754989624,0.19136609142235605,obse,cracker_scene1,70,old
1404,6.316636562347412,0.19122155676948518,obse,cracker_scene1,70,old
1405,6.321655511856079,0.19044045892514724,obse,cracker_scene1,70,old
1406,6.326767444610596,0.19044045892514724,obse,cracker_scene1,70,old
1407,6.3317601680755615,0.19179719040320528,obse,cracker_scene1,70,old
1408,6.336631774902344,0.19179719040320528,obse,cracker_scene1,70,old
1409,6.341645956039429,0.19183257792963274,obse,cracker_scene1,70,old
1410,6.3464062213897705,0.19144539071602085,obse,cracker_scene1,70,old
1411,6.35145115852356,0.19144539071602085,obse,cracker_scene1,70,old
1412,6.356375694274902,0.19001868883632006,obse,cracker_scene1,70,old
1413,6.3610680103302,0.19001868883632006,obse,cracker_scene1,70,old
1414,6.366276741027832,0.18969798496057796,obse,cracker_scene1,70,old
1415,6.371142864227295,0.1891305866758182,obse,cracker_scene1,70,old
1416,6.376191139221191,0.1891305866758182,obse,cracker_scene1,70,old
1417,6.381180763244629,0.18851534585241211,obse,cracker_scene1,70,old
1418,6.386244058609009,0.18867592490607762,obse,cracker_scene1,70,old
1419,6.391140699386597,0.19022236051320784,obse,cracker_scene1,70,old
1420,6.396060228347778,0.19153439017304727,obse,cracker_scene1,70,old
1421,6.401001691818237,0.19153439017304727,obse,cracker_scene1,70,old
1422,6.405848026275635,0.19126851830446312,obse,cracker_scene1,70,old
1423,6.410635471343994,0.19126851830446312,obse,cracker_scene1,70,old
1424,6.415728330612183,0.192008731162137,obse,cracker_scene1,70,old
1425,6.420716285705566,0.19167552938133692,obse,cracker_scene1,70,old
1426,6.425743103027344,0.19148281284952987,obse,cracker_scene1,70,old
1427,6.430659055709839,0.19066355389020745,obse,cracker_scene1,70,old
1428,6.435548543930054,0.19066355389020745,obse,cracker_scene1,70,old
1429,6.440702676773071,0.1899463981036034,obse,cracker_scene1,70,old
1430,6.445682525634766,0.18952969275334855,obse,cracker_scene1,70,old
1431,6.45079779624939,0.18952969275334855,obse,cracker_scene1,70,old
1432,6.455668687820435,0.1895555011629305,obse,cracker_scene1,70,old
1433,6.4605348110198975,0.1895555011629305,obse,cracker_scene1,70,old
1434,6.465434312820435,0.19013439277592944,obse,cracker_scene1,70,old
1435,6.47028923034668,0.19013439277592944,obse,cracker_scene1,70,old
1436,6.475300550460815,0.1911760275528956,obse,cracker_scene1,70,old
1437,6.48022198677063,0.1913198525565768,obse,cracker_scene1,70,old
1438,6.485291242599487,0.1913198525565768,obse,cracker_scene1,70,old
1439,6.490161180496216,0.19096047985297832,obse,cracker_scene1,70,old
1440,6.494554042816162,0.19096047985297832,obse,cracker_scene1,70,old
1441,6.498960256576538,0.1892363928026439,obse,cracker_scene1,70,old
1442,6.503175258636475,0.1892363928026439,obse,cracker_scene1,70,old
1443,6.507681369781494,0.19043932065518285,obse,cracker_scene1,70,old
1444,6.511706590652466,0.19043932065518285,obse,cracker_scene1,70,old
1445,6.516353368759155,0.18993867761075028,obse,cracker_scene1,70,old
1446,6.52079963684082,0.1894781530814048,obse,cracker_scene1,70,old
1447,6.525335073471069,0.18952372392784228,obse,cracker_scene1,70,old
1448,6.529627799987793,0.19037030846194677,obse,cracker_scene1,70,old
1449,6.534218072891235,0.19037030846194677,obse,cracker_scene1,70,old
1450,6.538616895675659,0.18962247836914614,obse,cracker_scene1,70,old
1451,6.542976140975952,0.190315666709337,obse,cracker_scene1,70,old
1452,6.5473551750183105,0.190268849056039,obse,cracker_scene1,70,old
1453,6.551560878753662,0.190268849056039,obse,cracker_scene1,70,old
1454,6.556295156478882,0.18913611223317556,obse,cracker_scene1,70,old
1455,6.5604329109191895,0.18913611223317556,obse,cracker_scene1,70,old
1456,6.5653016567230225,0.18994581908195893,obse,cracker_scene1,70,old
1457,6.569657325744629,0.18994581908195893,obse,cracker_scene1,70,old
1458,6.5746824741363525,0.18952065548057428,obse,cracker_scene1,70,old
1459,6.579449892044067,0.18952065548057428,obse,cracker_scene1,70,old
1460,6.584585189819336,0.1884147817578645,obse,cracker_scene1,70,old
1461,6.589605808258057,0.19037824159461084,obse,cracker_scene1,70,old
1462,6.5940492153167725,0.19037824159461084,obse,cracker_scene1,70,old
1463,6.599104404449463,0.1898240882643639,obse,cracker_scene1,70,old
1464,6.6039817333221436,0.1898240882643639,obse,cracker_scene1,70,old
1465,6.609049558639526,0.1888391980098624,obse,cracker_scene1,70,old
1466,6.613721609115601,0.18885613014936245,obse,cracker_scene1,70,old
1467,6.618600130081177,0.18885613014936245,obse,cracker_scene1,70,old
1468,6.623566150665283,0.1890532639147475,obse,cracker_scene1,70,old
1469,6.628429174423218,0.1890532639147475,obse,cracker_scene1,70,old
1470,6.633507251739502,0.18957657538711808,obse,cracker_scene1,70,old
1471,6.638273477554321,0.19046748079928025,obse,cracker_scene1,70,old
1472,6.6430864334106445,0.19046748079928025,obse,cracker_scene1,70,old
1473,6.648121356964111,0.18983804788011666,obse,cracker_scene1,70,old
1474,6.6529059410095215,0.18983804788011666,obse,cracker_scene1,70,old
1475,6.658083200454712,0.1880371465424526,obse,cracker_scene1,70,old
1476,6.662636041641235,0.18706375367894862,obse,cracker_scene1,70,old
1477,6.667819499969482,0.18706375367894862,obse,cracker_scene1,70,old
1478,6.672544717788696,0.18792132951888296,obse,cracker_scene1,70,old
1479,6.677580833435059,0.18792132951888296,obse,cracker_scene1,70,old
1480,6.682647705078125,0.18765090571942877,obse,cracker_scene1,70,old
1481,6.687185525894165,0.18765090571942877,obse,cracker_scene1,70,old
1482,6.692009687423706,0.18895879483686212,obse,cracker_scene1,70,old
1483,6.696972370147705,0.18895879483686212,obse,cracker_scene1,70,old
1484,6.70183253288269,0.18888239612132843,obse,cracker_scene1,70,old
1485,6.706674098968506,0.19009831578488784,obse,cracker_scene1,70,old
1486,6.711445331573486,0.19009831578488784,obse,cracker_scene1,70,old
1487,6.716791152954102,0.18883431733202904,obse,cracker_scene1,70,old
1488,6.721622943878174,0.18883431733202904,obse,cracker_scene1,70,old
1489,6.7267608642578125,0.18775323573427863,obse,cracker_scene1,70,old
1490,6.731673240661621,0.18775323573427863,obse,cracker_scene1,70,old
1491,6.736575365066528,0.18845793798655264,obse,cracker_scene1,70,old
1492,6.741501808166504,0.18845793798655264,obse,cracker_scene1,70,old
1493,6.746313571929932,0.18838562333995115,obse,cracker_scene1,70,old
1494,6.751688718795776,0.1873029978861572,obse,cracker_scene1,70,old
1495,6.756116628646851,0.1873029978861572,obse,cracker_scene1,70,old
1496,6.7614967823028564,0.1886270145296521,obse,cracker_scene1,70,old
1497,6.766064167022705,0.1886270145296521,obse,cracker_scene1,70,old
1498,6.771023511886597,0.18933575630469762,obse,cracker_scene1,70,old
1499,6.77557635307312,0.18933575630469762,obse,cracker_scene1,70,old
1500,6.780431509017944,0.18876117708011345,obse,cracker_scene1,70,old
1501,6.785204887390137,0.18876117708011345,obse,cracker_scene1,70,old
1502,6.790119886398315,0.18866471157939368,obse,cracker_scene1,70,old
1503,6.795028209686279,0.18930394156214922,obse,cracker_scene1,70,old
1504,6.800010442733765,0.18759452845876687,obse,cracker_scene1,70,old
1505,6.804929494857788,0.18759452845876687,obse,cracker_scene1,70,old
1506,6.809489011764526,0.1887286982383582,obse,cracker_scene1,70,old
1507,6.814706563949585,0.18849834401829943,obse,cracker_scene1,70,old
1508,6.8196752071380615,0.18830837346798232,obse,cracker_scene1,70,old
1509,6.824729681015015,0.18774182093187428,obse,cracker_scene1,70,old
1510,6.829636812210083,0.18717724839133343,obse,cracker_scene1,70,old
1511,6.834450721740723,0.18717724839133343,obse,cracker_scene1,70,old
1512,6.838982582092285,0.1877803113174985,obse,cracker_scene1,70,old
1513,6.843965768814087,0.18724347228530686,obse,cracker_scene1,70,old
1514,6.84928297996521,0.18794134782135707,obse,cracker_scene1,70,old
1515,6.854520559310913,0.18848094537198476,obse,cracker_scene1,70,old
1516,6.859672784805298,0.1865745009959508,obse,cracker_scene1,70,old
1517,6.864479064941406,0.1871744852678907,obse,cracker_scene1,70,old
1518,6.869776487350464,0.18834594874934138,obse,cracker_scene1,70,old
1519,6.874835014343262,0.18798042213989508,obse,cracker_scene1,70,old
1520,6.879731178283691,0.18737413807534883,obse,cracker_scene1,70,old
1521,6.8851072788238525,0.18737413807534883,obse,cracker_scene1,70,old
1522,6.8903186321258545,0.18708769182591606,obse,cracker_scene1,70,old
1523,6.895048141479492,0.1875325007244053,obse,cracker_scene1,70,old
1524,6.899843215942383,0.18745469717717306,obse,cracker_scene1,70,old
1525,6.903958797454834,0.18745469717717306,obse,cracker_scene1,70,old
1526,6.908536434173584,0.1876578771010603,obse,cracker_scene1,70,old
1527,6.912747383117676,0.18638488418927526,obse,cracker_scene1,70,old
1528,6.917439699172974,0.18638488418927526,obse,cracker_scene1,70,old
1529,6.922048807144165,0.1867811807861689,obse,cracker_scene1,70,old
1530,6.926331043243408,0.1867811807861689,obse,cracker_scene1,70,old
1531,6.930780410766602,0.18794674115871893,obse,cracker_scene1,70,old
1532,6.935042858123779,0.18794674115871893,obse,cracker_scene1,70,old
1533,6.9393630027771,0.18799469691704468,obse,cracker_scene1,70,old
1534,6.943597078323364,0.18799469691704468,obse,cracker_scene1,70,old
1535,6.948191165924072,0.18822434312278188,obse,cracker_scene1,70,old
1536,6.952605724334717,0.18822434312278188,obse,cracker_scene1,70,old
1537,6.957118988037109,0.1883942318834466,obse,cracker_scene1,70,old
1538,6.961275815963745,0.1883942318834466,obse,cracker_scene1,70,old
1539,6.9656713008880615,0.1878869706473094,obse,cracker_scene1,70,old
1540,6.9700000286102295,0.1878869706473094,obse,cracker_scene1,70,old
1541,6.9745519161224365,0.18784222743770024,obse,cracker_scene1,70,old
1542,6.978806495666504,0.18778104152986203,obse,cracker_scene1,70,old
1543,6.98332142829895,0.18723303662046725,obse,cracker_scene1,70,old
1544,6.987516164779663,0.1872675102732885,obse,cracker_scene1,70,old
1545,6.992127418518066,0.18792539631815014,obse,cracker_scene1,70,old
1546,6.996597766876221,0.1876829559775991,obse,cracker_scene1,70,old
1547,7.00107741355896,0.1876829559775991,obse,cracker_scene1,70,old
1548,7.005688905715942,0.1876462204192153,obse,cracker_scene1,70,old
1549,7.010650634765625,0.1876462204192153,obse,cracker_scene1,70,old
1550,7.015712022781372,0.18750111875982658,obse,cracker_scene1,70,old
1551,7.020559787750244,0.18750111875982658,obse,cracker_scene1,70,old
1552,7.025466442108154,0.1853378461067063,obse,cracker_scene1,70,old
1553,7.030407190322876,0.18724083881975223,obse,cracker_scene1,70,old
1554,7.034726858139038,0.18724083881975223,obse,cracker_scene1,70,old
1555,7.039913654327393,0.18732513415826163,obse,cracker_scene1,70,old
1556,7.04488205909729,0.18732513415826163,obse,cracker_scene1,70,old
1557,7.050048351287842,0.18754154021034752,obse,cracker_scene1,70,old
1558,7.054816246032715,0.1874225378278417,obse,cracker_scene1,70,old
1559,7.0597686767578125,0.18755099620264112,obse,cracker_scene1,70,old
1560,7.064194202423096,0.18587621280008682,obse,cracker_scene1,70,old
1561,7.069037199020386,0.18587621280008682,obse,cracker_scene1,70,old
1562,7.074130535125732,0.1869634140635633,obse,cracker_scene1,70,old
1563,7.078870534896851,0.1869634140635633,obse,cracker_scene1,70,old
1564,7.084229469299316,0.1869580604269177,obse,cracker_scene1,70,old
1565,7.0888073444366455,0.1869580604269177,obse,cracker_scene1,70,old
1566,7.093489646911621,0.18585439175197896,obse,cracker_scene1,70,old
1567,7.09811806678772,0.18585439175197896,obse,cracker_scene1,70,old
1568,7.10315203666687,0.1874998591290053,obse,cracker_scene1,70,old
1569,7.107824325561523,0.1874998591290053,obse,cracker_scene1,70,old
1570,7.1127119064331055,0.1874998591290053,obse,cracker_scene1,70,old
1571,7.117885589599609,0.1858248437811139,obse,cracker_scene1,70,old
1572,7.122637987136841,0.18710585370110952,obse,cracker_scene1,70,old
1573,7.127576589584351,0.1869327197882325,obse,cracker_scene1,70,old
1574,7.132396697998047,0.1869327197882325,obse,cracker_scene1,70,old
1575,7.137131929397583,0.1858557370356729,obse,cracker_scene1,70,old
1576,7.142067909240723,0.1858557370356729,obse,cracker_scene1,70,old
1577,7.147090911865234,0.18640678341069894,obse,cracker_scene1,70,old
1578,7.151690483093262,0.18640678341069894,obse,cracker_scene1,70,old
1579,7.156674146652222,0.18594717200948568,obse,cracker_scene1,70,old
1580,7.161296844482422,0.18594717200948568,obse,cracker_scene1,70,old
1581,7.165965795516968,0.18618565793738867,obse,cracker_scene1,70,old
1582,7.1709558963775635,0.18618565793738867,obse,cracker_scene1,70,old
1583,7.175624132156372,0.18587784823512576,obse,cracker_scene1,70,old
1584,7.180147886276245,0.18587784823512576,obse,cracker_scene1,70,old
1585,7.1843485832214355,0.186041089901077,obse,cracker_scene1,70,old
1586,7.1886866092681885,0.186041089901077,obse,cracker_scene1,70,old
1587,7.193545818328857,0.18530564746136685,obse,cracker_scene1,70,old
1588,7.197707891464233,0.18530564746136685,obse,cracker_scene1,70,old
1589,7.2026824951171875,0.1854322867800056,obse,cracker_scene1,70,old
1590,7.207746744155884,0.18451074600707296,obse,cracker_scene1,70,old
1591,7.212049245834351,0.18451074600707296,obse,cracker_scene1,70,old
1592,7.216640949249268,0.18614952790181366,obse,cracker_scene1,70,old
1593,7.221013069152832,0.18614952790181366,obse,cracker_scene1,70,old
1594,7.225285291671753,0.18512773684869785,obse,cracker_scene1,70,old
1595,7.229721546173096,0.18512773684869785,obse,cracker_scene1,70,old
1596,7.23400354385376,0.18511621360957303,obse,cracker_scene1,70,old
1597,7.238585472106934,0.18529713301155523,obse,cracker_scene1,70,old
1598,7.243458986282349,0.18529713301155523,obse,cracker_scene1,70,old
1599,7.2482216358184814,0.18659702396026348,obse,cracker_scene1,70,old
1600,7.252992153167725,0.18527247071412495,obse,cracker_scene1,70,old
1601,7.258034944534302,0.18638075352777703,obse,cracker_scene1,70,old
1602,7.262832403182983,0.18615890618070208,obse,cracker_scene1,70,old
1603,7.267575740814209,0.1859814597404483,obse,cracker_scene1,70,old
1604,7.271947145462036,0.18434330626293238,obse,cracker_scene1,70,old
1605,7.276249885559082,0.18434330626293238,obse,cracker_scene1,70,old
1606,7.280684232711792,0.18481971376125597,obse,cracker_scene1,70,old
1607,7.284967660903931,0.18481971376125597,obse,cracker_scene1,70,old
1608,7.289177417755127,0.18518239252808683,obse,cracker_scene1,70,old
1609,7.293272256851196,0.18518239252808683,obse,cracker_scene1,70,old
1610,7.297417879104614,0.1851866929254214,obse,cracker_scene1,70,old
1611,7.301721572875977,0.1851866929254214,obse,cracker_scene1,70,old
1612,7.305966377258301,0.18515166223192142,obse,cracker_scene1,70,old
1613,7.310201168060303,0.18515166223192142,obse,cracker_scene1,70,old
1614,7.314579963684082,0.18528740659213908,obse,cracker_scene1,70,old
1615,7.3186116218566895,0.18528740659213908,obse,cracker_scene1,70,old
1616,7.323239326477051,0.1852142751640564,obse,cracker_scene1,70,old
1617,7.327255487442017,0.1852142751640564,obse,cracker_scene1,70,old
1618,7.33183217048645,0.1853405330024149,obse,cracker_scene1,70,old
1619,7.336048603057861,0.1853405330024149,obse,cracker_scene1,70,old
1620,7.3407392501831055,0.18389314705158477,obse,cracker_scene1,70,old
1621,7.344828367233276,0.18389314705158477,obse,cracker_scene1,70,old
1622,7.349418878555298,0.1847274364338407,obse,cracker_scene1,70,old
1623,7.353675127029419,0.1847274364338407,obse,cracker_scene1,70,old
1624,7.358208179473877,0.1851095256507671,obse,cracker_scene1,70,old
1625,7.362428426742554,0.18517487967491125,obse,cracker_scene1,70,old
1626,7.367085933685303,0.18516623867966645,obse,cracker_scene1,70,old
1627,7.371499300003052,0.18399737432533814,obse,cracker_scene1,70,old
1628,7.375774145126343,0.18399737432533814,obse,cracker_scene1,70,old
1629,7.380251169204712,0.18466641105075962,obse,cracker_scene1,70,old
1630,7.38449764251709,0.18466641105075962,obse,cracker_scene1,70,old
1631,7.3889405727386475,0.185339643769509,obse,cracker_scene1,70,old
1632,7.393365859985352,0.185339643769509,obse,cracker_scene1,70,old
1633,7.397713899612427,0.18536022802396018,obse,cracker_scene1,70,old
1634,7.402028322219849,0.18536022802396018,obse,cracker_scene1,70,old
1635,7.406661033630371,0.18521348612672922,obse,cracker_scene1,70,old
1636,7.41087532043457,0.18521348612672922,obse,cracker_scene1,70,old
1637,7.415805816650391,0.18464989057424958,obse,cracker_scene1,70,old
1638,7.420080900192261,0.18413338254214115,obse,cracker_scene1,70,old
1639,7.425360202789307,0.18413611058584983,obse,cracker_scene1,70,old
1640,7.429833650588989,0.18387703576793363,obse,cracker_scene1,70,old
1641,7.434183835983276,0.18387703576793363,obse,cracker_scene1,70,old
1642,7.438448667526245,0.1853858571058048,obse,cracker_scene1,70,old
1643,7.442730188369751,0.1853858571058048,obse,cracker_scene1,70,old
1644,7.446966648101807,0.1853227638906147,obse,cracker_scene1,70,old
1645,7.451491594314575,0.1853227638906147,obse,cracker_scene1,70,old
1646,7.455798387527466,0.18475521615385546,obse,cracker_scene1,70,old
1647,7.460279703140259,0.18475521615385546,obse,cracker_scene1,70,old
1648,7.464801788330078,0.18526463719605002,obse,cracker_scene1,70,old
1649,7.468968152999878,0.18526463719605002,obse,cracker_scene1,70,old
1650,7.473376035690308,0.18471007548422366,obse,cracker_scene1,70,old
1651,7.477674961090088,0.18471007548422366,obse,cracker_scene1,70,old
1652,7.48266339302063,0.1846714719225904,obse,cracker_scene1,70,old
1653,7.486617088317871,0.1846714719225904,obse,cracker_scene1,70,old
1654,7.491257429122925,0.18391267516703047,obse,cracker_scene1,70,old
1655,7.495405435562134,0.18391267516703047,obse,cracker_scene1,70,old
1656,7.4999988079071045,0.18520208731759338,obse,cracker_scene1,70,old
1657,7.504328966140747,0.1840351957846423,obse,cracker_scene1,70,old
1658,7.508905649185181,0.1840351957846423,obse,cracker_scene1,70,old
1659,7.513233661651611,0.18513643271717217,obse,cracker_scene1,70,old
1660,7.517888069152832,0.18513643271717217,obse,cracker_scene1,70,old
1661,7.522186517715454,0.1850599335253999,obse,cracker_scene1,70,old
1662,7.526719093322754,0.18509328543868353,obse,cracker_scene1,70,old
1663,7.53113055229187,0.18520235343340213,obse,cracker_scene1,70,old
1664,7.535470008850098,0.18520235343340213,obse,cracker_scene1,70,old
1665,7.539984464645386,0.18402561830421474,obse,cracker_scene1,70,old
1666,7.544406175613403,0.18431165582425385,obse,cracker_scene1,70,old
1667,7.549088001251221,0.18519933323824356,obse,cracker_scene1,70,old
1668,7.553207159042358,0.18519933323824356,obse,cracker_scene1,70,old
1669,7.557760953903198,0.18463427515027545,obse,cracker_scene1,70,old
1670,7.561844825744629,0.18463427515027545,obse,cracker_scene1,70,old
1671,7.566410064697266,0.18415245814770043,obse,cracker_scene1,70,old
1672,7.5705482959747314,0.18415245814770043,obse,cracker_scene1,70,old
1673,7.575248956680298,0.18519949002723946,obse,cracker_scene1,70,old
1674,7.579645156860352,0.18522385829520346,obse,cracker_scene1,70,old
1675,7.584367036819458,0.18522385829520346,obse,cracker_scene1,70,old
1676,7.588618993759155,0.18518667509986256,obse,cracker_scene1,70,old
1677,7.593160629272461,0.18518667509986256,obse,cracker_scene1,70,old
1678,7.59752893447876,0.18513183627821406,obse,cracker_scene1,70,old
1679,7.601913690567017,0.18513183627821406,obse,cracker_scene1,70,old
1680,7.606275320053101,0.18513270341486734,obse,cracker_scene1,70,old
1681,7.610789060592651,0.18513270341486734,obse,cracker_scene1,70,old
1682,7.615368366241455,0.18581946219735396,obse,cracker_scene1,70,old
1683,7.619811534881592,0.18581946219735396,obse,cracker_scene1,70,old
1684,7.624391317367554,0.18608512800912935,obse,cracker_scene1,70,old
1685,7.628768444061279,0.18490332467414608,obse,cracker_scene1,70,old
1686,7.633088111877441,0.18513109446755904,obse,cracker_scene1,70,old
1687,7.637175798416138,0.18562500493650813,obse,cracker_scene1,70,old
1688,7.641504526138306,0.18674242857686,obse,cracker_scene1,70,old
1689,7.645660638809204,0.1867849745447773,obse,cracker_scene1,70,old
1690,7.650020599365234,0.18706645182892423,obse,cracker_scene1,70,old
1691,7.654149293899536,0.18738538342743524,obse,cracker_scene1,70,old
1692,7.658570051193237,0.18615428208360812,obse,cracker_scene1,70,old
1693,7.662709712982178,0.18751737605676008,obse,cracker_scene1,70,old
1694,7.66721248626709,0.18783343515853354,obse,cracker_scene1,70,old
1695,7.671405553817749,0.1865517408918651,obse,cracker_scene1,70,old
1696,7.676165819168091,0.1865517408918651,obse,cracker_scene1,70,old
1697,7.68050217628479,0.18644078136538425,obse,cracker_scene1,70,old
1698,7.685150384902954,0.1865363475442569,obse,cracker_scene1,70,old
1699,7.689846754074097,0.1879061824568675,obse,cracker_scene1,70,old
1700,7.694056987762451,0.1879061824568675,obse,cracker_scene1,70,old
1701,7.698800325393677,0.18704258725994194,obse,cracker_scene1,70,old
1702,7.703012228012085,0.18704258725994194,obse,cracker_scene1,70,old
1703,7.707683324813843,0.18474271005761714,obse,cracker_scene1,70,old
1704,7.7120041847229,0.1844214648640817,obse,cracker_scene1,70,old
1705,7.71668553352356,0.1844214648640817,obse,cracker_scene1,70,old
1706,7.720731973648071,0.1844214648640817,obse,cracker_scene1,70,old
1707,7.725353240966797,0.18492229814767916,obse,cracker_scene1,70,old
1708,7.729434490203857,0.1857507277046316,obse,cracker_scene1,70,old
1709,7.734092950820923,0.1857507277046316,obse,cracker_scene1,70,old
1710,7.7383904457092285,0.184764462398637,obse,cracker_scene1,70,old
1711,7.7429797649383545,0.184764462398637,obse,cracker_scene1,70,old
1712,7.747745990753174,0.18431893174890313,obse,cracker_scene1,70,old
1713,7.752241134643555,0.18431893174890313,obse,cracker_scene1,70,old
1714,7.756911039352417,0.18550054661765755,obse,cracker_scene1,70,old
1715,7.761003494262695,0.18550054661765755,obse,cracker_scene1,70,old
1716,7.76549220085144,0.18536402972737612,obse,cracker_scene1,70,old
1717,7.76984429359436,0.18536402972737612,obse,cracker_scene1,70,old
1718,7.774402141571045,0.18501187629105623,obse,cracker_scene1,70,old
1719,7.778570890426636,0.18501187629105623,obse,cracker_scene1,70,old
1720,7.783245325088501,0.1841094819998844,obse,cracker_scene1,70,old
1721,7.787468671798706,0.18419241970162367,obse,cracker_scene1,70,old
1722,7.7921061515808105,0.18419241970162367,obse,cracker_scene1,70,old
1723,7.796432733535767,0.18472617003898512,obse,cracker_scene1,70,old
1724,7.8009583950042725,0.18472617003898512,obse,cracker_scene1,70,old
1725,7.805356979370117,0.1847231735156208,obse,cracker_scene1,70,old
1726,7.809865236282349,0.18415064203889223,obse,cracker_scene1,70,old
1727,7.814596176147461,0.18512720006730288,obse,cracker_scene1,70,old
1728,7.818761825561523,0.18512720006730288,obse,cracker_scene1,70,old
1729,7.82327127456665,0.18476835748587642,obse,cracker_scene1,70,old
1730,7.827553987503052,0.18476835748587642,obse,cracker_scene1,70,old
1731,7.832074403762817,0.1843648348487369,obse,cracker_scene1,70,old
1732,7.8367204666137695,0.1843648348487369,obse,cracker_scene1,70,old
1733,7.841620206832886,0.184118554505983,obse,cracker_scene1,70,old
1734,7.846123218536377,0.18581570101925848,obse,cracker_scene1,70,old
1735,7.850583791732788,0.18581570101925848,obse,cracker_scene1,70,old
1736,7.854900598526001,0.18609622011358404,obse,cracker_scene1,70,old
1737,7.85946798324585,0.18609622011358404,obse,cracker_scene1,70,old
1738,7.864034652709961,0.1854426518362559,obse,cracker_scene1,70,old
1739,7.868622541427612,0.1854426518362559,obse,cracker_scene1,70,old
1740,7.873053789138794,0.184267552645485,obse,cracker_scene1,70,old
1741,7.877328395843506,0.184267552645485,obse,cracker_scene1,70,old
1742,7.88220739364624,0.18362913032461955,obse,cracker_scene1,70,old
1743,7.8871910572052,0.18362913032461955,obse,cracker_scene1,70,old
1744,7.891289710998535,0.18480183165635658,obse,cracker_scene1,70,old
1745,7.895491361618042,0.18480183165635658,obse,cracker_scene1,70,old
1746,7.899914979934692,0.18458430287150193,obse,cracker_scene1,70,old
1747,7.904530048370361,0.1839600272123046,obse,cracker_scene1,70,old
1748,7.908934116363525,0.18406132201412181,obse,cracker_scene1,70,old
1749,7.913412570953369,0.18406132201412181,obse,cracker_scene1,70,old
1750,7.917520523071289,0.18406132201412181,obse,cracker_scene1,70,old
1751,7.922050714492798,0.1825742099482586,obse,cracker_scene1,70,old
1752,7.926545143127441,0.18387577240907751,obse,cracker_scene1,70,old
1753,7.930696964263916,0.18387577240907751,obse,cracker_scene1,70,old
1754,7.934804916381836,0.18387577240907751,obse,cracker_scene1,70,old
1755,7.939145565032959,0.183686894722966,obse,cracker_scene1,70,old
1756,7.9434263706207275,0.1835206998496274,obse,cracker_scene1,70,old
1757,7.94787335395813,0.18358439704490287,obse,cracker_scene1,70,old
1758,7.952259302139282,0.18321917152809356,obse,cracker_scene1,70,old
1759,7.956372261047363,0.18318831253192805,obse,cracker_scene1,70,old
1760,7.960474491119385,0.18392104141166973,obse,cracker_scene1,70,old
1761,7.964604616165161,0.18392104141166973,obse,cracker_scene1,70,old
1762,7.9688098430633545,0.18233592466583057,obse,cracker_scene1,70,old
1763,7.973172187805176,0.18233592466583057,obse,cracker_scene1,70,old
1764,7.977301597595215,0.18286586659876747,obse,cracker_scene1,70,old
1765,7.981623411178589,0.18286586659876747,obse,cracker_scene1,70,old
1766,7.986133337020874,0.18285626644085354,obse,cracker_scene1,70,old
1767,7.990261077880859,0.1837113660459012,obse,cracker_scene1,70,old
1768,7.994603872299194,0.1837113660459012,obse,cracker_scene1,70,old
1769,7.998836517333984,0.18377615288870186,obse,cracker_scene1,70,old
1770,8.00291919708252,0.18377615288870186,obse,cracker_scene1,70,old
1771,8.007349967956543,0.18367208690012898,obse,cracker_scene1,70,old
1772,8.011554479598999,0.18267906547809026,obse,cracker_scene1,70,old
1773,8.016259908676147,0.18267058795756058,obse,cracker_scene1,70,old
1774,8.02068543434143,0.18228552105041312,obse,cracker_scene1,70,old
1775,8.025277376174927,0.18205492743626778,obse,cracker_scene1,70,old
1776,8.030006647109985,0.18205492743626778,obse,cracker_scene1,70,old
1777,8.03453016281128,0.18249999591198712,obse,cracker_scene1,70,old
1778,8.038840770721436,0.18249999591198712,obse,cracker_scene1,70,old
1779,8.043153524398804,0.18249999591198712,obse,cracker_scene1,70,old
1780,8.047603368759155,0.1836806911742061,obse,cracker_scene1,70,old
1781,8.052380800247192,0.18414923332635288,obse,cracker_scene1,70,old
1782,8.057415246963501,0.18233587941599821,obse,cracker_scene1,70,old
1783,8.06200098991394,0.18275210446939102,obse,cracker_scene1,70,old
1784,8.066479444503784,0.18271087876855005,obse,cracker_scene1,70,old
1785,8.070905923843384,0.18209733201597902,obse,cracker_scene1,70,old
1786,8.075526237487793,0.18178172775247697,obse,cracker_scene1,70,old
1787,8.080036640167236,0.181822639515202,obse,cracker_scene1,70,old
1788,8.0845365524292,0.181822639515202,obse,cracker_scene1,70,old
1789,8.089122533798218,0.18286469742560638,obse,cracker_scene1,70,old
1790,8.093342304229736,0.18286469742560638,obse,cracker_scene1,70,old
1791,8.097813367843628,0.1825949483761683,obse,cracker_scene1,70,old
1792,8.101861000061035,0.1825949483761683,obse,cracker_scene1,70,old
1793,8.106358051300049,0.18218088765133503,obse,cracker_scene1,70,old
1794,8.110817670822144,0.18218088765133503,obse,cracker_scene1,70,old
1795,8.11560869216919,0.1822707870306421,obse,cracker_scene1,70,old
1796,8.119887113571167,0.1822707870306421,obse,cracker_scene1,70,old
1797,8.124448537826538,0.1815239850270578,obse,cracker_scene1,70,old
1798,8.128561735153198,0.1815239850270578,obse,cracker_scene1,70,old
1799,8.133161067962646,0.1803136825687118,obse,cracker_scene1,70,old
1800,8.137875318527222,0.1799314222469284,obse,cracker_scene1,70,old
1801,8.142142295837402,0.17983420883391502,obse,cracker_scene1,70,old
1802,8.146673679351807,0.18039890868627936,obse,cracker_scene1,70,old
1803,8.15121340751648,0.18039890868627936,obse,cracker_scene1,70,old
1804,8.155763149261475,0.18019867292387012,obse,cracker_scene1,70,old
1805,8.160130739212036,0.18019867292387012,obse,cracker_scene1,70,old
1806,8.164535522460938,0.18042729405457775,obse,cracker_scene1,70,old
1807,8.168813705444336,0.18042729405457775,obse,cracker_scene1,70,old
1808,8.173409223556519,0.18039721633882558,obse,cracker_scene1,70,old
1809,8.177568912506104,0.18039721633882558,obse,cracker_scene1,70,old
1810,8.18225622177124,0.18035873976221647,obse,cracker_scene1,70,old
1811,8.18654465675354,0.18035873976221647,obse,cracker_scene1,70,old
1812,8.191998720169067,0.17941733888650122,obse,cracker_scene1,70,old
1813,8.196998357772827,0.18002785678673314,obse,cracker_scene1,70,old
1814,8.201545476913452,0.18002785678673314,obse,cracker_scene1,70,old
1815,8.206051349639893,0.180184339083861,obse,cracker_scene1,70,old
1816,8.210501670837402,0.180184339083861,obse,cracker_scene1,70,old
1817,8.215346097946167,0.17936376715210942,obse,cracker_scene1,70,old
1818,8.219595193862915,0.17936376715210942,obse,cracker_scene1,70,old
1819,8.224230289459229,0.1800148857463239,obse,cracker_scene1,70,old
1820,8.228727102279663,0.1800148857463239,obse,cracker_scene1,70,old
1821,8.233304500579834,0.17975340954406735,obse,cracker_scene1,70,old
1822,8.237783193588257,0.1796456720471348,obse,cracker_scene1,70,old
1823,8.242263555526733,0.1795740768301586,obse,cracker_scene1,70,old
1824,8.246605157852173,0.17944012792900388,obse,cracker_scene1,70,old
1825,8.250982999801636,0.17944012792900388,obse,cracker_scene1,70,old
1826,8.255478858947754,0.17820901849740764,obse,cracker_scene1,70,old
1827,8.260138988494873,0.17820901849740764,obse,cracker_scene1,70,old
1828,8.26460075378418,0.17920463474437118,obse,cracker_scene1,70,old
1829,8.269004821777344,0.17920463474437118,obse,cracker_scene1,70,old
1830,8.273590564727783,0.17936711787726373,obse,cracker_scene1,70,old
1831,8.27778434753418,0.17936711787726373,obse,cracker_scene1,70,old
1832,8.282615900039673,0.1777950368002169,obse,cracker_scene1,70,old
1833,8.28708004951477,0.17890965425721564,obse,cracker_scene1,70,old
1834,8.291804552078247,0.178673667023648,obse,cracker_scene1,70,old
1835,8.296659469604492,0.178673667023648,obse,cracker_scene1,70,old
1836,8.301729202270508,0.17905538201027826,obse,cracker_scene1,70,old
1837,8.306745529174805,0.17898772282902534,obse,cracker_scene1,70,old
1838,8.31156301498413,0.17898772282902534,obse,cracker_scene1,70,old
1839,8.316283464431763,0.17826707244560255,obse,cracker_scene1,70,old
1840,8.320950746536255,0.17826707244560255,obse,cracker_scene1,70,old
1841,8.325781106948853,0.17819389046605516,obse,cracker_scene1,70,old
1842,8.330796480178833,0.17828862211274077,obse,cracker_scene1,70,old
1843,8.335627555847168,0.17827934234231835,obse,cracker_scene1,70,old
1844,8.33991003036499,0.1781974046527922,obse,cracker_scene1,70,old
1845,8.34413194656372,0.1781974046527922,obse,cracker_scene1,70,old
1846,8.34893274307251,0.17738969368250415,obse,cracker_scene1,70,old
1847,8.353778600692749,0.17733948759143156,obse,cracker_scene1,70,old
1848,8.359050750732422,0.17747477389682573,obse,cracker_scene1,70,old
1849,8.363665103912354,0.17743759401133072,obse,cracker_scene1,70,old
1850,8.36853289604187,0.17794010087839066,obse,cracker_scene1,70,old
1851,8.37332797050476,0.17794010087839066,obse,cracker_scene1,70,old
1852,8.378259181976318,0.17794010087839066,obse,cracker_scene1,70,old
1853,8.383092403411865,0.17632629888649134,obse,cracker_scene1,70,old
1854,8.387413263320923,0.17783979563386032,obse,cracker_scene1,70,old
1855,8.391768455505371,0.1779146810342752,obse,cracker_scene1,70,old
1856,8.396001100540161,0.17796869865472154,obse,cracker_scene1,70,old
1857,8.400331974029541,0.17783031367311686,obse,cracker_scene1,70,old
1858,8.404438495635986,0.1779426163980613,obse,cracker_scene1,70,old
1859,8.408949613571167,0.1779426163980613,obse,cracker_scene1,70,old
1860,8.41329288482666,0.17798010228720623,obse,cracker_scene1,70,old
1861,8.417713165283203,0.17798010228720623,obse,cracker_scene1,70,old
1862,8.422108888626099,0.17804507022547783,obse,cracker_scene1,70,old
1863,8.426498889923096,0.17804507022547783,obse,cracker_scene1,70,old
1864,8.431020975112915,0.1777173512500037,obse,cracker_scene1,70,old
1865,8.435203313827515,0.1777173512500037,obse,cracker_scene1,70,old
1866,8.439505338668823,0.1777173512500037,obse,cracker_scene1,70,old
1867,8.443960189819336,0.17774178608011967,obse,cracker_scene1,70,old
1868,8.448429346084595,0.17774178608011967,obse,cracker_scene1,70,old
1869,8.452671766281128,0.1779589008394586,obse,cracker_scene1,70,old
1870,8.457174301147461,0.17819376390676808,obse,cracker_scene1,70,old
1871,8.46188473701477,0.17851379956854513,obse,cracker_scene1,70,old
1872,8.46644902229309,0.17800857511003934,obse,cracker_scene1,70,old
1873,8.470947980880737,0.17744023121264815,obse,cracker_scene1,70,old
1874,8.475234508514404,0.17744023121264815,obse,cracker_scene1,70,old
1875,8.479567766189575,0.17783339827967082,obse,cracker_scene1,70,old
1876,8.483967781066895,0.17783339827967082,obse,cracker_scene1,70,old
1877,8.488286018371582,0.1777873950678312,obse,cracker_scene1,70,old
1878,8.492752313613892,0.1777873950678312,obse,cracker_scene1,70,old
1879,8.497084617614746,0.1774570953545729,obse,cracker_scene1,70,old
1880,8.501412630081177,0.1774570953545729,obse,cracker_scene1,70,old
1881,8.505827188491821,0.1771675761925949,obse,cracker_scene1,70,old
1882,8.5100998878479,0.1771675761925949,obse,cracker_scene1,70,old
1883,8.514456987380981,0.17721173668186044,obse,cracker_scene1,70,old
1884,8.5189049243927,0.17721173668186044,obse,cracker_scene1,70,old
1885,8.523732662200928,0.17741898575645637,obse,cracker_scene1,70,old
1886,8.52795124053955,0.17741898575645637,obse,cracker_scene1,70,old
1887,8.532371520996094,0.17737402258807272,obse,cracker_scene1,70,old
1888,8.536460876464844,0.17737402258807272,obse,cracker_scene1,70,old
1889,8.541277170181274,0.17779663320390282,obse,cracker_scene1,70,old
1890,8.545486450195312,0.17698572829948414,obse,cracker_scene1,70,old
1891,8.550020217895508,0.17680444562049435,obse,cracker_scene1,70,old
1892,8.55419135093689,0.17680444562049435,obse,cracker_scene1,70,old
1893,8.558708429336548,0.17750969196732305,obse,cracker_scene1,70,old
1894,8.563003778457642,0.17712575831293342,obse,cracker_scene1,70,old
1895,8.567383289337158,0.17712575831293342,obse,cracker_scene1,70,old
1896,8.571708679199219,0.1768648533000206,obse,cracker_scene1,70,old
1897,8.575981140136719,0.1768648533000206,obse,cracker_scene1,70,old
1898,8.580372095108032,0.17743484897019135,obse,cracker_scene1,70,old
1899,8.585314512252808,0.17743484897019135,obse,cracker_scene1,70,old
1900,8.589871644973755,0.17763722044301855,obse,cracker_scene1,70,old
1901,8.594135761260986,0.17763722044301855,obse,cracker_scene1,70,old
1902,8.598726511001587,0.17748935128808005,obse,cracker_scene1,70,old
1903,8.60275387763977,0.17748935128808005,obse,cracker_scene1,70,old
1904,8.607846021652222,0.17726347194931824,obse,cracker_scene1,70,old
1905,8.612530946731567,0.1756927037082841,obse,cracker_scene1,70,old
1906,8.617566347122192,0.1756927037082841,obse,cracker_scene1,70,old
1907,8.622389078140259,0.17758435093843603,obse,cracker_scene1,70,old
1908,8.627049684524536,0.17758435093843603,obse,cracker_scene1,70,old
1909,8.631911277770996,0.17711530516545188,obse,cracker_scene1,70,old
1910,8.636579990386963,0.17711530516545188,obse,cracker_scene1,70,old
1911,8.64129376411438,0.1783474564133755,obse,cracker_scene1,70,old
1912,8.645893335342407,0.17846624544237497,obse,cracker_scene1,70,old
1913,8.651165246963501,0.1783663295898097,obse,cracker_scene1,70,old
1914,8.656052589416504,0.17754909323535448,obse,cracker_scene1,70,old
1915,8.661005020141602,0.17754909323535448,obse,cracker_scene1,70,old
1916,8.666119575500488,0.17917318855525818,obse,cracker_scene1,70,old
1917,8.670980215072632,0.178789069649134,obse,cracker_scene1,70,old
1918,8.675837516784668,0.178789069649134,obse,cracker_scene1,70,old
1919,8.680860042572021,0.17686291429537532,obse,cracker_scene1,70,old
1920,8.68575644493103,0.17686291429537532,obse,cracker_scene1,70,old
1921,8.69087529182434,0.17716948151777534,obse,cracker_scene1,70,old
1922,8.695529460906982,0.17716948151777534,obse,cracker_scene1,70,old
1923,8.700476884841919,0.17682753420025518,obse,cracker_scene1,70,old
1924,8.705316066741943,0.17656045273578702,obse,cracker_scene1,70,old
1925,8.710187911987305,0.17656045273578702,obse,cracker_scene1,70,old
1926,8.715352296829224,0.1775243106997017,obse,cracker_scene1,70,old
1927,8.720041751861572,0.1775243106997017,obse,cracker_scene1,70,old
1928,8.72504472732544,0.17782764547199148,obse,cracker_scene1,70,old
1929,8.729896783828735,0.1775392512817005,obse,cracker_scene1,70,old
1930,8.734776258468628,0.1775392512817005,obse,cracker_scene1,70,old
1931,8.739668130874634,0.17799957152525603,obse,cracker_scene1,70,old
1932,8.7446928024292,0.17799957152525603,obse,cracker_scene1,70,old
1933,8.749771356582642,0.17841407642137552,obse,cracker_scene1,70,old
1934,8.754425287246704,0.17903467131844641,obse,cracker_scene1,70,old
1935,8.759365797042847,0.17898655058040513,obse,cracker_scene1,70,old
1936,8.764294385910034,0.17743861129810037,obse,cracker_scene1,70,old
1937,8.769103765487671,0.17743861129810037,obse,cracker_scene1,70,old
1938,8.774064064025879,0.17702691923074507,obse,cracker_scene1,70,old
1939,8.778902530670166,0.17603028826438083,obse,cracker_scene1,70,old
1940,8.783825874328613,0.1773051746536238,obse,cracker_scene1,70,old
1941,8.788697957992554,0.17542071218743596,obse,cracker_scene1,70,old
1942,8.793620824813843,0.17542071218743596,obse,cracker_scene1,70,old
1943,8.798534631729126,0.17642098016609167,obse,cracker_scene1,70,old
1944,8.803271055221558,0.17642098016609167,obse,cracker_scene1,70,old
1945,8.808209657669067,0.17530533036510848,obse,cracker_scene1,70,old
1946,8.812999963760376,0.17654040978723964,obse,cracker_scene1,70,old
1947,8.818101644515991,0.17654040978723964,obse,cracker_scene1,70,old
1948,8.822991371154785,0.17645882215725778,obse,cracker_scene1,70,old
1949,8.827772617340088,0.17645882215725778,obse,cracker_scene1,70,old
1950,8.832744598388672,0.1774903519749019,obse,cracker_scene1,70,old
1951,8.837318420410156,0.1774903519749019,obse,cracker_scene1,70,old
1952,8.842276096343994,0.1783980186559348,obse,cracker_scene1,70,old
1953,8.846508979797363,0.17891799242036452,obse,cracker_scene1,70,old
1954,8.850812673568726,0.17891799242036452,obse,cracker_scene1,70,old
1955,8.854955911636353,0.1789758546825869,obse,cracker_scene1,70,old
1956,8.859351396560669,0.1789758546825869,obse,cracker_scene1,70,old
1957,8.863540410995483,0.17784751644829525,obse,cracker_scene1,70,old
1958,8.86794400215149,0.17784751644829525,obse,cracker_scene1,70,old
1959,8.87230372428894,0.1789750031735941,obse,cracker_scene1,70,old
1960,8.876556158065796,0.1789750031735941,obse,cracker_scene1,70,old
1961,8.881088972091675,0.17829952528404225,obse,cracker_scene1,70,old
1962,8.885283470153809,0.17829952528404225,obse,cracker_scene1,70,old
1963,8.88968825340271,0.17686663230874547,obse,cracker_scene1,70,old
1964,8.89386773109436,0.17686663230874547,obse,cracker_scene1,70,old
1965,8.898192644119263,0.17726538096254524,obse,cracker_scene1,70,old
1966,8.902392387390137,0.17726538096254524,obse,cracker_scene1,70,old
1967,8.90681266784668,0.1772983672385049,obse,cracker_scene1,70,old
1968,8.91093397140503,0.1772983672385049,obse,cracker_scene1,70,old
1969,8.915457248687744,0.17790903365571137,obse,cracker_scene1,70,old
1970,8.919565200805664,0.17790903365571137,obse,cracker_scene1,70,old
1971,8.923967123031616,0.17759145653554487,obse,cracker_scene1,70,old
1972,8.92828106880188,0.17759145653554487,obse,cracker_scene1,70,old
1973,8.932710886001587,0.1778530472678621,obse,cracker_scene1,70,old
1974,8.936804294586182,0.1778530472678621,obse,cracker_scene1,70,old
1975,8.941294431686401,0.17772179067945892,obse,cracker_scene1,70,old
1976,8.9453866481781,0.17772179067945892,obse,cracker_scene1,70,old
1977,8.94990348815918,0.17736458890815524,obse,cracker_scene1,70,old
1978,8.954036235809326,0.17800869207573988,obse,cracker_scene1,70,old
1979,8.958476305007935,0.17800869207573988,obse,cracker_scene1,70,old
1980,8.962701082229614,0.1782511398767502,obse,cracker_scene1,70,old
1981,8.967149496078491,0.17832109578550553,obse,cracker_scene1,70,old
1982,8.971371173858643,0.1784403327648383,obse,cracker_scene1,70,old
1983,8.97576379776001,0.1784403327648383,obse,cracker_scene1,70,old
1984,8.980067253112793,0.17849370022361882,obse,cracker_scene1,70,old
1985,8.984410762786865,0.17849370022361882,obse,cracker_scene1,70,old
1986,8.988736867904663,0.17724230760751164,obse,cracker_scene1,70,old
1987,8.99292254447937,0.17724230760751164,obse,cracker_scene1,70,old
1988,8.997216939926147,0.17655802460919487,obse,cracker_scene1,70,old
1989,9.001988887786865,0.1778921374081168,obse,cracker_scene1,70,old
1990,9.006547212600708,0.17773981266431554,obse,cracker_scene1,70,old
1991,9.010733604431152,0.17773981266431554,obse,cracker_scene1,70,old
1992,9.015356063842773,0.17781529860820952,obse,cracker_scene1,70,old
1993,9.019718647003174,0.17781529860820952,obse,cracker_scene1,70,old
1994,9.024308204650879,0.17666324772992698,obse,cracker_scene1,70,old
1995,9.02850890159607,0.17711304307965328,obse,cracker_scene1,70,old
1996,9.032999753952026,0.17678526727875038,obse,cracker_scene1,70,old
1997,9.037250995635986,0.17686105127511492,obse,cracker_scene1,70,old
1998,9.041969776153564,0.17664032604670935,obse,cracker_scene1,70,old
1999,9.046543836593628,0.17645576571567684,obse,cracker_scene1,70,old
2000,9.051146984100342,0.17645576571567684,obse,cracker_scene1,70,old
2001,9.055524349212646,0.1772033550985863,obse,cracker_scene1,70,old
2002,9.05992317199707,0.1772033550985863,obse,cracker_scene1,70,old
2003,9.06448221206665,0.17791913352335859,obse,cracker_scene1,70,old
2004,9.068812608718872,0.17781843912442105,obse,cracker_scene1,70,old
2005,9.073379039764404,0.17812622194034994,obse,cracker_scene1,70,old
2006,9.077633380889893,0.17812622194034994,obse,cracker_scene1,70,old
2007,9.082508325576782,0.17758387610781412,obse,cracker_scene1,70,old
2008,9.086723804473877,0.17758387610781412,obse,cracker_scene1,70,old
2009,9.091454029083252,0.17868792822759902,obse,cracker_scene1,70,old
2010,9.095856666564941,0.17868792822759902,obse,cracker_scene1,70,old
2011,9.100253582000732,0.17824164284238725,obse,cracker_scene1,70,old
2012,9.104668855667114,0.17824164284238725,obse,cracker_scene1,70,old
2013,9.109140396118164,0.17784022482515918,obse,cracker_scene1,70,old
2014,9.1135413646698,0.17784022482515918,obse,cracker_scene1,70,old
2015,9.117917776107788,0.17575266710185738,obse,cracker_scene1,70,old
2016,9.122390270233154,0.17575266710185738,obse,cracker_scene1,70,old
2017,9.126826763153076,0.17537039069714916,obse,cracker_scene1,70,old
2018,9.131384134292603,0.17543884993405423,obse,cracker_scene1,70,old
2019,9.135851860046387,0.1754885287883877,obse,cracker_scene1,70,old
2020,9.140326499938965,0.1754885287883877,obse,cracker_scene1,70,old
2021,9.144964694976807,0.17636250110315957,obse,cracker_scene1,70,old
2022,9.149184465408325,0.17636250110315957,obse,cracker_scene1,70,old
2023,9.15366530418396,0.17744168754740444,obse,cracker_scene1,70,old
2024,9.15919542312622,0.17720177300974718,obse,cracker_scene1,70,old
2025,9.164663791656494,0.17781784529849615,obse,cracker_scene1,70,old
2026,9.168981313705444,0.17781784529849615,obse,cracker_scene1,70,old
2027,9.173531293869019,0.1772012985709699,obse,cracker_scene1,70,old
2028,9.177947044372559,0.17703619272747256,obse,cracker_scene1,70,old
2029,9.182331085205078,0.17703619272747256,obse,cracker_scene1,70,old
2030,9.186725378036499,0.17822247216675907,obse,cracker_scene1,70,old
2031,9.19097900390625,0.17822247216675907,obse,cracker_scene1,70,old
2032,9.195500612258911,0.17999369473651355,obse,cracker_scene1,70,old
2033,9.19989824295044,0.17999369473651355,obse,cracker_scene1,70,old
2034,9.204121351242065,0.1808679952858845,obse,cracker_scene1,70,old
2035,9.208467483520508,0.1808679952858845,obse,cracker_scene1,70,old
2036,9.213133811950684,0.1808697279201963,obse,cracker_scene1,70,old
2037,9.217520475387573,0.18002782213297458,obse,cracker_scene1,70,old
2038,9.22270941734314,0.17872579566114669,obse,cracker_scene1,70,old
2039,9.22727370262146,0.17872579566114669,obse,cracker_scene1,70,old
2040,9.231602430343628,0.17949859525656067,obse,cracker_scene1,70,old
2041,9.235836505889893,0.17949859525656067,obse,cracker_scene1,70,old
2042,9.240323305130005,0.17912677528427418,obse,cracker_scene1,70,old
2043,9.244686841964722,0.17912677528427418,obse,cracker_scene1,70,old
2044,9.249715805053711,0.17807218323615856,obse,cracker_scene1,70,old
2045,9.254819393157959,0.17928335780949026,obse,cracker_scene1,70,old
2046,9.259606122970581,0.1798299695725717,obse,cracker_scene1,70,old
2047,9.264575481414795,0.18048271921670353,obse,cracker_scene1,70,old
2048,9.269349813461304,0.18048271921670353,obse,cracker_scene1,70,old
2049,9.274616956710815,0.18058610131388556,obse,cracker_scene1,70,old
2050,9.27975869178772,0.1798487791502005,obse,cracker_scene1,70,old
2051,9.284912109375,0.1798487791502005,obse,cracker_scene1,70,old
2052,9.28956937789917,0.17848358236011053,obse,cracker_scene1,70,old
2053,9.293861389160156,0.17848358236011053,obse,cracker_scene1,70,old
2054,9.298401355743408,0.17911611864457033,obse,cracker_scene1,70,old
2055,9.302603960037231,0.17911611864457033,obse,cracker_scene1,70,old
2056,9.307259559631348,0.17818424827266363,obse,cracker_scene1,70,old
2057,9.311838865280151,0.17818424827266363,obse,cracker_scene1,70,old
2058,9.317040205001831,0.17922971297312576,obse,cracker_scene1,70,old
2059,9.32130241394043,0.17973462671976492,obse,cracker_scene1,70,old
2060,9.325574159622192,0.17973462671976492,obse,cracker_scene1,70,old
2061,9.329780101776123,0.17955961818638078,obse,cracker_scene1,70,old
2062,9.334072589874268,0.17955961818638078,obse,cracker_scene1,70,old
2063,9.33832597732544,0.17941194484182668,obse,cracker_scene1,70,old
2064,9.342731237411499,0.17941194484182668,obse,cracker_scene1,70,old
2065,9.34708833694458,0.1792832907475413,obse,cracker_scene1,70,old
2066,9.352114200592041,0.1793282110884864,obse,cracker_scene1,70,old
2067,9.35726809501648,0.1788714456480469,obse,cracker_scene1,70,old
2068,9.362085819244385,0.17885320671440574,obse,cracker_scene1,70,old
2069,9.36724328994751,0.17914046772365616,obse,cracker_scene1,70,old
2070,9.372193574905396,0.1781461970810498,obse,cracker_scene1,70,old
2071,9.377237796783447,0.1781461970810498,obse,cracker_scene1,70,old
2072,9.382364273071289,0.1777070551842517,obse,cracker_scene1,70,old
2073,9.387169122695923,0.1777070551842517,obse,cracker_scene1,70,old
2074,9.391818761825562,0.17939621321243573,obse,cracker_scene1,70,old
2075,9.396120548248291,0.17932840309304238,obse,cracker_scene1,70,old
2076,9.401256561279297,0.17932840309304238,obse,cracker_scene1,70,old
2077,9.4062340259552,0.17865352594822503,obse,cracker_scene1,70,old
2078,9.411223888397217,0.17865352594822503,obse,cracker_scene1,70,old
2079,9.416420221328735,0.17934704185122055,obse,cracker_scene1,70,old
2080,9.42135238647461,0.17891893845590512,obse,cracker_scene1,70,old
2081,9.426326274871826,0.17891893845590512,obse,cracker_scene1,70,old
2082,9.431498765945435,0.1775822782201432,obse,cracker_scene1,70,old
2083,9.436493158340454,0.1775822782201432,obse,cracker_scene1,70,old
2084,9.441718101501465,0.17855653104823277,obse,cracker_scene1,70,old
2085,9.447121143341064,0.17911184499310792,obse,cracker_scene1,70,old
2086,9.4523024559021,0.17911184499310792,obse,cracker_scene1,70,old
2087,9.45702600479126,0.1792451301721434,obse,cracker_scene1,70,old
2088,9.461310386657715,0.1792451301721434,obse,cracker_scene1,70,old
2089,9.465682029724121,0.17809725709506996,obse,cracker_scene1,70,old
2090,9.470180034637451,0.17809725709506996,obse,cracker_scene1,70,old
2091,9.474765300750732,0.17843403864513216,obse,cracker_scene1,70,old
2092,9.479687452316284,0.17906260236679572,obse,cracker_scene1,70,old
2093,9.484301567077637,0.17906260236679572,obse,cracker_scene1,70,old
2094,9.488694190979004,0.17912398467229682,obse,cracker_scene1,70,old
2095,9.493032932281494,0.17912398467229682,obse,cracker_scene1,70,old
2096,9.497206211090088,0.17894111840668278,obse,cracker_scene1,70,old
2097,9.501741409301758,0.17894111840668278,obse,cracker_scene1,70,old
2098,9.506400108337402,0.1780568078781288,obse,cracker_scene1,70,old
2099,9.510742902755737,0.1786841288321344,obse,cracker_scene1,70,old
2100,9.516114711761475,0.17802770694728934,obse,cracker_scene1,70,old
2101,9.520780563354492,0.17802770694728934,obse,cracker_scene1,70,old
2102,9.525176048278809,0.17910825997150664,obse,cracker_scene1,70,old
2103,9.529691219329834,0.17910825997150664,obse,cracker_scene1,70,old
2104,9.534457445144653,0.17859384858084068,obse,cracker_scene1,70,old
2105,9.538950204849243,0.17859384858084068,obse,cracker_scene1,70,old
2106,9.54351806640625,0.17857628606494366,obse,cracker_scene1,70,old
2107,9.54801082611084,0.17857628606494366,obse,cracker_scene1,70,old
2108,9.552592039108276,0.1789324812675252,obse,cracker_scene1,70,old
2109,9.557055473327637,0.1797829814395885,obse,cracker_scene1,70,old
2110,9.561398267745972,0.1797829814395885,obse,cracker_scene1,70,old
2111,9.565767288208008,0.18020872751974662,obse,cracker_scene1,70,old
2112,9.57030463218689,0.18010557904508445,obse,cracker_scene1,70,old
2113,9.575201272964478,0.18010557904508445,obse,cracker_scene1,70,old
2114,9.580295085906982,0.17964113084526748,obse,cracker_scene1,70,old
2115,9.585257053375244,0.17964113084526748,obse,cracker_scene1,70,old
2116,9.590133428573608,0.17964113084526748,obse,cracker_scene1,70,old
2117,9.59535002708435,0.179001082591232,obse,cracker_scene1,70,old
2118,9.60029911994934,0.17911201237114768,obse,cracker_scene1,70,old
2119,9.605319261550903,0.17911201237114768,obse,cracker_scene1,70,old
2120,9.610113143920898,0.17858931630537342,obse,cracker_scene1,70,old
2121,9.614737272262573,0.17858931630537342,obse,cracker_scene1,70,old
2122,9.618871450424194,0.17858931630537342,obse,cracker_scene1,70,old
2123,9.62381649017334,0.17807797941108303,obse,cracker_scene1,70,old
2124,9.62890362739563,0.1782679102492938,obse,cracker_scene1,70,old
2125,9.633800745010376,0.179500281405066,obse,cracker_scene1,70,old
2126,9.637947797775269,0.17855778699350364,obse,cracker_scene1,70,old
2127,9.642707586288452,0.17849411237704135,obse,cracker_scene1,70,old
2128,9.647032976150513,0.17849411237704135,obse,cracker_scene1,70,old
2129,9.651235342025757,0.17849411237704135,obse,cracker_scene1,70,old
2130,9.656014919281006,0.17875039866966402,obse,cracker_scene1,70,old
2131,9.660603284835815,0.17853848281653595,obse,cracker_scene1,70,old
2132,9.665235996246338,0.17896994640385544,obse,cracker_scene1,70,old
2133,9.67002010345459,0.17984914183051914,obse,cracker_scene1,70,old
2134,9.674712181091309,0.17921693188110277,obse,cracker_scene1,70,old
2135,9.679013729095459,0.17921693188110277,obse,cracker_scene1,70,old
2136,9.683772325515747,0.17908776178287916,obse,cracker_scene1,70,old
2137,9.688055038452148,0.17917723924155965,obse,cracker_scene1,70,old
2138,9.692659616470337,0.1785710809289334,obse,cracker_scene1,70,old
2139,9.697077512741089,0.17912587329003848,obse,cracker_scene1,70,old
2140,9.701436281204224,0.17912587329003848,obse,cracker_scene1,70,old
2141,9.705982685089111,0.1775405244359941,obse,cracker_scene1,70,old
2142,9.710087537765503,0.1775405244359941,obse,cracker_scene1,70,old
2143,9.714845657348633,0.1773208651835194,obse,cracker_scene1,70,old
2144,9.71919870376587,0.1773208651835194,obse,cracker_scene1,70,old
2145,9.72378158569336,0.17762333918061352,obse,cracker_scene1,70,old
2146,9.727996826171875,0.17762333918061352,obse,cracker_scene1,70,old
2147,9.73257565498352,0.1779714485505298,obse,cracker_scene1,70,old
2148,9.736846208572388,0.1779957559741904,obse,cracker_scene1,70,old
2149,9.741272211074829,0.17820205691887273,obse,cracker_scene1,70,old
2150,9.745659828186035,0.17851513695944607,obse,cracker_scene1,70,old
2151,9.750290632247925,0.17851513695944607,obse,cracker_scene1,70,old
2152,9.75455355644226,0.17773602152011214,obse,cracker_scene1,70,old
2153,9.759007453918457,0.17773602152011214,obse,cracker_scene1,70,old
2154,9.76355767250061,0.1787854537816262,obse,cracker_scene1,70,old
2155,9.767938137054443,0.1787854537816262,obse,cracker_scene1,70,old
2156,9.772189378738403,0.17849458326134923,obse,cracker_scene1,70,old
2157,9.77644944190979,0.17849458326134923,obse,cracker_scene1,70,old
2158,9.781090497970581,0.17936775497289673,obse,cracker_scene1,70,old
2159,9.78538727760315,0.17936775497289673,obse,cracker_scene1,70,old
2160,9.789904117584229,0.17958171096313294,obse,cracker_scene1,70,old
2161,9.794055700302124,0.17958171096313294,obse,cracker_scene1,70,old
2162,9.798787832260132,0.17889125739148837,obse,cracker_scene1,70,old
2163,9.803696393966675,0.17889125739148837,obse,cracker_scene1,70,old
2164,9.80824327468872,0.17888108722831067,obse,cracker_scene1,70,old
2165,9.812556505203247,0.17837305589421174,obse,cracker_scene1,70,old
2166,9.81739068031311,0.17837305589421174,obse,cracker_scene1,70,old
2167,9.821873903274536,0.17781971970045105,obse,cracker_scene1,70,old
2168,9.826470613479614,0.17781971970045105,obse,cracker_scene1,70,old
2169,9.831043004989624,0.1779852686515339,obse,cracker_scene1,70,old
2170,9.83550214767456,0.1779852686515339,obse,cracker_scene1,70,old
2171,9.840718984603882,0.1778495825187259,obse,cracker_scene1,70,old
2172,9.845503568649292,0.17826623116456553,obse,cracker_scene1,70,old
2173,9.85067105293274,0.17825879128259176,obse,cracker_scene1,70,old
2174,9.855466365814209,0.17867950284284176,obse,cracker_scene1,70,old
2175,9.859697341918945,0.17867950284284176,obse,cracker_scene1,70,old
2176,9.864417314529419,0.17936910375250037,obse,cracker_scene1,70,old
2177,9.868704080581665,0.17936910375250037,obse,cracker_scene1,70,old
2178,9.873145580291748,0.17880910601968814,obse,cracker_scene1,70,old
2179,9.877573728561401,0.17880910601968814,obse,cracker_scene1,70,old
2180,9.882060766220093,0.1788391153287867,obse,cracker_scene1,70,old
2181,9.886470794677734,0.1788391153287867,obse,cracker_scene1,70,old
2182,9.890862226486206,0.17814226905823183,obse,cracker_scene1,70,old
2183,9.895095109939575,0.17814226905823183,obse,cracker_scene1,70,old
2184,9.89946722984314,0.17899786755353078,obse,cracker_scene1,70,old
2185,9.903672695159912,0.17899786755353078,obse,cracker_scene1,70,old
2186,9.908015727996826,0.17864838095924582,obse,cracker_scene1,70,old
2187,9.912243366241455,0.1782012670929224,obse,cracker_scene1,70,old
2188,9.916892051696777,0.1782012670929224,obse,cracker_scene1,70,old
2189,9.921240329742432,0.18050490745995934,obse,cracker_scene1,70,old
2190,9.925581455230713,0.18050490745995934,obse,cracker_scene1,70,old
2191,9.929946184158325,0.18016794408918546,obse,cracker_scene1,70,old
2192,9.934274911880493,0.18137133554119253,obse,cracker_scene1,70,old
2193,9.938605546951294,0.18216741348001708,obse,cracker_scene1,70,old
2194,9.942925214767456,0.18216741348001708,obse,cracker_scene1,70,old
2195,9.947398900985718,0.18197635840028584,obse,cracker_scene1,70,old
2196,9.95173692703247,0.18197635840028584,obse,cracker_scene1,70,old
2197,9.956786870956421,0.18254784587746134,obse,cracker_scene1,70,old
2198,9.960906505584717,0.18254784587746134,obse,cracker_scene1,70,old
2199,9.965296030044556,0.1825139538599841,obse,cracker_scene1,70,old
2200,9.969449758529663,0.1825139538599841,obse,cracker_scene1,70,old
2201,9.974355459213257,0.18220192646887476,obse,cracker_scene1,70,old
2202,9.979023456573486,0.18214323819868194,obse,cracker_scene1,70,old
2203,9.984344720840454,0.18187828077210927,obse,cracker_scene1,70,old
2204,9.98951768875122,0.18264179687116677,obse,cracker_scene1,70,old
2205,9.994175910949707,0.18264179687116677,obse,cracker_scene1,70,old
2206,9.999253273010254,0.182390676770482,obse,cracker_scene1,70,old
2207,10.003746032714844,0.182390676770482,obse,cracker_scene1,70,old
2208,10.008911609649658,0.1821852184854171,obse,cracker_scene1,70,old
2209,10.01367998123169,0.18208203095440775,obse,cracker_scene1,70,old
2210,10.018741130828857,0.18208203095440775,obse,cracker_scene1,70,old
2211,10.02365231513977,0.18279396420620433,obse,cracker_scene1,70,old
2212,10.02822732925415,0.18279396420620433,obse,cracker_scene1,70,old
2213,10.033332586288452,0.1817259389526493,obse,cracker_scene1,70,old
2214,10.03817892074585,0.18196451005472924,obse,cracker_scene1,70,old
2215,10.043017148971558,0.18196451005472924,obse,cracker_scene1,70,old
2216,10.048053979873657,0.180977737752971,obse,cracker_scene1,70,old
2217,10.052626848220825,0.180977737752971,obse,cracker_scene1,70,old
2218,10.057606935501099,0.18157510233333585,obse,cracker_scene1,70,old
2219,10.061667442321777,0.18157510233333585,obse,cracker_scene1,70,old
2220,10.066187858581543,0.18214849363583124,obse,cracker_scene1,70,old
2221,10.070384979248047,0.18214849363583124,obse,cracker_scene1,70,old
2222,10.074943780899048,0.18197124390628988,obse,cracker_scene1,70,old
2223,10.079575777053833,0.18121095899084008,obse,cracker_scene1,70,old
2224,10.084187507629395,0.18121095899084008,obse,cracker_scene1,70,old
2225,10.088511228561401,0.18219743323931425,obse,cracker_scene1,70,old
2226,10.092961311340332,0.18219743323931425,obse,cracker_scene1,70,old
2227,10.097288846969604,0.18165979036177357,obse,cracker_scene1,70,old
2228,10.102241039276123,0.18177950165032686,obse,cracker_scene1,70,old
2229,10.11068320274353,0.1816452627641138,obse,cracker_scene1,70,old
2230,10.116557121276855,0.1818345990648206,obse,cracker_scene1,70,old
2231,10.121496677398682,0.18088140116053938,obse,cracker_scene1,70,old
2232,10.126353025436401,0.18088140116053938,obse,cracker_scene1,70,old
2233,10.131298303604126,0.18083806935000374,obse,cracker_scene1,70,old
2234,10.135620355606079,0.18083806935000374,obse,cracker_scene1,70,old
2235,10.140057802200317,0.18057077855219783,obse,cracker_scene1,70,old
2236,10.14436960220337,0.18057077855219783,obse,cracker_scene1,70,old
2237,10.14896297454834,0.1801888395834148,obse,cracker_scene1,70,old
2238,10.153485774993896,0.1801888395834148,obse,cracker_scene1,70,old
2239,10.158130168914795,0.18069334509577387,obse,cracker_scene1,70,old
2240,10.162281036376953,0.18030586103072996,obse,cracker_scene1,70,old
2241,10.166671991348267,0.18030586103072996,obse,cracker_scene1,70,old
2242,10.171084880828857,0.1807629749246626,obse,cracker_scene1,70,old
2243,10.175478219985962,0.1807629749246626,obse,cracker_scene1,70,old
2244,10.179762363433838,0.18057697960328165,obse,cracker_scene1,70,old
2245,10.184277057647705,0.18057697960328165,obse,cracker_scene1,70,old
2246,10.188596487045288,0.18070014653746294,obse,cracker_scene1,70,old
2247,10.192904949188232,0.18070014653746294,obse,cracker_scene1,70,old
2248,10.197372436523438,0.18040014326054818,obse,cracker_scene1,70,old
2249,10.201620817184448,0.18040014326054818,obse,cracker_scene1,70,old
2250,10.206634044647217,0.1792872549712614,obse,cracker_scene1,70,old
2251,10.211224555969238,0.1792872549712614,obse,cracker_scene1,70,old
2252,10.215864181518555,0.17928060282308167,obse,cracker_scene1,70,old
2253,10.219978094100952,0.17928060282308167,obse,cracker_scene1,70,old
2254,10.224445343017578,0.17884898844652727,obse,cracker_scene1,70,old
2255,10.228631973266602,0.1788235940977705,obse,cracker_scene1,70,old
2256,10.233007431030273,0.17957212495767602,obse,cracker_scene1,70,old
2257,10.237265348434448,0.1787532008340745,obse,cracker_scene1,70,old
2258,10.241701126098633,0.17905313222303848,obse,cracker_scene1,70,old
2259,10.24596095085144,0.17937737811831792,obse,cracker_scene1,70,old
2260,10.250391721725464,0.17937737811831792,obse,cracker_scene1,70,old
2261,10.254638671875,0.17900790496892002,obse,cracker_scene1,70,old
2262,10.259088516235352,0.17900790496892002,obse,cracker_scene1,70,old
2263,10.264508962631226,0.17801047974709183,obse,cracker_scene1,70,old
2264,10.26875114440918,0.17801047974709183,obse,cracker_scene1,70,old
2265,10.273048162460327,0.1792884276812373,obse,cracker_scene1,70,old
2266,10.277302265167236,0.1792884276812373,obse,cracker_scene1,70,old
2267,10.281965970993042,0.17839156307793064,obse,cracker_scene1,70,old
2268,10.286076068878174,0.17839156307793064,obse,cracker_scene1,70,old
2269,10.290398836135864,0.17868801601887863,obse,cracker_scene1,70,old
2270,10.294574737548828,0.17868801601887863,obse,cracker_scene1,70,old
2271,10.298814535140991,0.17743209931103024,obse,cracker_scene1,70,old
2272,10.303298234939575,0.17743209931103024,obse,cracker_scene1,70,old
2273,10.30779767036438,0.17781025715372883,obse,cracker_scene1,70,old
2274,10.313077211380005,0.17781025715372883,obse,cracker_scene1,70,old
2275,10.317983865737915,0.1775964546857,obse,cracker_scene1,70,old
2276,10.322598218917847,0.17752769535730734,obse,cracker_scene1,70,old
2277,10.326890707015991,0.1778216902886996,obse,cracker_scene1,70,old
2278,10.331750869750977,0.1778216902886996,obse,cracker_scene1,70,old
2279,10.336572647094727,0.1781431153241568,obse,cracker_scene1,70,old
2280,10.341158628463745,0.17871006346897705,obse,cracker_scene1,70,old
2281,10.345780849456787,0.17871006346897705,obse,cracker_scene1,70,old
2282,10.350323915481567,0.17783235041845194,obse,cracker_scene1,70,old
2283,10.35506796836853,0.17783235041845194,obse,cracker_scene1,70,old
2284,10.359663963317871,0.17801663758934025,obse,cracker_scene1,70,old
2285,10.364429473876953,0.17801663758934025,obse,cracker_scene1,70,old
2286,10.369041442871094,0.17784692650195347,obse,cracker_scene1,70,old
2287,10.37357211112976,0.17784692650195347,obse,cracker_scene1,70,old
2288,10.378114461898804,0.17716705482682796,obse,cracker_scene1,70,old
2289,10.38282585144043,0.17716705482682796,obse,cracker_scene1,70,old
2290,10.387138843536377,0.17729760344213139,obse,cracker_scene1,70,old
2291,10.391332387924194,0.17729760344213139,obse,cracker_scene1,70,old
2292,10.395487308502197,0.17729760344213139,obse,cracker_scene1,70,old
2293,10.39981722831726,0.17792883729919673,obse,cracker_scene1,70,old
2294,10.403895616531372,0.17792883729919673,obse,cracker_scene1,70,old
2295,10.408248662948608,0.17808987325252376,obse,cracker_scene1,70,old
2296,10.412959575653076,0.1772197345661602,obse,cracker_scene1,70,old
2297,10.41736912727356,0.17720258792146087,obse,cracker_scene1,70,old
2298,10.42176628112793,0.17764842514555287,obse,cracker_scene1,70,old
2299,10.426036357879639,0.17764842514555287,obse,cracker_scene1,70,old
2300,10.431618690490723,0.1776449032905122,obse,cracker_scene1,70,old
2301,10.438313722610474,0.1776449032905122,obse,cracker_scene1,70,old
2302,10.44333267211914,0.17789009604916506,obse,cracker_scene1,70,old
2303,10.447776079177856,0.17789009604916506,obse,cracker_scene1,70,old
2304,10.452008485794067,0.17789009604916506,obse,cracker_scene1,70,old
2305,10.45716667175293,0.17686245479733467,obse,cracker_scene1,70,old
2306,10.463699579238892,0.17694852062757513,obse,cracker_scene1,70,old
2307,10.468562364578247,0.1772539087947394,obse,cracker_scene1,70,old
2308,10.47346305847168,0.1772255998896322,obse,cracker_scene1,70,old
2309,10.477831840515137,0.1772255998896322,obse,cracker_scene1,70,old
2310,10.482599973678589,0.177432350721852,obse,cracker_scene1,70,old
2311,10.486781120300293,0.177432350721852,obse,cracker_scene1,70,old
2312,10.491718292236328,0.1770433539505869,obse,cracker_scene1,70,old
2313,10.496042490005493,0.17730797558533143,obse,cracker_scene1,70,old
2314,10.50093674659729,0.17730797558533143,obse,cracker_scene1,70,old
2315,10.505656003952026,0.17636750452311367,obse,cracker_scene1,70,old
2316,10.510186672210693,0.17636750452311367,obse,cracker_scene1,70,old
2317,10.514811754226685,0.17617115637176123,obse,cracker_scene1,70,old
2318,10.519187211990356,0.17617115637176123,obse,cracker_scene1,70,old
2319,10.523761510848999,0.1765947703115451,obse,cracker_scene1,70,old
2320,10.52827501296997,0.1765947703115451,obse,cracker_scene1,70,old
2321,10.53294038772583,0.17655530851102727,obse,cracker_scene1,70,old
2322,10.537401676177979,0.17655530851102727,obse,cracker_scene1,70,old
2323,10.542150497436523,0.17735514782581785,obse,cracker_scene1,70,old
2324,10.54659366607666,0.17827149981576104,obse,cracker_scene1,70,old
2325,10.551202058792114,0.17827149981576104,obse,cracker_scene1,70,old
2326,10.555807113647461,0.17724299535787602,obse,cracker_scene1,70,old
2327,10.560341358184814,0.17724299535787602,obse,cracker_scene1,70,old
2328,10.565021991729736,0.17672506231424293,obse,cracker_scene1,70,old
2329,10.569343566894531,0.17672506231424293,obse,cracker_scene1,70,old
2330,10.573854684829712,0.17684170458946208,obse,cracker_scene1,70,old
2331,10.578379392623901,0.17684170458946208,obse,cracker_scene1,70,old
2332,10.583012819290161,0.17721434097954597,obse,cracker_scene1,70,old
2333,10.587249755859375,0.1763642442315461,obse,cracker_scene1,70,old
2334,10.591775178909302,0.17623105699060715,obse,cracker_scene1,70,old
2335,10.59613561630249,0.17647153263956716,obse,cracker_scene1,70,old
2336,10.600476264953613,0.17647153263956716,obse,cracker_scene1,70,old
2337,10.605344772338867,0.176186974172057,obse,cracker_scene1,70,old
2338,10.609862327575684,0.176186974172057,obse,cracker_scene1,70,old
2339,10.614520072937012,0.17574706787692407,obse,cracker_scene1,70,old
2340,10.619038105010986,0.17574706787692407,obse,cracker_scene1,70,old
2341,10.623671531677246,0.17574845058780408,obse,cracker_scene1,70,old
2342,10.627990484237671,0.17574845058780408,obse,cracker_scene1,70,old
2343,10.632559776306152,0.1761920322515878,obse,cracker_scene1,70,old
2344,10.636862754821777,0.17699398676040085,obse,cracker_scene1,70,old
2345,10.641827821731567,0.17724243946723847,obse,cracker_scene1,70,old
2346,10.646212339401245,0.17699211788221506,obse,cracker_scene1,70,old
2347,10.651059865951538,0.17699211788221506,obse,cracker_scene1,70,old
2348,10.655550479888916,0.17726679380632301,obse,cracker_scene1,70,old
2349,10.66008973121643,0.17726679380632301,obse,cracker_scene1,70,old
2350,10.664753675460815,0.17654901715340443,obse,cracker_scene1,70,old
2351,10.669220685958862,0.17654901715340443,obse,cracker_scene1,70,old
2352,10.673715114593506,0.1766626990667919,obse,cracker_scene1,70,old
2353,10.678131341934204,0.1766626990667919,obse,cracker_scene1,70,old
2354,10.682723760604858,0.17571517113578805,obse,cracker_scene1,70,old
2355,10.686989307403564,0.17571517113578805,obse,cracker_scene1,70,old
2356,10.69183897972107,0.1764003272092747,obse,cracker_scene1,70,old
2357,10.69591212272644,0.1764003272092747,obse,cracker_scene1,70,old
2358,10.700350761413574,0.17715031688459332,obse,cracker_scene1,70,old
2359,10.704866886138916,0.17715031688459332,obse,cracker_scene1,70,old
2360,10.709388256072998,0.1772915433098533,obse,cracker_scene1,70,old
2361,10.713873863220215,0.1772915433098533,obse,cracker_scene1,70,old
2362,10.718361616134644,0.17683909701529577,obse,cracker_scene1,70,old
2363,10.722829580307007,0.17645415669129594,obse,cracker_scene1,70,old
2364,10.727456331253052,0.17645415669129594,obse,cracker_scene1,70,old
2365,10.731675148010254,0.17645415669129594,obse,cracker_scene1,70,old
2366,10.736008405685425,0.17570570649320502,obse,cracker_scene1,70,old
2367,10.740524530410767,0.17570570649320502,obse,cracker_scene1,70,old
2368,10.744995594024658,0.17648794577098828,obse,cracker_scene1,70,old
2369,10.74971055984497,0.17648794577098828,obse,cracker_scene1,70,old
2370,10.753762245178223,0.17648794577098828,obse,cracker_scene1,70,old
2371,10.75886845588684,0.17614175795354942,obse,cracker_scene1,70,old
2372,10.763198137283325,0.17575539418009176,obse,cracker_scene1,70,old
2373,10.7677640914917,0.17584558732692157,obse,cracker_scene1,70,old
2374,10.77222752571106,0.17647226765547777,obse,cracker_scene1,70,old
2375,10.776564836502075,0.17647226765547777,obse,cracker_scene1,70,old
2376,10.78102970123291,0.17595564191653326,obse,cracker_scene1,70,old
2377,10.785599946975708,0.17675012002163282,obse,cracker_scene1,70,old
2378,10.790149450302124,0.17700440152804447,obse,cracker_scene1,70,old
2379,10.794633150100708,0.17700440152804447,obse,cracker_scene1,70,old
2380,10.799320936203003,0.1765850057488307,obse,cracker_scene1,70,old
2381,10.803862810134888,0.1765850057488307,obse,cracker_scene1,70,old
2382,10.808885335922241,0.17629532426326328,obse,cracker_scene1,70,old
2383,10.813661575317383,0.1760225796856298,obse,cracker_scene1,70,old
2384,10.817989826202393,0.1760225796856298,obse,cracker_scene1,70,old
2385,10.822266340255737,0.17644496410935484,obse,cracker_scene1,70,old
2386,10.826450109481812,0.17548565644100908,obse,cracker_scene1,70,old
2387,10.830556392669678,0.17548565644100908,obse,cracker_scene1,70,old
2388,10.835000991821289,0.17544295097659077,obse,cracker_scene1,70,old
2389,10.839547872543335,0.1765772150099903,obse,cracker_scene1,70,old
2390,10.844043016433716,0.17572350219106675,obse,cracker_scene1,70,old
2391,10.848700046539307,0.17572350219106675,obse,cracker_scene1,70,old
2392,10.852899551391602,0.17572350219106675,obse,cracker_scene1,70,old
2393,10.857534885406494,0.17636004558389012,obse,cracker_scene1,70,old
2394,10.862189292907715,0.17630605032222552,obse,cracker_scene1,70,old
2395,10.867165803909302,0.17517231579348405,obse,cracker_scene1,70,old
2396,10.872008800506592,0.17521453052608252,obse,cracker_scene1,70,old
2397,10.876508712768555,0.17521453052608252,obse,cracker_scene1,70,old
2398,10.881123781204224,0.17551959166783437,obse,cracker_scene1,70,old
2399,10.885358095169067,0.17551959166783437,obse,cracker_scene1,70,old
2400,10.889935731887817,0.17664161512789836,obse,cracker_scene1,70,old
2401,10.894425868988037,0.17664161512789836,obse,cracker_scene1,70,old
2402,10.899134159088135,0.17661089352191192,obse,cracker_scene1,70,old
2403,10.903237581253052,0.17661089352191192,obse,cracker_scene1,70,old
2404,10.908048868179321,0.17652544280574825,obse,cracker_scene1,70,old
2405,10.912304639816284,0.17566042310694335,obse,cracker_scene1,70,old
2406,10.917147159576416,0.17566042310694335,obse,cracker_scene1,70,old
2407,10.921417474746704,0.17570911874752462,obse,cracker_scene1,70,old
2408,10.926042079925537,0.17570911874752462,obse,cracker_scene1,70,old
2409,10.930785894393921,0.17642765821921003,obse,cracker_scene1,70,old
2410,10.934937238693237,0.17642765821921003,obse,cracker_scene1,70,old
2411,10.939393043518066,0.17548295828878757,obse,cracker_scene1,70,old
2412,10.943960189819336,0.17548295828878757,obse,cracker_scene1,70,old
2413,10.948514461517334,0.17574579121076514,obse,cracker_scene1,70,old
2414,10.952680349349976,0.17574579121076514,obse,cracker_scene1,70,old
2415,10.957353115081787,0.17599897106289128,obse,cracker_scene1,70,old
2416,10.961538791656494,0.17599897106289128,obse,cracker_scene1,70,old
2417,10.96621561050415,0.1757912191426712,obse,cracker_scene1,70,old
2418,10.970584392547607,0.17610337269398257,obse,cracker_scene1,70,old
2419,10.975300073623657,0.17610337269398257,obse,cracker_scene1,70,old
2420,10.979700803756714,0.17530327538463703,obse,cracker_scene1,70,old
2421,10.984205961227417,0.17530327538463703,obse,cracker_scene1,70,old
2422,10.988852500915527,0.17511736763374733,obse,cracker_scene1,70,old
2423,10.993885278701782,0.17511736763374733,obse,cracker_scene1,70,old
2424,10.99879240989685,0.1754273982536251,obse,cracker_scene1,70,old
2425,11.003172159194946,0.17634239212928202,obse,cracker_scene1,70,old
2426,11.007623672485352,0.17629272341591748,obse,cracker_scene1,70,old
2427,11.01201581954956,0.17557079228361674,obse,cracker_scene1,70,old
2428,11.01675295829773,0.17557079228361674,obse,cracker_scene1,70,old
2429,11.02105450630188,0.17643807404864062,obse,cracker_scene1,70,old
2430,11.025485277175903,0.1762828479865948,obse,cracker_scene1,70,old
2431,11.029889345169067,0.17560141313902583,obse,cracker_scene1,70,old
2432,11.03423810005188,0.17560141313902583,obse,cracker_scene1,70,old
2433,11.038604736328125,0.17574763575378213,obse,cracker_scene1,70,old
2434,11.043089628219604,0.17574763575378213,obse,cracker_scene1,70,old
2435,11.04774022102356,0.1747158646722178,obse,cracker_scene1,70,old
2436,11.05219316482544,0.1747158646722178,obse,cracker_scene1,70,old
2437,11.056808948516846,0.1754249750624552,obse,cracker_scene1,70,old
2438,11.061026334762573,0.1754249750624552,obse,cracker_scene1,70,old
2439,11.065572738647461,0.17472628263269843,obse,cracker_scene1,70,old
2440,11.069738864898682,0.17472628263269843,obse,cracker_scene1,70,old
2441,11.074361085891724,0.17579498932165907,obse,cracker_scene1,70,old
2442,11.078596830368042,0.17579498932165907,obse,cracker_scene1,70,old
2443,11.083622932434082,0.17517746836588252,obse,cracker_scene1,70,old
2444,11.088008880615234,0.17483367592495277,obse,cracker_scene1,70,old
2445,11.092334747314453,0.17483367592495277,obse,cracker_scene1,70,old
2446,11.096688747406006,0.17485476191908006,obse,cracker_scene1,70,old
2447,11.101035594940186,0.1750970870806451,obse,cracker_scene1,70,old
2448,11.105473518371582,0.17557124152663484,obse,cracker_scene1,70,old
2449,11.109781503677368,0.17557124152663484,obse,cracker_scene1,70,old
2450,11.11430835723877,0.17460766337003658,obse,cracker_scene1,70,old
2451,11.118648529052734,0.17460766337003658,obse,cracker_scene1,70,old
2452,11.1230149269104,0.17394178844354105,obse,cracker_scene1,70,old
2453,11.127211093902588,0.17394178844354105,obse,cracker_scene1,70,old
2454,11.131911039352417,0.17345313774518906,obse,cracker_scene1,70,old
2455,11.136052370071411,0.17345313774518906,obse,cracker_scene1,70,old
2456,11.140507221221924,0.17339511583644662,obse,cracker_scene1,70,old
2457,11.144975423812866,0.17339511583644662,obse,cracker_scene1,70,old
2458,11.149513959884644,0.17501206047272141,obse,cracker_scene1,70,old
2459,11.153712272644043,0.17474048019237462,obse,cracker_scene1,70,old
2460,11.158184289932251,0.17380013044370315,obse,cracker_scene1,70,old
2461,11.162675857543945,0.17483963947853323,obse,cracker_scene1,70,old
2462,11.166992902755737,0.17483963947853323,obse,cracker_scene1,70,old
2463,11.171295404434204,0.17488304521319498,obse,cracker_scene1,70,old
2464,11.175801277160645,2.6788277983642654,obse,cracker_scene1,70,old
2465,11.180519104003906,2.6796733495994842,obse,cracker_scene1,70,old
2466,11.184853792190552,2.6800568002563856,obse,cracker_scene1,70,old
2467,11.189435482025146,2.6814328093293636,obse,cracker_scene1,70,old
2468,11.193694591522217,2.6814328093293636,obse,cracker_scene1,70,old
2469,11.198342323303223,2.6797622358765913,obse,cracker_scene1,70,old
2470,11.202729940414429,2.6797622358765913,obse,cracker_scene1,70,old
2471,11.207356452941895,2.680655818857252,obse,cracker_scene1,70,old
2472,11.2117280960083,2.6794727272375267,obse,cracker_scene1,70,old
2473,11.216182470321655,2.679606204179828,obse,cracker_scene1,70,old
2474,11.220461130142212,2.679606204179828,obse,cracker_scene1,70,old
2475,11.225027561187744,2.6797534690855422,obse,cracker_scene1,70,old
2476,11.22938871383667,2.679428574390432,obse,cracker_scene1,70,old
2477,11.234005451202393,2.679428574390432,obse,cracker_scene1,70,old
2478,11.238676071166992,2.680677094608136,obse,cracker_scene1,70,old
2479,11.24301791191101,2.680677094608136,obse,cracker_scene1,70,old
2480,11.247804641723633,2.6799216767293372,obse,cracker_scene1,70,old
2481,11.252137422561646,2.6799216767293372,obse,cracker_scene1,70,old
2482,11.25657343864441,2.679244317579638,obse,cracker_scene1,70,old
2483,11.26085376739502,2.679244317579638,obse,cracker_scene1,70,old
2484,11.265498638153076,2.679588876453327,obse,cracker_scene1,70,old
2485,11.269713878631592,2.679588876453327,obse,cracker_scene1,70,old
2486,11.274390459060669,2.680965700626899,obse,cracker_scene1,70,old
2487,11.27869725227356,2.679308253055897,obse,cracker_scene1,70,old
2488,11.283470630645752,2.679308253055897,obse,cracker_scene1,70,old
2489,11.287737607955933,2.6792750889321755,obse,cracker_scene1,70,old
2490,11.292245149612427,2.6795416942936607,obse,cracker_scene1,70,old
2491,11.296547174453735,2.679911050697777,obse,cracker_scene1,70,old
2492,11.301062107086182,2.679911050697777,obse,cracker_scene1,70,old
2493,11.305375576019287,2.680097460616229,obse,cracker_scene1,70,old
2494,11.309677124023438,2.680097460616229,obse,cracker_scene1,70,old
2495,11.314501523971558,2.6800503073165847,obse,cracker_scene1,70,old
2496,11.318612813949585,2.6800503073165847,obse,cracker_scene1,70,old
2497,11.323222160339355,2.6799302146434827,obse,cracker_scene1,70,old
2498,11.327284812927246,2.6799302146434827,obse,cracker_scene1,70,old
2499,11.331901550292969,2.6794873755618163,obse,cracker_scene1,70,old
2500,11.336137533187866,2.6794873755618163,obse,cracker_scene1,70,old
2501,11.34074068069458,2.6794403729838163,obse,cracker_scene1,70,old
2502,11.345191240310669,2.6812088967530885,obse,cracker_scene1,70,old
2503,11.349893808364868,2.6813328597681245,obse,cracker_scene1,70,old
2504,11.354289054870605,2.680920224566786,obse,cracker_scene1,70,old
2505,11.35863995552063,2.680920224566786,obse,cracker_scene1,70,old
2506,11.36314082145691,2.68081973450272,obse,cracker_scene1,70,old
2507,11.367568731307983,2.6808969970219083,obse,cracker_scene1,70,old
2508,11.371987342834473,2.681059147120198,obse,cracker_scene1,70,old
2509,11.376222133636475,2.681059147120198,obse,cracker_scene1,70,old
2510,11.380712270736694,2.6810960069809506,obse,cracker_scene1,70,old
2511,11.385101079940796,2.6810960069809506,obse,cracker_scene1,70,old
2512,11.389614343643188,2.6799606395779274,obse,cracker_scene1,70,old
2513,11.394572496414185,2.6799606395779274,obse,cracker_scene1,70,old
2514,11.399110317230225,2.680930245307242,obse,cracker_scene1,70,old
2515,11.403376340866089,2.6797772718438346,obse,cracker_scene1,70,old
2516,11.407833576202393,2.679807902610662,obse,cracker_scene1,70,old
2517,11.412177324295044,2.6797808111942074,obse,cracker_scene1,70,old
2518,11.417026281356812,2.679284349749421,obse,cracker_scene1,70,old
2519,11.421356439590454,2.680554976990881,obse,cracker_scene1,70,old
2520,11.426001787185669,2.680554976990881,obse,cracker_scene1,70,old
2521,11.430712223052979,2.679216353185268,obse,cracker_scene1,70,old
2522,11.435097932815552,2.679216353185268,obse,cracker_scene1,70,old
2523,11.440037488937378,2.679424333049501,obse,cracker_scene1,70,old
2524,11.445021152496338,2.680742598501073,obse,cracker_scene1,70,old
2525,11.450028419494629,2.680742598501073,obse,cracker_scene1,70,old
2526,11.454769134521484,2.680753214822495,obse,cracker_scene1,70,old
2527,11.459078788757324,2.680695441007434,obse,cracker_scene1,70,old
2528,11.463742971420288,2.680813979549048,obse,cracker_scene1,70,old
2529,11.468805313110352,2.680813979549048,obse,cracker_scene1,70,old
2530,11.473757028579712,2.6807101487789216,obse,cracker_scene1,70,old
2531,11.477984189987183,2.6807101487789216,obse,cracker_scene1,70,old
2532,11.482755184173584,2.6804884103782207,obse,cracker_scene1,70,old
2533,11.487437725067139,2.6792326618088453,obse,cracker_scene1,70,old
2534,11.49203634262085,2.6792326618088453,obse,cracker_scene1,70,old
2535,11.496077060699463,2.6792326618088453,obse,cracker_scene1,70,old
2536,11.500317811965942,2.6794613728469647,obse,cracker_scene1,70,old
2537,11.505011796951294,2.6794613728469647,obse,cracker_scene1,70,old
2538,11.509188175201416,2.6794613728469647,obse,cracker_scene1,70,old
2539,11.514713048934937,2.67943106191335,obse,cracker_scene1,70,old
2540,11.519649028778076,2.6806373756189164,obse,cracker_scene1,70,old
2541,11.524441957473755,2.6806373756189164,obse,cracker_scene1,70,old
2542,11.529291152954102,2.6794313445482603,obse,cracker_scene1,70,old
2543,11.534276008605957,2.6794175830939313,obse,cracker_scene1,70,old
2544,11.53907036781311,2.6794175830939313,obse,cracker_scene1,70,old
2545,11.544266939163208,2.679436637954969,obse,cracker_scene1,70,old
2546,11.549432754516602,2.6793203670810994,obse,cracker_scene1,70,old
2547,11.55476188659668,2.6793203670810994,obse,cracker_scene1,70,old
2548,11.559792518615723,2.6793419791131514,obse,cracker_scene1,70,old
2549,11.564677715301514,2.6793419791131514,obse,cracker_scene1,70,old
2550,11.569642782211304,2.6792818232431066,obse,cracker_scene1,70,old
2551,11.574477434158325,2.6792818232431066,obse,cracker_scene1,70,old
2552,11.579477071762085,2.6803658058894033,obse,cracker_scene1,70,old
2553,11.58455753326416,2.6803658058894033,obse,cracker_scene1,70,old
2554,11.58945608139038,2.6788985656806847,obse,cracker_scene1,70,old
2555,11.594570875167847,2.6788985656806847,obse,cracker_scene1,70,old
2556,11.599390029907227,2.6801101215271745,obse,cracker_scene1,70,old
2557,11.604380130767822,2.6801101215271745,obse,cracker_scene1,70,old
2558,11.609176874160767,2.6801101215271745,obse,cracker_scene1,70,old
2559,11.61434030532837,2.678822523024707,obse,cracker_scene1,70,old
2560,11.619422674179077,2.6800490831457604,obse,cracker_scene1,70,old
2561,11.624267101287842,2.6800490831457604,obse,cracker_scene1,70,old
2562,11.629492998123169,2.678899630244214,obse,cracker_scene1,70,old
2563,11.634400129318237,2.678899630244214,obse,cracker_scene1,70,old
2564,11.639352560043335,2.6787247208409117,obse,cracker_scene1,70,old
2565,11.644301891326904,2.6787247208409117,obse,cracker_scene1,70,old
2566,11.64922046661377,2.6789217121850855,obse,cracker_scene1,70,old
2567,11.654528379440308,2.680118647179576,obse,cracker_scene1,70,old
2568,11.659883975982666,2.6789393779225508,obse,cracker_scene1,70,old
2569,11.66507363319397,2.678832335898078,obse,cracker_scene1,70,old
2570,11.670144319534302,2.678931318137079,obse,cracker_scene1,70,old
2571,11.675377607345581,2.6788943213645267,obse,cracker_scene1,70,old
2572,11.68035340309143,2.6801537054483964,obse,cracker_scene1,70,old
2573,11.685341835021973,2.6801537054483964,obse,cracker_scene1,70,old
2574,11.690381050109863,2.679867986668012,obse,cracker_scene1,70,old
2575,11.69516634941101,2.679867986668012,obse,cracker_scene1,70,old
2576,11.700195550918579,2.6788247018915756,obse,cracker_scene1,70,old
2577,11.705087184906006,2.678933275138328,obse,cracker_scene1,70,old
2578,11.710034608840942,2.678933275138328,obse,cracker_scene1,70,old
2579,11.71528697013855,2.6788650300529318,obse,cracker_scene1,70,old
2580,11.720010995864868,2.6788650300529318,obse,cracker_scene1,70,old
2581,11.725171089172363,2.680081476495514,obse,cracker_scene1,70,old
2582,11.730162382125854,2.6798176021785265,obse,cracker_scene1,70,old
2583,11.735102415084839,2.6798176021785265,obse,cracker_scene1,70,old
2584,11.74018669128418,2.678900836613262,obse,cracker_scene1,70,old
2585,11.745140075683594,2.67879518073562,obse,cracker_scene1,70,old
2586,11.750421524047852,2.6788372309325057,obse,cracker_scene1,70,old
2587,11.755528688430786,2.67885680547369,obse,cracker_scene1,70,old
2588,11.760400295257568,2.67885680547369,obse,cracker_scene1,70,old
2589,11.765499114990234,2.679867269606405,obse,cracker_scene1,70,old
2590,11.770353555679321,2.679867269606405,obse,cracker_scene1,70,old
2591,11.77534031867981,2.6800974623015827,obse,cracker_scene1,70,old
2592,11.780288696289062,2.6787894347591865,obse,cracker_scene1,70,old
2593,11.785228729248047,2.6787894347591865,obse,cracker_scene1,70,old
2594,11.790364265441895,2.6788331134599632,obse,cracker_scene1,70,old
2595,11.795316457748413,2.6788331134599632,obse,cracker_scene1,70,old
2596,11.800354957580566,2.6789169268672475,obse,cracker_scene1,70,old
2597,11.80531620979309,2.6801317538243015,obse,cracker_scene1,70,old
2598,11.810230016708374,2.6801317538243015,obse,cracker_scene1,70,old
2599,11.81546401977539,2.679861309799662,obse,cracker_scene1,70,old
2600,11.820382356643677,2.679861309799662,obse,cracker_scene1,70,old
2601,11.825470209121704,2.6788493963807025,obse,cracker_scene1,70,old
2602,11.830421924591064,2.6788750806822854,obse,cracker_scene1,70,old
2603,11.83534574508667,2.6788750806822854,obse,cracker_scene1,70,old
2604,11.840420722961426,2.679907441823334,obse,cracker_scene1,70,old
2605,11.844989776611328,2.679907441823334,obse,cracker_scene1,70,old
2606,11.850089073181152,2.6789205922641957,obse,cracker_scene1,70,old
2607,11.855002403259277,2.6788797890232896,obse,cracker_scene1,70,old
2608,11.86007022857666,2.6788797890232896,obse,cracker_scene1,70,old
2609,11.865418910980225,2.679833208828495,obse,cracker_scene1,70,old
2610,11.87027096748352,2.679866554056465,obse,cracker_scene1,70,old
2611,11.875403642654419,2.6799388560827575,obse,cracker_scene1,70,old
2612,11.880408763885498,2.6789252372911943,obse,cracker_scene1,70,old
2613,11.885385513305664,2.6789252372911943,obse,cracker_scene1,70,old
2614,11.890429735183716,2.6789669803914373,obse,cracker_scene1,70,old
2615,11.895355463027954,2.6802286807975255,obse,cracker_scene1,70,old
2616,11.900291919708252,2.6800748006222266,obse,cracker_scene1,70,old
2617,11.90531611442566,2.6800748006222266,obse,cracker_scene1,70,old
2618,11.910410404205322,2.679912324403992,obse,cracker_scene1,70,old
2619,11.9152193069458,2.679912324403992,obse,cracker_scene1,70,old
2620,11.920357704162598,2.6788695315294757,obse,cracker_scene1,70,old
2621,11.92530870437622,2.6788695315294757,obse,cracker_scene1,70,old
2622,11.930276870727539,2.6801256096483925,obse,cracker_scene1,70,old
2623,11.935368776321411,2.680266352482244,obse,cracker_scene1,70,old
2624,11.940261363983154,2.6792381409620125,obse,cracker_scene1,70,old
2625,11.945339918136597,2.6806175912947006,obse,cracker_scene1,70,old
2626,11.950413942337036,2.6806175912947006,obse,cracker_scene1,70,old
2627,11.955406427383423,2.6797025930837637,obse,cracker_scene1,70,old
2628,11.960343837738037,2.6797025930837637,obse,cracker_scene1,70,old
2629,11.965248107910156,2.6796694571664914,obse,cracker_scene1,70,old
2630,11.969995021820068,2.67974227546291,obse,cracker_scene1,70,old
2631,11.97495698928833,2.67974227546291,obse,cracker_scene1,70,old
2632,11.980063199996948,2.680999345774741,obse,cracker_scene1,70,old
2633,11.985138416290283,2.680999345774741,obse,cracker_scene1,70,old
2634,11.990222215652466,2.680346593388964,obse,cracker_scene1,70,old
2635,11.995201110839844,2.6803262993712145,obse,cracker_scene1,70,old
2636,12.000341415405273,2.680282670233745,obse,cracker_scene1,70,old
2637,12.005574226379395,2.680282670233745,obse,cracker_scene1,70,old
2638,12.009706974029541,2.681425859009753,obse,cracker_scene1,70,old
2639,12.014560461044312,2.6801021226998545,obse,cracker_scene1,70,old
2640,12.018745183944702,2.6801021226998545,obse,cracker_scene1,70,old
2641,12.02303695678711,2.6801021226998545,obse,cracker_scene1,70,old
2642,12.027369499206543,2.6795007454267608,obse,cracker_scene1,70,old
2643,12.031811237335205,2.679520670332048,obse,cracker_scene1,70,old
2644,12.036098718643188,2.679092275239703,obse,cracker_scene1,70,old
2645,12.040390253067017,2.679092275239703,obse,cracker_scene1,70,old
2646,12.044628143310547,2.679119723478801,obse,cracker_scene1,70,old
2647,12.049179553985596,2.679119723478801,obse,cracker_scene1,70,old
2648,12.05326247215271,2.679119723478801,obse,cracker_scene1,70,old
2649,12.057815551757812,2.6807118576130526,obse,cracker_scene1,70,old
2650,12.062537431716919,2.680621139954939,obse,cracker_scene1,70,old
2651,12.06776762008667,2.67922879208255,obse,cracker_scene1,70,old
2652,12.07258152961731,2.67922879208255,obse,cracker_scene1,70,old
2653,12.077403545379639,2.680164487187725,obse,cracker_scene1,70,old
2654,12.08241081237793,2.6798707170558034,obse,cracker_scene1,70,old
2655,12.086791753768921,2.6798707170558034,obse,cracker_scene1,70,old
2656,12.091490030288696,2.6791930176343146,obse,cracker_scene1,70,old
2657,12.095997333526611,2.680262128701489,obse,cracker_scene1,70,old
2658,12.100582599639893,2.680262128701489,obse,cracker_scene1,70,old
2659,12.105019330978394,2.680377946766317,obse,cracker_scene1,70,old
2660,12.10968828201294,2.680377946766317,obse,cracker_scene1,70,old
2661,12.114428997039795,2.6806933542809697,obse,cracker_scene1,70,old
2662,12.118901014328003,2.6806933542809697,obse,cracker_scene1,70,old
2663,12.123727083206177,2.6807658909215375,obse,cracker_scene1,70,old
2664,12.127984046936035,2.6807658909215375,obse,cracker_scene1,70,old
2665,12.132811069488525,2.6797649505840515,obse,cracker_scene1,70,old
2666,12.13741159439087,2.679137232672327,obse,cracker_scene1,70,old
2667,12.142142534255981,2.6791568180589826,obse,cracker_scene1,70,old
2668,12.146722316741943,2.679191264939685,obse,cracker_scene1,70,old
2669,12.15129017829895,2.679191264939685,obse,cracker_scene1,70,old
2670,12.155884027481079,2.6789532330280483,obse,cracker_scene1,70,old
2671,12.160221338272095,2.6789532330280483,obse,cracker_scene1,70,old
2672,12.165081024169922,2.6791287201639693,obse,cracker_scene1,70,old
2673,12.169374704360962,2.6791287201639693,obse,cracker_scene1,70,old
2674,12.174026489257812,2.679355116741609,obse,cracker_scene1,70,old
2675,12.178447484970093,2.679355116741609,obse,cracker_scene1,70,old
2676,12.183266639709473,2.6806763546214207,obse,cracker_scene1,70,old
2677,12.187621116638184,2.6796785108901733,obse,cracker_scene1,70,old
2678,12.192212104797363,2.6796785108901733,obse,cracker_scene1,70,old
2679,12.196781396865845,2.679626087783144,obse,cracker_scene1,70,old
2680,12.201338291168213,2.679626087783144,obse,cracker_scene1,70,old
2681,12.206437826156616,2.6789367097722367,obse,cracker_scene1,70,old
2682,12.210574865341187,2.6789367097722367,obse,cracker_scene1,70,old
2683,12.215607166290283,2.678984563647849,obse,cracker_scene1,70,old
2684,12.219910860061646,2.678984563647849,obse,cracker_scene1,70,old
2685,12.224591255187988,2.6789392476340677,obse,cracker_scene1,70,old
2686,12.228938102722168,2.680098741204746,obse,cracker_scene1,70,old
2687,12.233636379241943,2.680098741204746,obse,cracker_scene1,70,old
2688,12.23798394203186,2.6793074271879393,obse,cracker_scene1,70,old
2689,12.242515802383423,2.6793074271879393,obse,cracker_scene1,70,old
2690,12.246905088424683,2.6792939678874172,obse,cracker_scene1,70,old
2691,12.251332759857178,2.6792939678874172,obse,cracker_scene1,70,old
2692,12.255873918533325,2.6803691587068634,obse,cracker_scene1,70,old
2693,12.2603120803833,2.6803691587068634,obse,cracker_scene1,70,old
2694,12.264897108078003,2.679214584619178,obse,cracker_scene1,70,old
2695,12.2693510055542,2.679214584619178,obse,cracker_scene1,70,old
2696,12.273937940597534,2.6792487261589284,obse,cracker_scene1,70,old
2697,12.278648614883423,2.6792487261589284,obse,cracker_scene1,70,old
2698,12.283826351165771,2.6791247094434105,obse,cracker_scene1,70,old
2699,12.288450002670288,2.6790271567067245,obse,cracker_scene1,70,old
2700,12.29304552078247,2.6790271567067245,obse,cracker_scene1,70,old
2701,12.298021078109741,2.6790432498888466,obse,cracker_scene1,70,old
2702,12.302540063858032,2.6790432498888466,obse,cracker_scene1,70,old
2703,12.307373762130737,2.678764516135556,obse,cracker_scene1,70,old
2704,12.311720609664917,2.678769823185058,obse,cracker_scene1,70,old
2705,12.31641173362732,2.6793534343934224,obse,cracker_scene1,70,old
2706,12.320812225341797,2.6791013258036136,obse,cracker_scene1,70,old
2707,12.325373411178589,2.6791013258036136,obse,cracker_scene1,70,old
2708,12.329994916915894,2.679645199394283,obse,cracker_scene1,70,old
2709,12.334455966949463,2.679645199394283,obse,cracker_scene1,70,old
2710,12.338902711868286,0.2452661678243162,obse,cracker_scene1,70,old
2711,12.34332823753357,0.2596947372265266,obse,cracker_scene1,70,old
2712,12.348098039627075,0.25972814359130236,obse,cracker_scene1,70,old
2713,12.352214813232422,0.25972814359130236,obse,cracker_scene1,70,old
2714,12.356716632843018,0.26005553773014345,obse,cracker_scene1,70,old
2715,12.361030340194702,0.26005553773014345,obse,cracker_scene1,70,old
2716,12.365314722061157,0.25966857741835714,obse,cracker_scene1,70,old
2717,12.370080947875977,0.25966857741835714,obse,cracker_scene1,70,old
2718,12.374553203582764,0.2588611881462981,obse,cracker_scene1,70,old
2719,12.378825664520264,0.2602209693353954,obse,cracker_scene1,70,old
2720,12.383357048034668,0.2600172081627399,obse,cracker_scene1,70,old
2721,12.38782000541687,0.25958349722530105,obse,cracker_scene1,70,old
2722,12.392374038696289,0.25958349722530105,obse,cracker_scene1,70,old
2723,12.396903038024902,0.25816876106248543,obse,cracker_scene1,70,old
2724,12.401561737060547,0.25816876106248543,obse,cracker_scene1,70,old
2725,12.406077146530151,1.2027282355237459,obse,cracker_scene1,70,old
2726,12.410533905029297,1.298928264424708,obse,cracker_scene1,70,old
2727,12.415256261825562,1.3006652237717367,obse,cracker_scene1,70,old
2728,12.419610023498535,1.3006652237717367,obse,cracker_scene1,70,old
2729,12.424263954162598,1.3005471386546477,obse,cracker_scene1,70,old
2730,12.428860664367676,1.3004177624926747,obse,cracker_scene1,70,old
2731,12.433541297912598,1.3004177624926747,obse,cracker_scene1,70,old
2732,12.437873601913452,1.2993574395368368,obse,cracker_scene1,70,old
2733,12.442365646362305,1.298459715169482,obse,cracker_scene1,70,old
2734,12.446838140487671,1.2991887262978121,obse,cracker_scene1,70,old
2735,12.451544761657715,1.2991887262978121,obse,cracker_scene1,70,old
2736,12.455982685089111,1.299665432609804,obse,cracker_scene1,70,old
2737,12.460205078125,1.299665432609804,obse,cracker_scene1,70,old
2738,12.46454381942749,1.2983401280051643,obse,cracker_scene1,70,old
2739,12.46871042251587,1.2983401280051643,obse,cracker_scene1,70,old
2740,12.473063945770264,2.6052241817091666,obse,cracker_scene1,70,old
2741,12.477361679077148,2.796077817874753,obse,cracker_scene1,70,old
2742,12.481966495513916,2.7980116620965294,obse,cracker_scene1,70,old
2743,12.486100435256958,2.7980116620965294,obse,cracker_scene1,70,old
2744,12.490564346313477,2.7969873886095598,obse,cracker_scene1,70,old
2745,12.4946928024292,2.7969873886095598,obse,cracker_scene1,70,old
2746,12.499618530273438,2.7983160254144503,obse,cracker_scene1,70,old
2747,12.504461765289307,2.7969866728067454,obse,cracker_scene1,70,old
2748,12.509429216384888,2.7969866728067454,obse,cracker_scene1,70,old
2749,12.51484203338623,2.798167897290114,obse,cracker_scene1,70,old
2750,12.519443035125732,2.798167897290114,obse,cracker_scene1,70,old
2751,12.524139881134033,2.798182670563356,obse,cracker_scene1,70,old
2752,12.528284072875977,2.798182670563356,obse,cracker_scene1,70,old
2753,12.533028364181519,2.797017141690689,obse,cracker_scene1,70,old
2754,12.53721570968628,2.797017141690689,obse,cracker_scene1,70,old
2755,12.541826009750366,2.936407715526689,obse,cracker_scene1,70,old
2756,12.546279191970825,2.936644466942479,obse,cracker_scene1,70,old
2757,12.550655603408813,2.936644466942479,obse,cracker_scene1,70,old
2758,12.554786443710327,2.936565818394753,obse,cracker_scene1,70,old
2759,12.559308290481567,2.936565818394753,obse,cracker_scene1,70,old
2760,12.563687562942505,2.936590369571835,obse,cracker_scene1,70,old
2761,12.567840576171875,2.936590369571835,obse,cracker_scene1,70,old
2762,12.572645902633667,2.9366996858534486,obse,cracker_scene1,70,old
2763,12.57736611366272,2.9366996858534486,obse,cracker_scene1,70,old
2764,12.582409620285034,2.936607931970245,obse,cracker_scene1,70,old
2765,12.587077617645264,2.9376307533922397,obse,cracker_scene1,70,old
2766,12.591602802276611,0.36354977431482727,obse,cracker_scene1,70,old
2767,12.59602952003479,0.3635329538291465,obse,cracker_scene1,70,old
2768,12.600576639175415,0.2297998196365567,obse,cracker_scene1,70,old
2769,12.60492992401123,0.22894294403708404,obse,cracker_scene1,70,old
2770,12.609614849090576,0.22894294403708404,obse,cracker_scene1,70,old
2771,12.614370822906494,0.22877976338977746,obse,cracker_scene1,70,old
2772,12.619053602218628,0.22877976338977746,obse,cracker_scene1,70,old
2773,12.624024868011475,0.23052450440528904,obse,cracker_scene1,70,old
2774,12.628889322280884,0.23013679806475018,obse,cracker_scene1,70,old
2775,12.633774757385254,0.23013679806475018,obse,cracker_scene1,70,old
2776,12.638754844665527,0.2305516376025123,obse,cracker_scene1,70,old
2777,12.643799304962158,0.2305516376025123,obse,cracker_scene1,70,old
2778,12.649216651916504,0.2300992304997509,obse,cracker_scene1,70,old
2779,12.653531551361084,0.5313745100195835,obse,cracker_scene1,70,old
2780,12.658780097961426,0.5596453485883774,obse,cracker_scene1,70,old
2781,12.66364049911499,0.5587177207837,obse,cracker_scene1,70,old
2782,12.66867446899414,0.5587177207837,obse,cracker_scene1,70,old
2783,12.673496723175049,0.5590032378339496,obse,cracker_scene1,70,old
2784,12.67865252494812,0.5595253476507667,obse,cracker_scene1,70,old
2785,12.683642387390137,0.5595253476507667,obse,cracker_scene1,70,old
2786,12.688520669937134,0.559755760598601,obse,cracker_scene1,70,old
2787,12.693063497543335,0.559755760598601,obse,cracker_scene1,70,old
2788,12.697943449020386,0.5615320426463599,obse,cracker_scene1,70,old
2789,12.702281951904297,0.5615320426463599,obse,cracker_scene1,70,old
2790,12.707051753997803,0.5598455951846111,obse,cracker_scene1,70,old
2791,12.712194919586182,0.5598455951846111,obse,cracker_scene1,70,old
2792,12.717463493347168,0.561802626168789,obse,cracker_scene1,70,old
2793,12.72224760055542,0.2576021069353961,obse,cracker_scene1,70,old
2794,12.726868629455566,0.25762757361985805,obse,cracker_scene1,70,old
2795,12.731828451156616,0.2472411660551981,obse,cracker_scene1,70,old
2796,12.736793994903564,0.24744747900016711,obse,cracker_scene1,70,old
2797,12.741677522659302,0.2470037298042586,obse,cracker_scene1,70,old
2798,12.746467113494873,0.24735004047027742,obse,cracker_scene1,70,old
2799,12.751181602478027,0.24735004047027742,obse,cracker_scene1,70,old
2800,12.75556492805481,0.24735004047027742,obse,cracker_scene1,70,old
2801,12.760148048400879,0.24757160081852367,obse,cracker_scene1,70,old
2802,12.76438593864441,0.2473352780881221,obse,cracker_scene1,70,old
2803,12.768770217895508,0.2473352780881221,obse,cracker_scene1,70,old
2804,12.773660659790039,0.24930775839140024,obse,cracker_scene1,70,old
2805,12.778663873672485,0.24930775839140024,obse,cracker_scene1,70,old
2806,12.783764123916626,0.25039455329707216,obse,cracker_scene1,70,old
2807,12.788636445999146,0.22058905569078516,obse,cracker_scene1,70,old
2808,12.793168067932129,0.22058905569078516,obse,cracker_scene1,70,old
2809,12.798375368118286,0.21980555471419563,obse,cracker_scene1,70,old
2810,12.80322813987732,0.21988597045239808,obse,cracker_scene1,70,old
2811,12.80798602104187,0.21988597045239808,obse,cracker_scene1,70,old
2812,12.813145160675049,0.22044532599107347,obse,cracker_scene1,70,old
2813,12.818039894104004,0.22044532599107347,obse,cracker_scene1,70,old
2814,12.82290244102478,0.2215518368918633,obse,cracker_scene1,70,old
2815,12.827584505081177,0.22093634877249152,obse,cracker_scene1,70,old
2816,12.8326895236969,0.22093634877249152,obse,cracker_scene1,70,old
2817,12.837623357772827,0.22349937084335858,obse,cracker_scene1,70,old
2818,12.842894792556763,0.22349937084335858,obse,cracker_scene1,70,old
2819,12.847542524337769,0.22476133965564646,obse,cracker_scene1,70,old
2820,12.852426528930664,0.22476133965564646,obse,cracker_scene1,70,old
2821,12.857064008712769,0.22476133965564646,obse,cracker_scene1,70,old
2822,12.862266302108765,0.20789619157127634,obse,cracker_scene1,70,old
2823,12.867192029953003,0.20838487357967828,obse,cracker_scene1,70,old
2824,12.872413873672485,0.20834892285803822,obse,cracker_scene1,70,old
2825,12.877609252929688,0.20948609916417982,obse,cracker_scene1,70,old
2826,12.88300108909607,0.2106101682714314,obse,cracker_scene1,70,old
2827,12.887869119644165,0.21153742673743922,obse,cracker_scene1,70,old
2828,12.892606735229492,0.21153742673743922,obse,cracker_scene1,70,old
2829,12.897475957870483,0.2119669080075818,obse,cracker_scene1,70,old
2830,12.901959657669067,0.2119669080075818,obse,cracker_scene1,70,old
2831,12.906559467315674,0.21281899311035715,obse,cracker_scene1,70,old
2832,12.910955429077148,0.21281899311035715,obse,cracker_scene1,70,old
2833,12.916049003601074,0.2310901495038957,obse,cracker_scene1,70,old
2834,12.920534610748291,0.2298175149615076,obse,cracker_scene1,70,old
2835,12.924949884414673,0.23199821652975602,obse,cracker_scene1,70,old
2836,12.929337739944458,0.23393866967661545,obse,cracker_scene1,70,old
2837,12.93375039100647,0.23464596416835465,obse,cracker_scene1,70,old
2838,12.937943935394287,0.2356539173792415,obse,cracker_scene1,70,old
2839,12.942341566085815,0.23563438971209788,obse,cracker_scene1,70,old
2840,12.94694471359253,0.2362083245886957,obse,cracker_scene1,70,old
2841,12.95137333869934,0.2362083245886957,obse,cracker_scene1,70,old
2842,12.95576548576355,0.23707335960628645,obse,cracker_scene1,70,old
2843,12.960180521011353,0.23707335960628645,obse,cracker_scene1,70,old
2844,12.964734077453613,0.23726196868661975,obse,cracker_scene1,70,old
2845,12.968929052352905,0.23726196868661975,obse,cracker_scene1,70,old
2846,12.973421812057495,0.2391943381969895,obse,cracker_scene1,70,old
2847,12.977588415145874,0.23916574136156493,obse,cracker_scene1,70,old
2848,12.982455730438232,0.20193285692254118,obse,cracker_scene1,70,old
2849,12.986644506454468,0.20193285692254118,obse,cracker_scene1,70,old
2850,12.992113828659058,0.2030967203239037,obse,cracker_scene1,70,old
2851,12.996522188186646,0.2026568580885568,obse,cracker_scene1,70,old
2852,13.000840187072754,0.2026568580885568,obse,cracker_scene1,70,old
2853,13.005213737487793,0.20405835289673407,obse,cracker_scene1,70,old
2854,13.009711742401123,0.20405835289673407,obse,cracker_scene1,70,old
2855,13.014302492141724,0.20316872238524925,obse,cracker_scene1,70,old
2856,13.018390893936157,0.20316872238524925,obse,cracker_scene1,70,old
2857,13.0229332447052,0.20560467849400035,obse,cracker_scene1,70,old
2858,13.027161598205566,0.20560467849400035,obse,cracker_scene1,70,old
2859,13.031725645065308,0.20634289567865513,obse,cracker_scene1,70,old
2860,13.035894393920898,0.20634289567865513,obse,cracker_scene1,70,old
2861,13.040401697158813,0.20776223736050572,obse,cracker_scene1,70,old
2862,13.044676303863525,0.21448383497772436,obse,cracker_scene1,70,old
2863,13.049376487731934,0.21416089289865434,obse,cracker_scene1,70,old
2864,13.053806781768799,0.21651789653138692,obse,cracker_scene1,70,old
2865,13.058282852172852,0.21704335678178668,obse,cracker_scene1,70,old
2866,13.062754392623901,0.21706367573913818,obse,cracker_scene1,70,old
2867,13.067315578460693,0.21706367573913818,obse,cracker_scene1,70,old
2868,13.0719735622406,0.21790441128406374,obse,cracker_scene1,70,old
2869,13.076260089874268,0.21790441128406374,obse,cracker_scene1,70,old
2870,13.080583095550537,0.22029846302947767,obse,cracker_scene1,70,old
2871,13.085004329681396,0.22029846302947767,obse,cracker_scene1,70,old
2872,13.089609861373901,0.2218496048533577,obse,cracker_scene1,70,old
2873,13.093892097473145,0.2218496048533577,obse,cracker_scene1,70,old
2874,13.098608016967773,0.22267894839805785,obse,cracker_scene1,70,old
2875,13.10298204421997,0.22267894839805785,obse,cracker_scene1,70,old
2876,13.10734248161316,0.223751559199241,obse,cracker_scene1,70,old
2877,13.111984491348267,0.223751559199241,obse,cracker_scene1,70,old
2878,13.116295576095581,0.22439039460871973,obse,cracker_scene1,70,old
2879,13.120702981948853,0.22439039460871973,obse,cracker_scene1,70,old
2880,13.125131607055664,0.22114906285762334,obse,cracker_scene1,70,old
2881,13.129297733306885,0.22140129565709663,obse,cracker_scene1,70,old
2882,13.133573770523071,0.222493529917998,obse,cracker_scene1,70,old
2883,13.137742042541504,0.2224749867788378,obse,cracker_scene1,70,old
2884,13.142264604568481,0.22377359222642376,obse,cracker_scene1,70,old
2885,13.146531105041504,0.22377359222642376,obse,cracker_scene1,70,old
2886,13.151473045349121,0.2235168879177425,obse,cracker_scene1,70,old
2887,13.15647578239441,0.2235168879177425,obse,cracker_scene1,70,old
2888,13.160664319992065,0.22434952275346862,obse,cracker_scene1,70,old
2889,13.165088176727295,0.22434952275346862,obse,cracker_scene1,70,old
2890,13.169131517410278,0.22528442615251823,obse,cracker_scene1,70,old
2891,13.173544645309448,0.22528442615251823,obse,cracker_scene1,70,old
2892,13.177851676940918,0.22706634399994047,obse,cracker_scene1,70,old
2893,13.182474613189697,0.22706634399994047,obse,cracker_scene1,70,old
2894,13.186932802200317,0.22819008268101906,obse,cracker_scene1,70,old
2895,13.191251039505005,0.22819008268101906,obse,cracker_scene1,70,old
2896,13.195699214935303,0.22817381503299214,obse,cracker_scene1,70,old
2897,13.200037479400635,0.22817381503299214,obse,cracker_scene1,70,old
2898,13.204479694366455,0.20958579813955913,obse,cracker_scene1,70,old
2899,13.208676815032959,0.2106618708203377,obse,cracker_scene1,70,old
2900,13.213172435760498,0.20673277625303335,obse,cracker_scene1,70,old
2901,13.217682838439941,0.20767853354806765,obse,cracker_scene1,70,old
2902,13.221989631652832,0.20767853354806765,obse,cracker_scene1,70,old
2903,13.22629165649414,0.20850088579265527,obse,cracker_scene1,70,old
2904,13.230570316314697,0.20850088579265527,obse,cracker_scene1,70,old
2905,13.234795331954956,0.20948968326905076,obse,cracker_scene1,70,old
2906,13.23894190788269,0.20948968326905076,obse,cracker_scene1,70,old
2907,13.243530750274658,0.20920604364131257,obse,cracker_scene1,70,old
2908,13.248028755187988,0.20920604364131257,obse,cracker_scene1,70,old
2909,13.252703428268433,0.2114144379837155,obse,cracker_scene1,70,old
2910,13.257065057754517,0.2114144379837155,obse,cracker_scene1,70,old
2911,13.26201844215393,0.21226913449796958,obse,cracker_scene1,70,old
2912,13.266733169555664,0.21336925958640438,obse,cracker_scene1,70,old
2913,13.271491289138794,0.21429743870027304,obse,cracker_scene1,70,old
2914,13.276199340820312,0.21667942819964683,obse,cracker_scene1,70,old
2915,13.280951261520386,0.21961582498719376,obse,cracker_scene1,70,old
2916,13.28538727760315,0.21952503397296982,obse,cracker_scene1,70,old
2917,13.290045976638794,0.2191528846746066,obse,cracker_scene1,70,old
2918,13.294269561767578,0.2191528846746066,obse,cracker_scene1,70,old
2919,13.300740003585815,0.22115337010074868,obse,cracker_scene1,70,old
2920,13.305188179016113,0.22064876922444995,obse,cracker_scene1,70,old
2921,13.309386253356934,0.22064876922444995,obse,cracker_scene1,70,old
2922,13.314428329467773,0.22174127277570957,obse,cracker_scene1,70,old
2923,13.318492650985718,0.22174127277570957,obse,cracker_scene1,70,old
2924,13.323063850402832,0.22422873200473087,obse,cracker_scene1,70,old
2925,13.327203273773193,0.22422873200473087,obse,cracker_scene1,70,old
2926,13.332520484924316,0.24936152017608493,obse,cracker_scene1,70,old
2927,13.339021444320679,0.24921128920664895,obse,cracker_scene1,70,old
2928,13.34435749053955,0.24971879308203965,obse,cracker_scene1,70,old
2929,13.349139213562012,0.25073662203488223,obse,cracker_scene1,70,old
2930,13.35340929031372,0.25179319326815625,obse,cracker_scene1,70,old
2931,13.358006000518799,0.252602968366246,obse,cracker_scene1,70,old
2932,13.362342834472656,0.2524808514265018,obse,cracker_scene1,70,old
2933,13.366793870925903,0.2524808514265018,obse,cracker_scene1,70,old
2934,13.371135711669922,0.2536198802945209,obse,cracker_scene1,70,old
2935,13.375552415847778,0.2536198802945209,obse,cracker_scene1,70,old
2936,13.379987955093384,0.25600818122953023,obse,cracker_scene1,70,old
2937,13.384583234786987,0.25600818122953023,obse,cracker_scene1,70,old
2938,13.389023065567017,0.2553984492543739,obse,cracker_scene1,70,old
2939,13.394338130950928,0.2553984492543739,obse,cracker_scene1,70,old
2940,13.399019956588745,0.25651785890245754,obse,cracker_scene1,70,old
2941,13.403353929519653,0.25651785890245754,obse,cracker_scene1,70,old
2942,13.408398866653442,0.25866092839427796,obse,cracker_scene1,70,old
2943,13.412636995315552,0.25475298934081336,obse,cracker_scene1,70,old
2944,13.417152404785156,0.25456288237770375,obse,cracker_scene1,70,old
2945,13.421581029891968,0.2555878845822043,obse,cracker_scene1,70,old
2946,13.42599105834961,0.2555878845822043,obse,cracker_scene1,70,old
2947,13.43042278289795,0.255415945384743,obse,cracker_scene1,70,old
2948,13.434810400009155,0.255415945384743,obse,cracker_scene1,70,old
2949,13.439286708831787,0.25772936717109723,obse,cracker_scene1,70,old
2950,13.443639993667603,0.25772936717109723,obse,cracker_scene1,70,old
2951,13.448308944702148,0.2570661291573841,obse,cracker_scene1,70,old
2952,13.452510118484497,0.2570661291573841,obse,cracker_scene1,70,old
2953,13.457151412963867,0.25917639234006845,obse,cracker_scene1,70,old
2954,13.46122431755066,0.25917639234006845,obse,cracker_scene1,70,old
2955,13.465928077697754,0.22966345532522617,obse,cracker_scene1,70,old
2956,13.470012664794922,0.22966345532522617,obse,cracker_scene1,70,old
2957,13.474663972854614,0.22973587406940926,obse,cracker_scene1,70,old
2958,13.479298830032349,0.2320085934510453,obse,cracker_scene1,70,old
2959,13.483728885650635,0.2320085934510453,obse,cracker_scene1,70,old
2960,13.487997770309448,0.2307920838896157,obse,cracker_scene1,70,old
2961,13.49233889579773,0.2307920838896157,obse,cracker_scene1,70,old
2962,13.496796607971191,0.23429722097329786,obse,cracker_scene1,70,old
2963,13.501067399978638,0.23429722097329786,obse,cracker_scene1,70,old
2964,13.505770921707153,0.23422889343801265,obse,cracker_scene1,70,old
2965,13.509930610656738,0.23422889343801265,obse,cracker_scene1,70,old
2966,13.514569282531738,0.23501203880616697,obse,cracker_scene1,70,old
2967,13.518716096878052,0.23501203880616697,obse,cracker_scene1,70,old
2968,13.523414134979248,0.23759635325439718,obse,cracker_scene1,70,old
2969,13.52801251411438,0.1494138041091007,obse,cracker_scene1,70,old
2970,13.532660484313965,0.14477694524402918,obse,cracker_scene1,70,old
2971,13.536819219589233,0.14477694524402918,obse,cracker_scene1,70,old
2972,13.541337013244629,0.14353219809432768,obse,cracker_scene1,70,old
2973,13.54571533203125,0.14492985372988315,obse,cracker_scene1,70,old
2974,13.55005431175232,0.14492985372988315,obse,cracker_scene1,70,old
2975,13.554295301437378,0.14585453711950727,obse,cracker_scene1,70,old
2976,13.55868673324585,0.14585453711950727,obse,cracker_scene1,70,old
2977,13.562948226928711,0.14583102109522303,obse,cracker_scene1,70,old
2978,13.567342281341553,0.14979497117599277,obse,cracker_scene1,70,old
2979,13.571710586547852,0.15059508235478808,obse,cracker_scene1,70,old
2980,13.575980424880981,0.15059508235478808,obse,cracker_scene1,70,old
2981,13.58053469657898,0.15089789662134823,obse,cracker_scene1,70,old
2982,13.584805488586426,0.15089789662134823,obse,cracker_scene1,70,old
2983,13.589293479919434,0.15215891091270412,obse,cracker_scene1,70,old
2984,13.593768119812012,0.18658978327238446,obse,cracker_scene1,70,old
2985,13.598428010940552,0.18786401442984224,obse,cracker_scene1,70,old
2986,13.602553844451904,0.18786401442984224,obse,cracker_scene1,70,old
2987,13.607195615768433,0.18992967077312667,obse,cracker_scene1,70,old
2988,13.611352443695068,0.18992967077312667,obse,cracker_scene1,70,old
2989,13.616437673568726,0.1937769487075925,obse,cracker_scene1,70,old
2990,13.620823621749878,0.19366902200495878,obse,cracker_scene1,70,old
2991,13.625324964523315,0.19366902200495878,obse,cracker_scene1,70,old
2992,13.630645275115967,0.1947084158634572,obse,cracker_scene1,70,old
2993,13.637202024459839,0.19566072898067594,obse,cracker_scene1,70,old
2994,13.643863916397095,0.19566072898067594,obse,cracker_scene1,70,old
2995,13.649707555770874,0.17842664843910322,obse,cracker_scene1,70,old
2996,13.655011415481567,0.17811054072178395,obse,cracker_scene1,70,old
2997,13.661157608032227,0.1780392031262998,obse,cracker_scene1,70,old
2998,13.666623592376709,0.18193058465128045,obse,cracker_scene1,70,old
2999,13.670777320861816,0.1827935569274536,obse,cracker_scene1,70,old
3000,13.676240682601929,0.18361173330642433,obse,cracker_scene1,70,old
3001,13.680986404418945,0.1825146611504496,obse,cracker_scene1,70,old
3002,13.685185432434082,0.1825146611504496,obse,cracker_scene1,70,old
3003,13.689719438552856,0.18280115198773947,obse,cracker_scene1,70,old
3004,13.693956851959229,0.18280115198773947,obse,cracker_scene1,70,old
3005,13.699100494384766,0.1810375245393226,obse,cracker_scene1,70,old
3006,13.703976154327393,0.1826381938478911,obse,cracker_scene1,70,old
3007,13.708896160125732,0.1826381938478911,obse,cracker_scene1,70,old
3008,13.713969469070435,0.1839742783069505,obse,cracker_scene1,70,old
3009,13.718861818313599,0.1839742783069505,obse,cracker_scene1,70,old
3010,13.724167585372925,0.18487677072512762,obse,cracker_scene1,70,old
3011,13.729094982147217,1.1526076102622742,obse,cracker_scene1,70,old
3012,13.734130382537842,1.2645558129853613,obse,cracker_scene1,70,old
3013,13.739118576049805,1.2637639541359604,obse,cracker_scene1,70,old
3014,13.744043350219727,1.2637639541359604,obse,cracker_scene1,70,old
3015,13.749222993850708,1.2630238514996268,obse,cracker_scene1,70,old
3016,13.75411081314087,1.2632357006991466,obse,cracker_scene1,70,old
3017,13.759048461914062,1.2653267227330414,obse,cracker_scene1,70,old
3018,13.763774394989014,1.265343735478866,obse,cracker_scene1,70,old
3019,13.768044471740723,1.265343735478866,obse,cracker_scene1,70,old
3020,13.772530317306519,1.266906781467668,obse,cracker_scene1,70,old
3021,13.776779413223267,1.266906781467668,obse,cracker_scene1,70,old
3022,13.781310558319092,0.23535300265186868,obse,cracker_scene1,70,old
3023,13.785685539245605,0.16555734909341438,obse,cracker_scene1,70,old
3024,13.790165185928345,0.16658611213265315,obse,cracker_scene1,70,old
3025,13.79442548751831,0.16717054071172355,obse,cracker_scene1,70,old
3026,13.798887252807617,0.16567151271987526,obse,cracker_scene1,70,old
3027,13.803089141845703,0.16567151271987526,obse,cracker_scene1,70,old
3028,13.807763814926147,0.16920981909260385,obse,cracker_scene1,70,old
3029,13.81252121925354,0.16889155843765002,obse,cracker_scene1,70,old
3030,13.817032814025879,0.16889155843765002,obse,cracker_scene1,70,old
3031,13.821486949920654,0.17027437225884703,obse,cracker_scene1,70,old
3032,13.825759649276733,0.17027437225884703,obse,cracker_scene1,70,old
3033,13.830090045928955,0.17177590726128672,obse,cracker_scene1,70,old
3034,13.83452844619751,0.17177590726128672,obse,cracker_scene1,70,old
3035,13.838879585266113,0.17272699268848726,obse,cracker_scene1,70,old
3036,13.843270063400269,0.20635582594968613,obse,cracker_scene1,70,old
3037,13.847740173339844,0.20733549897929626,obse,cracker_scene1,70,old
3038,13.852205038070679,0.210304482147813,obse,cracker_scene1,70,old
3039,13.856789350509644,0.21111855471345856,obse,cracker_scene1,70,old
3040,13.86093020439148,0.21111855471345856,obse,cracker_scene1,70,old
3041,13.865654468536377,0.21241010276631886,obse,cracker_scene1,70,old
3042,13.869778394699097,0.21241010276631886,obse,cracker_scene1,70,old
3043,13.874496936798096,0.21243178472165414,obse,cracker_scene1,70,old
3044,13.878705024719238,0.21271140645137715,obse,cracker_scene1,70,old
3045,13.883281230926514,0.21271140645137715,obse,cracker_scene1,70,old
3046,13.887781858444214,0.21581054577877437,obse,cracker_scene1,70,old
3047,13.892197132110596,0.21581054577877437,obse,cracker_scene1,70,old
3048,13.896649837493896,0.2160283499424978,obse,cracker_scene1,70,old
3049,13.90099549293518,0.2160283499424978,obse,cracker_scene1,70,old
3050,13.905336141586304,0.2177925844019635,obse,cracker_scene1,70,old
3051,13.90960693359375,0.2177925844019635,obse,cracker_scene1,70,old
3052,13.914093971252441,0.2177925844019635,obse,cracker_scene1,70,old
3053,13.918648719787598,0.25995552530583543,obse,cracker_scene1,70,old
3054,13.922890663146973,0.26503386590277295,obse,cracker_scene1,70,old
3055,13.927292108535767,0.2651813040814152,obse,cracker_scene1,70,old
3056,13.931726455688477,0.26836651093223707,obse,cracker_scene1,70,old
3057,13.93634295463562,0.2694884980318806,obse,cracker_scene1,70,old
3058,13.940622329711914,0.2694884980318806,obse,cracker_scene1,70,old
3059,13.945149421691895,0.27127211458582906,obse,cracker_scene1,70,old
3060,13.949448823928833,0.27127211458582906,obse,cracker_scene1,70,old
3061,13.953986406326294,0.27153540249216884,obse,cracker_scene1,70,old
3062,13.95857286453247,0.27153540249216884,obse,cracker_scene1,70,old
3063,13.963144063949585,0.2724713580075771,obse,cracker_scene1,70,old
3064,13.967506408691406,0.2732465291569505,obse,cracker_scene1,70,old
3065,13.971970081329346,0.2732465291569505,obse,cracker_scene1,70,old
3066,13.976181030273438,0.274781484821455,obse,cracker_scene1,70,old
3067,13.980709791183472,0.274781484821455,obse,cracker_scene1,70,old
3068,13.985156536102295,0.2757834767420582,obse,cracker_scene1,70,old
3069,13.989800691604614,0.2760035463261207,obse,cracker_scene1,70,old
3070,13.993900537490845,0.2760035463261207,obse,cracker_scene1,70,old
3071,13.998428344726562,0.2771697167698836,obse,cracker_scene1,70,old
3072,14.002703428268433,0.2771697167698836,obse,cracker_scene1,70,old
3073,14.00734806060791,0.27797418762954423,obse,cracker_scene1,70,old
3074,14.011582374572754,0.27797418762954423,obse,cracker_scene1,70,old
3075,14.016254425048828,0.27914752801536363,obse,cracker_scene1,70,old
3076,14.020591259002686,0.27914752801536363,obse,cracker_scene1,70,old
3077,14.025144338607788,0.28095865672509895,obse,cracker_scene1,70,old
3078,14.0294349193573,0.28095865672509895,obse,cracker_scene1,70,old
3079,14.034077644348145,0.28212060558110624,obse,cracker_scene1,70,old
3080,14.038257122039795,0.28212060558110624,obse,cracker_scene1,70,old
3081,14.04264521598816,0.2838526563999387,obse,cracker_scene1,70,old
3082,14.046977281570435,0.2838526563999387,obse,cracker_scene1,70,old
3083,14.05150318145752,0.28369464027741015,obse,cracker_scene1,70,old
3084,14.055668592453003,0.28369464027741015,obse,cracker_scene1,70,old
3085,14.06014347076416,0.28369464027741015,obse,cracker_scene1,70,old
3086,14.064937591552734,0.2846728040579581,obse,cracker_scene1,70,old
3087,14.069456815719604,0.28509986849160596,obse,cracker_scene1,70,old
3088,14.07407283782959,0.286465428792342,obse,cracker_scene1,70,old
3089,14.078325033187866,0.2863378313782857,obse,cracker_scene1,70,old
3090,14.082913160324097,0.2877535500655286,obse,cracker_scene1,70,old
3091,14.087108612060547,0.287807233652563,obse,cracker_scene1,70,old
3092,14.091476202011108,0.2889840887648831,obse,cracker_scene1,70,old
3093,14.095746517181396,0.28894855197309377,obse,cracker_scene1,70,old
3094,14.100450038909912,0.29060932925047983,obse,cracker_scene1,70,old
3095,14.104982137680054,0.29172258184495015,obse,cracker_scene1,70,old
3096,14.10931944847107,0.29172258184495015,obse,cracker_scene1,70,old
3097,14.113916158676147,0.2928201130938217,obse,cracker_scene1,70,old
3098,14.118597030639648,0.2928201130938217,obse,cracker_scene1,70,old
3099,14.123199939727783,0.2926215663104756,obse,cracker_scene1,70,old
3100,14.12739634513855,0.2926215663104756,obse,cracker_scene1,70,old
3101,14.131990194320679,0.29313698555433776,obse,cracker_scene1,70,old
3102,14.136289358139038,0.29313698555433776,obse,cracker_scene1,70,old
3103,14.14077615737915,0.29330289515018254,obse,cracker_scene1,70,old
3104,14.145095348358154,0.2938935110718548,obse,cracker_scene1,70,old
3105,14.149688959121704,0.29530553423381356,obse,cracker_scene1,70,old
3106,14.154076099395752,0.29645641396465294,obse,cracker_scene1,70,old
3107,14.158829927444458,0.29645641396465294,obse,cracker_scene1,70,old
3108,14.163487434387207,0.297315181746666,obse,cracker_scene1,70,old
3109,14.167824029922485,0.297315181746666,obse,cracker_scene1,70,old
3110,14.172508001327515,0.2986888630126313,obse,cracker_scene1,70,old
3111,14.176787853240967,0.2986888630126313,obse,cracker_scene1,70,old
3112,14.181577920913696,0.2992077019579537,obse,cracker_scene1,70,old
3113,14.185864448547363,0.2992077019579537,obse,cracker_scene1,70,old
3114,14.190763711929321,0.2995502147243896,obse,cracker_scene1,70,old
3115,14.194904327392578,0.2995502147243896,obse,cracker_scene1,70,old
3116,14.199669599533081,0.3000225802062224,obse,cracker_scene1,70,old
3117,14.204042196273804,0.3015714703321092,obse,cracker_scene1,70,old
3118,14.208693504333496,0.3015714703321092,obse,cracker_scene1,70,old
3119,14.213170528411865,0.30240016028306743,obse,cracker_scene1,70,old
3120,14.217550039291382,0.30240016028306743,obse,cracker_scene1,70,old
3121,14.221920728683472,0.3030416544551306,obse,cracker_scene1,70,old
3122,14.226621866226196,0.3030416544551306,obse,cracker_scene1,70,old
3123,14.231133460998535,0.30392384745719947,obse,cracker_scene1,70,old
3124,14.235500812530518,0.30392384745719947,obse,cracker_scene1,70,old
3125,14.24006986618042,0.30460476308122253,obse,cracker_scene1,70,old
3126,14.24431300163269,0.30460476308122253,obse,cracker_scene1,70,old
3127,14.249324321746826,0.3066354276781541,obse,cracker_scene1,70,old
3128,14.253717422485352,0.3078061597689545,obse,cracker_scene1,70,old
3129,14.258323669433594,0.3078061597689545,obse,cracker_scene1,70,old
3130,14.262816429138184,0.30961816446362744,obse,cracker_scene1,70,old
3131,14.26774525642395,0.30961816446362744,obse,cracker_scene1,70,old
3132,14.272364616394043,0.3096042195236274,obse,cracker_scene1,70,old
3133,14.277587652206421,0.3102163772573559,obse,cracker_scene1,70,old
3134,14.282328844070435,0.31081054852064305,obse,cracker_scene1,70,old
3135,14.286540031433105,0.31081054852064305,obse,cracker_scene1,70,old
3136,14.290869951248169,0.31196506342795355,obse,cracker_scene1,70,old
3137,14.295178413391113,0.3136112666397938,obse,cracker_scene1,70,old
3138,14.300343751907349,0.3129223433268973,obse,cracker_scene1,70,old
3139,14.305118560791016,0.3129223433268973,obse,cracker_scene1,70,old
3140,14.310199737548828,0.3144189974324666,obse,cracker_scene1,70,old
3141,14.315799474716187,0.3160293566663927,obse,cracker_scene1,70,old
3142,14.320782661437988,0.3160293566663927,obse,cracker_scene1,70,old
3143,14.325939893722534,0.316006327249746,obse,cracker_scene1,70,old
3144,14.330971240997314,0.316006327249746,obse,cracker_scene1,70,old
3145,14.336114883422852,0.316006327249746,obse,cracker_scene1,70,old
3146,14.340978622436523,0.31731561500689603,obse,cracker_scene1,70,old
3147,14.345958948135376,0.31731561500689603,obse,cracker_scene1,70,old
3148,14.351177215576172,0.3182513365381912,obse,cracker_scene1,70,old
3149,14.356149673461914,0.319144330779878,obse,cracker_scene1,70,old
3150,14.361183881759644,0.319144330779878,obse,cracker_scene1,70,old
3151,14.366881370544434,0.3201273462647002,obse,cracker_scene1,70,old
3152,14.371802806854248,0.32096714351320454,obse,cracker_scene1,70,old
3153,14.377152919769287,0.32162926093675476,obse,cracker_scene1,70,old
3154,14.38219952583313,0.32162926093675476,obse,cracker_scene1,70,old
3155,14.387306213378906,0.32412597493261003,obse,cracker_scene1,70,old
3156,14.392316341400146,0.32412597493261003,obse,cracker_scene1,70,old
3157,14.39654016494751,0.324061488577682,obse,cracker_scene1,70,old
3158,14.40181589126587,0.3253395899068881,obse,cracker_scene1,70,old
3159,14.406879186630249,0.3266229321424425,obse,cracker_scene1,70,old
3160,14.412046670913696,0.3266229321424425,obse,cracker_scene1,70,old
3161,14.41698932647705,0.32656715194321767,obse,cracker_scene1,70,old
3162,14.422122478485107,0.32656715194321767,obse,cracker_scene1,70,old
3163,14.427145957946777,0.3268716548874044,obse,cracker_scene1,70,old
3164,14.432520389556885,0.3275843348790903,obse,cracker_scene1,70,old
3165,14.437422513961792,0.3275843348790903,obse,cracker_scene1,70,old
3166,14.442020893096924,0.3284512961941004,obse,cracker_scene1,70,old
3167,14.446207046508789,0.3284512961941004,obse,cracker_scene1,70,old
3168,14.450844287872314,0.3300416365023722,obse,cracker_scene1,70,old
3169,14.454987525939941,0.3300416365023722,obse,cracker_scene1,70,old
3170,14.459454536437988,0.3300416365023722,obse,cracker_scene1,70,old
3171,14.464019536972046,0.3310631312312884,obse,cracker_scene1,70,old
3172,14.468692541122437,0.3334209594266613,obse,cracker_scene1,70,old
3173,14.47331953048706,0.332817447094489,obse,cracker_scene1,70,old
3174,14.47775149345398,0.332817447094489,obse,cracker_scene1,70,old
3175,14.482424974441528,0.33540258415113583,obse,cracker_scene1,70,old
3176,14.486997604370117,0.33592128841905483,obse,cracker_scene1,70,old
3177,14.492043018341064,0.33592128841905483,obse,cracker_scene1,70,old
3178,14.497185468673706,0.3374989175069773,obse,cracker_scene1,70,old
3179,14.502169847488403,0.3374989175069773,obse,cracker_scene1,70,old
3180,14.507519721984863,0.33805368676207503,obse,cracker_scene1,70,old
3181,14.512694358825684,1.3850086901799994,obse,cracker_scene1,70,old
3182,14.517723083496094,1.4020223096945372,obse,cracker_scene1,70,old
3183,14.523090600967407,1.402584523150689,obse,cracker_scene1,70,old
3184,14.52800464630127,1.403462476431888,obse,cracker_scene1,70,old
3185,14.533053874969482,1.403698301480456,obse,cracker_scene1,70,old
3186,14.538099527359009,1.4035702806856678,obse,cracker_scene1,70,old
3187,14.543131113052368,1.4035702806856678,obse,cracker_scene1,70,old
3188,14.54859185218811,1.4030893623235619,obse,cracker_scene1,70,old
3189,14.553566932678223,1.403788812887913,obse,cracker_scene1,70,old
3190,14.55872106552124,1.403788812887913,obse,cracker_scene1,70,old
3191,14.563809394836426,1.40310238106591,obse,cracker_scene1,70,old
3192,14.568768978118896,1.40310238106591,obse,cracker_scene1,70,old
3193,14.573953628540039,1.4046061708712037,obse,cracker_scene1,70,old
3194,14.579137086868286,1.405696891101103,obse,cracker_scene1,70,old
3195,14.584110498428345,1.405696891101103,obse,cracker_scene1,70,old
3196,14.589444637298584,1.4046801409481366,obse,cracker_scene1,70,old
3197,14.594273090362549,1.4046801409481366,obse,cracker_scene1,70,old
3198,14.599729537963867,1.4047206840421937,obse,cracker_scene1,70,old
3199,14.60485029220581,1.4049148940057608,obse,cracker_scene1,70,old
3200,14.610066175460815,1.4059145631604162,obse,cracker_scene1,70,old
3201,14.615006923675537,1.4063857319333533,obse,cracker_scene1,70,old
3202,14.61962342262268,1.4063857319333533,obse,cracker_scene1,70,old
3203,14.624362468719482,1.4058810825984187,obse,cracker_scene1,70,old
3204,14.628727436065674,1.406045768629534,obse,cracker_scene1,70,old
3205,14.633318185806274,1.406045768629534,obse,cracker_scene1,70,old
3206,14.637691020965576,1.407327924685001,obse,cracker_scene1,70,old
3207,14.642193794250488,1.407327924685001,obse,cracker_scene1,70,old
3208,14.647001028060913,1.4076321128521432,obse,cracker_scene1,70,old
3209,14.652040481567383,1.4076321128521432,obse,cracker_scene1,70,old
3210,14.657345294952393,1.4077257717985825,obse,cracker_scene1,70,old
3211,14.662344694137573,1.406895640559509,obse,cracker_scene1,70,old
3212,14.667516231536865,1.406895640559509,obse,cracker_scene1,70,old
3213,14.672763109207153,1.4068900054375826,obse,cracker_scene1,70,old
3214,14.67774224281311,1.4068900054375826,obse,cracker_scene1,70,old
3215,14.683103322982788,1.4072705216104495,obse,cracker_scene1,70,old
3216,14.688066959381104,1.4084671296979137,obse,cracker_scene1,70,old
3217,14.693103551864624,1.4084671296979137,obse,cracker_scene1,70,old
3218,14.698291778564453,1.4087158651195226,obse,cracker_scene1,70,old
3219,14.703278541564941,1.4078373725979283,obse,cracker_scene1,70,old
3220,14.708474397659302,1.4080305909005792,obse,cracker_scene1,70,old
3221,14.713635921478271,1.4091207863386215,obse,cracker_scene1,70,old
3222,14.718908786773682,1.4091207863386215,obse,cracker_scene1,70,old
3223,14.724063873291016,1.4098034996838216,obse,cracker_scene1,70,old
3224,14.72897744178772,1.4092619959239912,obse,cracker_scene1,70,old
3225,14.734105825424194,1.4092619959239912,obse,cracker_scene1,70,old
3226,14.739254236221313,1.4107352229324013,obse,cracker_scene1,70,old
3227,14.744288444519043,1.4107352229324013,obse,cracker_scene1,70,old
3228,14.749588966369629,1.410237179790066,obse,cracker_scene1,70,old
3229,14.754568338394165,1.4106250414385508,obse,cracker_scene1,70,old
3230,14.759724378585815,1.4106250414385508,obse,cracker_scene1,70,old
3231,14.765028953552246,1.4116663137920034,obse,cracker_scene1,70,old
3232,14.769408464431763,1.4116663137920034,obse,cracker_scene1,70,old
3233,14.77430248260498,1.4109892152468673,obse,cracker_scene1,70,old
3234,14.77880311012268,1.4118431657882438,obse,cracker_scene1,70,old
3235,14.785662651062012,1.4118431657882438,obse,cracker_scene1,70,old
3236,14.790551662445068,1.4116995654230093,obse,cracker_scene1,70,old
3237,14.794877052307129,1.4116995654230093,obse,cracker_scene1,70,old
3238,14.799463033676147,1.412942845613606,obse,cracker_scene1,70,old
3239,14.803820371627808,1.412753724628538,obse,cracker_scene1,70,old
3240,14.808349132537842,1.412753724628538,obse,cracker_scene1,70,old
3241,14.812788963317871,1.4122743856986304,obse,cracker_scene1,70,old
3242,14.817335844039917,1.4122743856986304,obse,cracker_scene1,70,old
3243,14.821919679641724,1.4135011043696633,obse,cracker_scene1,70,old
3244,14.82631254196167,1.4135011043696633,obse,cracker_scene1,70,old
3245,14.8310387134552,1.4132496728922792,obse,cracker_scene1,70,old
3246,14.835344791412354,1.4132496728922792,obse,cracker_scene1,70,old
3247,14.840779304504395,1.4143866033693469,obse,cracker_scene1,70,old
3248,14.8453209400177,1.41476523071045,obse,cracker_scene1,70,old
3249,14.849970579147339,1.41476523071045,obse,cracker_scene1,70,old
3250,14.854444026947021,1.4147861928600358,obse,cracker_scene1,70,old
3251,14.859028100967407,1.4147861928600358,obse,cracker_scene1,70,old
3252,14.863518953323364,1.4141633153521633,obse,cracker_scene1,70,old
3253,14.86809492111206,1.4141633153521633,obse,cracker_scene1,70,old
3254,14.872602462768555,1.4150177718636296,obse,cracker_scene1,70,old
3255,14.877068519592285,1.4150177718636296,obse,cracker_scene1,70,old
3256,14.881842374801636,1.4151984824310828,obse,cracker_scene1,70,old
3257,14.886268138885498,1.4161119184478599,obse,cracker_scene1,70,old
3258,14.891574144363403,1.4164801996748713,obse,cracker_scene1,70,old
3259,14.896530866622925,1.4164519970659883,obse,cracker_scene1,70,old
3260,14.901766061782837,1.416863877069244,obse,cracker_scene1,70,old
3261,14.906983137130737,1.4164145236883865,obse,cracker_scene1,70,old
3262,14.912046909332275,1.4173403191018217,obse,cracker_scene1,70,old
3263,14.917460680007935,1.4179150027907914,obse,cracker_scene1,70,old
3264,14.922772884368896,1.4174128481458368,obse,cracker_scene1,70,old
3265,14.928093433380127,1.4174128481458368,obse,cracker_scene1,70,old
3266,14.933290719985962,1.4176967135407175,obse,cracker_scene1,70,old
3267,14.938338994979858,1.418838284900791,obse,cracker_scene1,70,old
3268,14.943403244018555,1.418838284900791,obse,cracker_scene1,70,old
3269,14.948791265487671,1.419102914326305,obse,cracker_scene1,70,old
3270,14.953840494155884,1.4185863133222547,obse,cracker_scene1,70,old
3271,14.958978414535522,1.4185863133222547,obse,cracker_scene1,70,old
3272,14.964086055755615,1.4190645422347616,obse,cracker_scene1,70,old
3273,14.968952417373657,1.4190645422347616,obse,cracker_scene1,70,old
3274,14.974271774291992,1.4203771829307836,obse,cracker_scene1,70,old
3275,14.979185342788696,1.4204038765206146,obse,cracker_scene1,70,old
3276,14.984541177749634,1.4210217986294866,obse,cracker_scene1,70,old
3277,14.989791870117188,1.4203252004525133,obse,cracker_scene1,70,old
3278,14.994029521942139,1.4203252004525133,obse,cracker_scene1,70,old
3279,14.9987952709198,1.4216512689635552,obse,cracker_scene1,70,old
3280,15.003129959106445,1.4216512689635552,obse,cracker_scene1,70,old
3281,15.00800895690918,1.4221014931484097,obse,cracker_scene1,70,old
3282,15.012654304504395,1.4228048121587547,obse,cracker_scene1,70,old
3283,15.017349004745483,1.4228048121587547,obse,cracker_scene1,70,old
3284,15.021923303604126,1.4228507848495981,obse,cracker_scene1,70,old
3285,15.026278495788574,1.4228507848495981,obse,cracker_scene1,70,old
3286,15.031043291091919,1.422913821178395,obse,cracker_scene1,70,old
3287,15.035206317901611,1.422913821178395,obse,cracker_scene1,70,old
3288,15.03981637954712,1.4232804636079202,obse,cracker_scene1,70,old
3289,15.04416537284851,1.4232804636079202,obse,cracker_scene1,70,old
3290,15.04884648323059,1.4226531552315516,obse,cracker_scene1,70,old
3291,15.053215980529785,1.4244952445861925,obse,cracker_scene1,70,old
3292,15.05782961845398,1.4244952445861925,obse,cracker_scene1,70,old
3293,15.06224250793457,1.424669415747104,obse,cracker_scene1,70,old
3294,15.06678581237793,1.424669415747104,obse,cracker_scene1,70,old
3295,15.071287631988525,1.4252864448181066,obse,cracker_scene1,70,old
3296,15.075963735580444,1.4252864448181066,obse,cracker_scene1,70,old
3297,15.080477952957153,1.4247081405021147,obse,cracker_scene1,70,old
3298,15.084815740585327,1.4247081405021147,obse,cracker_scene1,70,old
3299,15.089226961135864,1.4257930927350886,obse,cracker_scene1,70,old
3300,15.09361457824707,1.4257930927350886,obse,cracker_scene1,70,old
3301,15.098282098770142,1.4262347683647558,obse,cracker_scene1,70,old
3302,15.103346824645996,1.4262347683647558,obse,cracker_scene1,70,old
3303,15.108140707015991,1.4263819882817081,obse,cracker_scene1,70,old
3304,15.113381624221802,1.4263819882817081,obse,cracker_scene1,70,old
3305,15.118191003799438,1.4263819882817081,obse,cracker_scene1,70,old
3306,15.123429298400879,1.4258921931205926,obse,cracker_scene1,70,old
3307,15.128453016281128,1.4258368563451764,obse,cracker_scene1,70,old
3308,15.133463144302368,1.4260583681594285,obse,cracker_scene1,70,old
3309,15.138837099075317,1.4276805774924242,obse,cracker_scene1,70,old
3310,15.143571853637695,1.427979783981482,obse,cracker_scene1,70,old
3311,15.148824214935303,1.427979783981482,obse,cracker_scene1,70,old
3312,15.153551816940308,1.427979783981482,obse,cracker_scene1,70,old
3313,15.158864736557007,1.4279543009187359,obse,cracker_scene1,70,old
3314,15.163848400115967,1.4285619189893133,obse,cracker_scene1,70,old
3315,15.168749809265137,1.4285378957502948,obse,cracker_scene1,70,old
3316,15.17335033416748,1.4285378957502948,obse,cracker_scene1,70,old
3317,15.177773237228394,1.4287614694640647,obse,cracker_scene1,70,old
3318,15.18234634399414,1.4287614694640647,obse,cracker_scene1,70,old
3319,15.186582088470459,1.4294667716253597,obse,cracker_scene1,70,old
3320,15.190641641616821,1.4294667716253597,obse,cracker_scene1,70,old
3321,15.195103645324707,1.4288207436127571,obse,cracker_scene1,70,old
3322,15.199331760406494,1.4288207436127571,obse,cracker_scene1,70,old
3323,15.20378041267395,1.4290170838393088,obse,cracker_scene1,70,old
3324,15.208418846130371,1.4290170838393088,obse,cracker_scene1,70,old
3325,15.212856769561768,1.4298218325770193,obse,cracker_scene1,70,old
3326,15.217449188232422,1.4298218325770193,obse,cracker_scene1,70,old
3327,15.221675634384155,1.4295598257905802,obse,cracker_scene1,70,old
3328,15.226332902908325,1.4300368218887476,obse,cracker_scene1,70,old
3329,15.230799913406372,1.430474102913747,obse,cracker_scene1,70,old
3330,15.235593795776367,1.430474102913747,obse,cracker_scene1,70,old
3331,15.239836692810059,1.4309123735690932,obse,cracker_scene1,70,old
3332,15.244260311126709,1.4309123735690932,obse,cracker_scene1,70,old
3333,15.24873161315918,1.4309123735690932,obse,cracker_scene1,70,old
3334,15.253142356872559,1.4306488864077274,obse,cracker_scene1,70,old
3335,15.25739073753357,1.4306488864077274,obse,cracker_scene1,70,old
3336,15.262062549591064,1.4319069390948327,obse,cracker_scene1,70,old
3337,15.266793489456177,1.4320602646573848,obse,cracker_scene1,70,old
3338,15.27129864692688,1.4319551784645874,obse,cracker_scene1,70,old
3339,15.275938034057617,1.4312909837486325,obse,cracker_scene1,70,old
3340,15.280650854110718,1.4312609979049231,obse,cracker_scene1,70,old
3341,15.284873723983765,1.4312609979049231,obse,cracker_scene1,70,old
3342,15.2893648147583,1.431229695067235,obse,cracker_scene1,70,old
3343,15.293692111968994,1.431229695067235,obse,cracker_scene1,70,old
3344,15.298243284225464,1.4312401751336319,obse,cracker_scene1,70,old
3345,15.302433013916016,1.4312401751336319,obse,cracker_scene1,70,old
3346,15.306991338729858,1.4323145900486534,obse,cracker_scene1,70,old
3347,15.31118631362915,1.4323145900486534,obse,cracker_scene1,70,old
3348,15.315754175186157,1.4315217193603056,obse,cracker_scene1,70,old
3349,15.31999921798706,1.4314567490355143,obse,cracker_scene1,70,old
3350,15.324376344680786,1.4314567490355143,obse,cracker_scene1,70,old
3351,15.328605651855469,1.432779223863573,obse,cracker_scene1,70,old
3352,15.333261013031006,1.432779223863573,obse,cracker_scene1,70,old
3353,15.337598085403442,1.432786247669986,obse,cracker_scene1,70,old
3354,15.342171907424927,1.4315121611032797,obse,cracker_scene1,70,old
3355,15.346623182296753,1.4314250041095837,obse,cracker_scene1,70,old
3356,15.351052284240723,1.4314250041095837,obse,cracker_scene1,70,old
3357,15.355619192123413,1.4325102937723777,obse,cracker_scene1,70,old
3358,15.360332012176514,1.4325102937723777,obse,cracker_scene1,70,old
3359,15.365131855010986,1.431519387867148,obse,cracker_scene1,70,old
3360,15.369348049163818,1.431519387867148,obse,cracker_scene1,70,old
3361,15.373883485794067,1.4325530140352383,obse,cracker_scene1,70,old
3362,15.378162384033203,1.4325530140352383,obse,cracker_scene1,70,old
3363,15.382914781570435,1.4313583863918327,obse,cracker_scene1,70,old
3364,15.387189626693726,1.43258749110956,obse,cracker_scene1,70,old
3365,15.391546487808228,1.43258749110956,obse,cracker_scene1,70,old
3366,15.396026372909546,1.4326326417209563,obse,cracker_scene1,70,old
3367,15.400749444961548,1.4326326417209563,obse,cracker_scene1,70,old
3368,15.405123949050903,1.4315475520225078,obse,cracker_scene1,70,old
3369,15.409291744232178,1.4315475520225078,obse,cracker_scene1,70,old
3370,15.413793563842773,1.4318726386396463,obse,cracker_scene1,70,old
3371,15.418460130691528,1.4318726386396463,obse,cracker_scene1,70,old
3372,15.423166275024414,1.4318680863548794,obse,cracker_scene1,70,old
3373,15.427380323410034,1.4318680863548794,obse,cracker_scene1,70,old
3374,15.431909561157227,1.4328105753166875,obse,cracker_scene1,70,old
3375,15.43614912033081,1.4328105753166875,obse,cracker_scene1,70,old
3376,15.440545797348022,1.4326826946439537,obse,cracker_scene1,70,old
3377,15.444665670394897,1.4326826946439537,obse,cracker_scene1,70,old
3378,15.449254989624023,1.4319315894181663,obse,cracker_scene1,70,old
3379,15.453511238098145,1.4325915804097304,obse,cracker_scene1,70,old
3380,15.457849979400635,1.4326459809359866,obse,cracker_scene1,70,old
3381,15.462159395217896,1.431639337337792,obse,cracker_scene1,70,old
3382,15.466496706008911,1.431639337337792,obse,cracker_scene1,70,old
3383,15.47077488899231,1.4316163908329846,obse,cracker_scene1,70,old
3384,15.475093841552734,1.4316163908329846,obse,cracker_scene1,70,old
3385,15.479338645935059,1.4326688616238767,obse,cracker_scene1,70,old
3386,15.483906745910645,1.4326688616238767,obse,cracker_scene1,70,old
3387,15.48821496963501,1.4325251542782889,obse,cracker_scene1,70,old
3388,15.49249792098999,1.4325251542782889,obse,cracker_scene1,70,old
3389,15.496814012527466,1.4325904219409997,obse,cracker_scene1,70,old
3390,15.501049757003784,1.4325904219409997,obse,cracker_scene1,70,old
3391,15.50519323348999,1.4325904219409997,obse,cracker_scene1,70,old
3392,15.509426832199097,1.4325782507874774,obse,cracker_scene1,70,old
3393,15.51384973526001,1.4325782507874774,obse,cracker_scene1,70,old
3394,15.518267154693604,1.4326169484874045,obse,cracker_scene1,70,old
3395,15.522497177124023,1.4326169484874045,obse,cracker_scene1,70,old
3396,15.527066469192505,1.4317266884353268,obse,cracker_scene1,70,old
3397,15.531262874603271,1.4317266884353268,obse,cracker_scene1,70,old
3398,15.535423994064331,1.4317266884353268,obse,cracker_scene1,70,old
3399,15.539711952209473,1.4327357153162534,obse,cracker_scene1,70,old
3400,15.544024467468262,1.4327357153162534,obse,cracker_scene1,70,old
3401,15.548421621322632,1.4315239335121568,obse,cracker_scene1,70,old
3402,15.552700757980347,1.4315239335121568,obse,cracker_scene1,70,old
3403,15.557085514068604,1.432693222421464,obse,cracker_scene1,70,old
3404,15.561192512512207,1.432693222421464,obse,cracker_scene1,70,old
3405,15.565562963485718,1.4316097639050795,obse,cracker_scene1,70,old
3406,15.569979429244995,1.4316097639050795,obse,cracker_scene1,70,old
3407,15.57429575920105,1.4316097639050795,obse,cracker_scene1,70,old
3408,15.578677892684937,1.4326617383080595,obse,cracker_scene1,70,old
3409,15.58311653137207,1.4326617383080595,obse,cracker_scene1,70,old
3410,15.587380409240723,1.4325873559269588,obse,cracker_scene1,70,old
3411,15.591594934463501,1.4325873559269588,obse,cracker_scene1,70,old
3412,15.595974922180176,1.4326037138935943,obse,cracker_scene1,70,old
3413,15.600339651107788,1.4326037138935943,obse,cracker_scene1,70,old
3414,15.60457992553711,1.4328645675655993,obse,cracker_scene1,70,old
3415,15.608934164047241,1.4328645675655993,obse,cracker_scene1,70,old
3416,15.613218784332275,1.4328645675655993,obse,cracker_scene1,70,old
3417,15.617666244506836,1.4326503984344363,obse,cracker_scene1,70,old
3418,15.62180757522583,1.4326503984344363,obse,cracker_scene1,70,old
3419,15.62629246711731,1.4326335502757042,obse,cracker_scene1,70,old
3420,15.630416631698608,1.4326335502757042,obse,cracker_scene1,70,old
3421,15.634801149368286,1.4325984462592718,obse,cracker_scene1,70,old
3422,15.638921737670898,1.4325984462592718,obse,cracker_scene1,70,old
3423,15.643164157867432,1.4325058039216376,obse,cracker_scene1,70,old
3424,15.64756965637207,1.432490444842057,obse,cracker_scene1,70,old
3425,15.651990175247192,1.4316306912239165,obse,cracker_scene1,70,old
3426,15.656155824661255,1.4317669198595544,obse,cracker_scene1,70,old
3427,15.660506010055542,1.4317669198595544,obse,cracker_scene1,70,old
3428,15.664885759353638,1.4317651751832896,obse,cracker_scene1,70,old
3429,15.669382572174072,1.4317720387611024,obse,cracker_scene1,70,old
3430,15.67391586303711,1.432773762387412,obse,cracker_scene1,70,old
3431,15.678619384765625,1.4328312373452814,obse,cracker_scene1,70,old
3432,15.68323540687561,1.4328287784530875,obse,cracker_scene1,70,old
3433,15.687792778015137,1.4327197256219986,obse,cracker_scene1,70,old
3434,15.692046880722046,1.4327197256219986,obse,cracker_scene1,70,old
3435,15.696407318115234,1.43158482561204,obse,cracker_scene1,70,old
3436,15.700587511062622,1.43158482561204,obse,cracker_scene1,70,old
3437,15.704985618591309,1.4318769148666632,obse,cracker_scene1,70,old
3438,15.709216356277466,1.4318769148666632,obse,cracker_scene1,70,old
3439,15.713664293289185,1.431695012783151,obse,cracker_scene1,70,old
3440,15.718075275421143,1.431695012783151,obse,cracker_scene1,70,old
3441,15.722507953643799,1.4324815513738676,obse,cracker_scene1,70,old
3442,15.726582527160645,1.4324815513738676,obse,cracker_scene1,70,old
3443,15.730997800827026,1.4324135656433086,obse,cracker_scene1,70,old
3444,15.735090255737305,1.4324135656433086,obse,cracker_scene1,70,old
3445,15.739797830581665,1.4313545095001023,obse,cracker_scene1,70,old
3446,15.744043588638306,1.4313545095001023,obse,cracker_scene1,70,old
3447,15.748661994934082,1.4323497767830142,obse,cracker_scene1,70,old
3448,15.75282597541809,1.4312491736571529,obse,cracker_scene1,70,old
3449,15.757335662841797,1.4312069422155504,obse,cracker_scene1,70,old
3450,15.761444330215454,1.4312069422155504,obse,cracker_scene1,70,old
3451,15.766064167022705,1.431599551825876,obse,cracker_scene1,70,old
3452,15.770320415496826,1.431153931274066,obse,cracker_scene1,70,old
3453,15.7747163772583,1.431153931274066,obse,cracker_scene1,70,old
3454,15.77894401550293,1.4312562678379326,obse,cracker_scene1,70,old
3455,15.783261775970459,1.4312562678379326,obse,cracker_scene1,70,old
3456,15.787553310394287,1.4318399763052794,obse,cracker_scene1,70,old
3457,15.791863918304443,1.4318399763052794,obse,cracker_scene1,70,old
3458,15.79610276222229,1.431972977220032,obse,cracker_scene1,70,old
3459,15.800594806671143,1.4319162501724536,obse,cracker_scene1,70,old
3460,15.80494737625122,1.4312503993323729,obse,cracker_scene1,70,old
3461,15.809229135513306,1.4312503993323729,obse,cracker_scene1,70,old
3462,15.813650846481323,1.4328906397443824,obse,cracker_scene1,70,old
3463,15.817909002304077,1.4328906397443824,obse,cracker_scene1,70,old
3464,15.82227373123169,1.4326842522966503,obse,cracker_scene1,70,old
3465,15.826537370681763,1.4326842522966503,obse,cracker_scene1,70,old
3466,15.8308687210083,1.4342164229797625,obse,cracker_scene1,70,old
3467,15.835018396377563,1.4342164229797625,obse,cracker_scene1,70,old
3468,15.839346408843994,1.4348754548808644,obse,cracker_scene1,70,old
3469,15.843497037887573,1.4348754548808644,obse,cracker_scene1,70,old
3470,15.848107814788818,1.4344552332586513,obse,cracker_scene1,70,old
3471,15.85220718383789,1.4344552332586513,obse,cracker_scene1,70,old
3472,15.856679916381836,1.4356349780008744,obse,cracker_scene1,70,old
3473,15.860882759094238,1.4356349780008744,obse,cracker_scene1,70,old
3474,15.865320920944214,1.434876160560485,obse,cracker_scene1,70,old
3475,15.86939001083374,1.434876160560485,obse,cracker_scene1,70,old
3476,15.87381100654602,1.4363677027545272,obse,cracker_scene1,70,old
3477,15.878172636032104,1.435704102487355,obse,cracker_scene1,70,old
3478,15.882702827453613,1.435704102487355,obse,cracker_scene1,70,old
3479,15.886879920959473,1.4356918708235504,obse,cracker_scene1,70,old
3480,15.890999555587769,1.4358875452933395,obse,cracker_scene1,70,old
3481,15.895194292068481,1.4369055847001633,obse,cracker_scene1,70,old
3482,15.899553060531616,1.4369055847001633,obse,cracker_scene1,70,old
3483,15.903730392456055,1.4369055847001633,obse,cracker_scene1,70,old
3484,15.908097743988037,1.43736735715113,obse,cracker_scene1,70,old
3485,15.912344694137573,1.4366905257487392,obse,cracker_scene1,70,old
3486,15.917095184326172,1.4366905257487392,obse,cracker_scene1,70,old
3487,15.921338319778442,1.4373247193005714,obse,cracker_scene1,70,old
3488,15.925774097442627,1.4373247193005714,obse,cracker_scene1,70,old
3489,15.930113554000854,1.4376689505169606,obse,cracker_scene1,70,old
3490,15.934508800506592,1.4376689505169606,obse,cracker_scene1,70,old
3491,15.938951253890991,1.4370722234701159,obse,cracker_scene1,70,old
3492,15.943279027938843,1.4370722234701159,obse,cracker_scene1,70,old
3493,15.9477858543396,1.438180466434961,obse,cracker_scene1,70,old
3494,15.952073335647583,1.438180466434961,obse,cracker_scene1,70,old
3495,15.95664644241333,1.4384890230911953,obse,cracker_scene1,70,old
3496,15.96088433265686,1.4384890230911953,obse,cracker_scene1,70,old
3497,15.965505123138428,1.4388224345321508,obse,cracker_scene1,70,old
3498,15.969685316085815,1.4388224345321508,obse,cracker_scene1,70,old
3499,15.974303722381592,1.4390394862422147,obse,cracker_scene1,70,old
3500,15.978497982025146,1.43950496432939,obse,cracker_scene1,70,old
3501,15.983048915863037,1.4385845715677537,obse,cracker_scene1,70,old
3502,15.987375974655151,1.43904911700856,obse,cracker_scene1,70,old
3503,15.991783857345581,1.43904911700856,obse,cracker_scene1,70,old
3504,15.996186256408691,1.4393688306023495,obse,cracker_scene1,70,old
3505,16.00042700767517,1.4393688306023495,obse,cracker_scene1,70,old
3506,16.004870653152466,1.4396615396584762,obse,cracker_scene1,70,old
3507,16.009196043014526,1.4396615396584762,obse,cracker_scene1,70,old
3508,16.01371431350708,1.4411110313048656,obse,cracker_scene1,70,old
3509,16.01794719696045,1.4411110313048656,obse,cracker_scene1,70,old
3510,16.022488594055176,1.4417687959110959,obse,cracker_scene1,70,old
3511,16.0267391204834,1.4417687959110959,obse,cracker_scene1,70,old
3512,16.03134775161743,1.4423077904499078,obse,cracker_scene1,70,old
3513,16.038070917129517,1.443001537875145,obse,cracker_scene1,70,old
3514,16.044002771377563,1.443001537875145,obse,cracker_scene1,70,old
3515,16.04859948158264,1.4432023976262442,obse,cracker_scene1,70,old
3516,16.05271053314209,1.4432023976262442,obse,cracker_scene1,70,old
3517,16.05860447883606,1.4437871837652105,obse,cracker_scene1,70,old
3518,16.064464807510376,1.4442793373996965,obse,cracker_scene1,70,old
3519,16.06883955001831,1.4442793373996965,obse,cracker_scene1,70,old
3520,16.07351803779602,1.4442040921447488,obse,cracker_scene1,70,old
3521,16.07803964614868,1.4442611587512566,obse,cracker_scene1,70,old
3522,16.08269500732422,1.4447107153705971,obse,cracker_scene1,70,old
3523,16.087069272994995,1.444005900801935,obse,cracker_scene1,70,old
3524,16.092596769332886,1.444005900801935,obse,cracker_scene1,70,old
3525,16.097696542739868,1.4449002432899407,obse,cracker_scene1,70,old
3526,16.102484464645386,1.4449002432899407,obse,cracker_scene1,70,old
3527,16.1077618598938,1.4452084516966668,obse,cracker_scene1,70,old
3528,16.112698554992676,1.4452198139845658,obse,cracker_scene1,70,old
3529,16.117714881896973,1.4452198139845658,obse,cracker_scene1,70,old
3530,16.122734546661377,1.4461339074796795,obse,cracker_scene1,70,old
3531,16.12768244743347,1.4461339074796795,obse,cracker_scene1,70,old
3532,16.132948398590088,1.4451681613971559,obse,cracker_scene1,70,old
3533,16.1379816532135,1.4453388201112567,obse,cracker_scene1,70,old
3534,16.142903566360474,1.4453388201112567,obse,cracker_scene1,70,old
3535,16.14803695678711,1.4467256007585059,obse,cracker_scene1,70,old
3536,16.153141975402832,1.4469645561316415,obse,cracker_scene1,70,old
3537,16.158157348632812,1.4469645561316415,obse,cracker_scene1,70,old
3538,16.16332459449768,1.446975704559823,obse,cracker_scene1,70,old
3539,16.1683406829834,1.446975704559823,obse,cracker_scene1,70,old
3540,16.173243284225464,1.4464008568369566,obse,cracker_scene1,70,old
3541,16.17827606201172,1.4464008568369566,obse,cracker_scene1,70,old
3542,16.18366003036499,1.4478161400865863,obse,cracker_scene1,70,old
3543,16.188665628433228,1.4480337867248778,obse,cracker_scene1,70,old
3544,16.1936194896698,1.4480337867248778,obse,cracker_scene1,70,old
3545,16.19872760772705,1.447453322505944,obse,cracker_scene1,70,old
3546,16.203508377075195,1.4482987586241416,obse,cracker_scene1,70,old
3547,16.208739042282104,1.4482987586241416,obse,cracker_scene1,70,old
3548,16.214353322982788,1.4485749370224035,obse,cracker_scene1,70,old
3549,16.21885919570923,1.4485749370224035,obse,cracker_scene1,70,old
3550,16.224291801452637,1.4498512698453387,obse,cracker_scene1,70,old
3551,16.229307889938354,1.4496259894315635,obse,cracker_scene1,70,old
3552,16.234281301498413,1.4496259894315635,obse,cracker_scene1,70,old
3553,16.239537239074707,1.4500350397180952,obse,cracker_scene1,70,old
3554,16.244117975234985,1.4500350397180952,obse,cracker_scene1,70,old
3555,16.249512672424316,1.4513885544558187,obse,cracker_scene1,70,old
3556,16.254362106323242,1.450775958108899,obse,cracker_scene1,70,old
3557,16.259482622146606,1.450775958108899,obse,cracker_scene1,70,old
3558,16.264556407928467,1.4518887127456468,obse,cracker_scene1,70,old
3559,16.269618272781372,1.4518887127456468,obse,cracker_scene1,70,old
3560,16.27484965324402,1.4524153306339924,obse,cracker_scene1,70,old
3561,16.280142545700073,1.452534018191101,obse,cracker_scene1,70,old
3562,16.28506898880005,1.452534018191101,obse,cracker_scene1,70,old
3563,16.28994369506836,1.452698978180523,obse,cracker_scene1,70,old
3564,16.294962644577026,1.452107501729765,obse,cracker_scene1,70,old
3565,16.300060510635376,1.452107501729765,obse,cracker_scene1,70,old
3566,16.304868698120117,1.4520405693396095,obse,cracker_scene1,70,old
3567,16.309879302978516,1.4520405693396095,obse,cracker_scene1,70,old
3568,16.314754962921143,1.4520405693396095,obse,cracker_scene1,70,old
3569,16.31985640525818,1.4533547461575491,obse,cracker_scene1,70,old
3570,16.32482933998108,1.4533547461575491,obse,cracker_scene1,70,old
3571,16.329890727996826,1.4537666303871388,obse,cracker_scene1,70,old
3572,16.334875345230103,1.4541241443223134,obse,cracker_scene1,70,old
3573,16.339820384979248,1.4541241443223134,obse,cracker_scene1,70,old
3574,16.344919204711914,1.4541753292340358,obse,cracker_scene1,70,old
3575,16.35006070137024,1.4545430623105577,obse,cracker_scene1,70,old
3576,16.355156898498535,1.4547970931725862,obse,cracker_scene1,70,old
3577,16.359757900238037,1.4547970931725862,obse,cracker_scene1,70,old
3578,16.365082263946533,1.4547970931725862,obse,cracker_scene1,70,old
3579,16.370182275772095,1.4550087613514888,obse,cracker_scene1,70,old
3580,16.374958992004395,1.4550087613514888,obse,cracker_scene1,70,old
3581,16.38032603263855,1.4542523198187256,obse,cracker_scene1,70,old
3582,16.384850025177002,1.4542523198187256,obse,cracker_scene1,70,old
3583,16.39010238647461,1.4552069579065545,obse,cracker_scene1,70,old
3584,16.394994258880615,1.4555923597083202,obse,cracker_scene1,70,old
3585,16.40010929107666,1.4555923597083202,obse,cracker_scene1,70,old
3586,16.405028581619263,1.4555923597083202,obse,cracker_scene1,70,old
3587,16.410134077072144,1.4559636806505258,obse,cracker_scene1,70,old
3588,16.41482186317444,1.4562063879290745,obse,cracker_scene1,70,old
3589,16.41977882385254,1.4562063879290745,obse,cracker_scene1,70,old
3590,16.42422914505005,1.455608300458982,obse,cracker_scene1,70,old
3591,16.42868685722351,1.455608300458982,obse,cracker_scene1,70,old
3592,16.43306827545166,1.4555837088268078,obse,cracker_scene1,70,old
3593,16.437515020370483,1.4560493839789075,obse,cracker_scene1,70,old
3594,16.44166326522827,1.4560493839789075,obse,cracker_scene1,70,old
3595,16.44608187675476,1.4574325372539025,obse,cracker_scene1,70,old
3596,16.450411081314087,1.4574325372539025,obse,cracker_scene1,70,old
3597,16.454843997955322,1.4563101216962693,obse,cracker_scene1,70,old
3598,16.45927906036377,1.4568590499604062,obse,cracker_scene1,70,old
3599,16.463778972625732,1.4568590499604062,obse,cracker_scene1,70,old
3600,16.468676567077637,1.4582953935946454,obse,cracker_scene1,70,old
3601,16.473350763320923,1.4583583273570193,obse,cracker_scene1,70,old
3602,16.478161811828613,1.458157037614039,obse,cracker_scene1,70,old
3603,16.482831478118896,1.4584327696929966,obse,cracker_scene1,70,old
3604,16.48781657218933,1.4586073249558282,obse,cracker_scene1,70,old
3605,16.4926860332489,1.4578114400589985,obse,cracker_scene1,70,old
3606,16.497252464294434,1.4580972315707932,obse,cracker_scene1,70,old
3607,16.501667022705078,1.4580972315707932,obse,cracker_scene1,70,old
3608,16.506361484527588,1.4586558915416354,obse,cracker_scene1,70,old
3609,16.510672092437744,1.4586558915416354,obse,cracker_scene1,70,old
3610,16.515334129333496,1.4598277325314042,obse,cracker_scene1,70,old
3611,16.51986861228943,1.4598292523832272,obse,cracker_scene1,70,old
3612,16.524415254592896,1.4602840410836366,obse,cracker_scene1,70,old
3613,16.529175758361816,1.460532626382789,obse,cracker_scene1,70,old
3614,16.533569812774658,1.460532626382789,obse,cracker_scene1,70,old
3615,16.5380699634552,1.460820454812226,obse,cracker_scene1,70,old
3616,16.54231309890747,1.460820454812226,obse,cracker_scene1,70,old
3617,16.54689884185791,1.4611693589999248,obse,cracker_scene1,70,old
3618,16.55139708518982,1.4611693589999248,obse,cracker_scene1,70,old
3619,16.556016445159912,1.4600751438573178,obse,cracker_scene1,70,old
3620,16.560338973999023,1.4600751438573178,obse,cracker_scene1,70,old
3621,16.565147161483765,1.4612091720056544,obse,cracker_scene1,70,old
3622,16.56940460205078,1.46110829020847,obse,cracker_scene1,70,old
3623,16.573973178863525,1.4614597625210557,obse,cracker_scene1,70,old
3624,16.57824969291687,1.4615023185002372,obse,cracker_scene1,70,old
3625,16.583034992218018,1.4618229333654034,obse,cracker_scene1,70,old
3626,16.587397813796997,1.4619268019727576,obse,cracker_scene1,70,old
3627,16.592029333114624,1.4619268019727576,obse,cracker_scene1,70,old
3628,16.596367120742798,1.4612912756882803,obse,cracker_scene1,70,old
3629,16.60077142715454,1.4612912756882803,obse,cracker_scene1,70,old
3630,16.605244159698486,1.4623054391170962,obse,cracker_scene1,70,old
3631,16.60972571372986,1.4625370932932746,obse,cracker_scene1,70,old
3632,16.61448884010315,1.4618739285195161,obse,cracker_scene1,70,old
3633,16.618616819381714,1.4618739285195161,obse,cracker_scene1,70,old
3634,16.623297452926636,1.463374094467624,obse,cracker_scene1,70,old
3635,16.627368450164795,1.463374094467624,obse,cracker_scene1,70,old
3636,16.632102489471436,1.4637569459997763,obse,cracker_scene1,70,old
3637,16.63625717163086,1.4637569459997763,obse,cracker_scene1,70,old
3638,16.640869140625,1.4632588441022518,obse,cracker_scene1,70,old
3639,16.645107746124268,1.46305999163771,obse,cracker_scene1,70,old
3640,16.650015115737915,1.463456772988878,obse,cracker_scene1,70,old
3641,16.654910802841187,1.4638090488060902,obse,cracker_scene1,70,old
3642,16.65998077392578,1.4638090488060902,obse,cracker_scene1,70,old
3643,16.664589166641235,1.465318559508181,obse,cracker_scene1,70,old
3644,16.668882846832275,1.465318559508181,obse,cracker_scene1,70,old
3645,16.673452377319336,1.4645005195498957,obse,cracker_scene1,70,old
3646,16.677760124206543,1.4645005195498957,obse,cracker_scene1,70,old
3647,16.68257999420166,1.4647500725129259,obse,cracker_scene1,70,old
3648,16.687164068222046,1.4658931811552582,obse,cracker_scene1,70,old
3649,16.691850423812866,1.4661091947866112,obse,cracker_scene1,70,old
3650,16.696244955062866,1.4663166010201003,obse,cracker_scene1,70,old
3651,16.700616121292114,1.4663166010201003,obse,cracker_scene1,70,old
3652,16.704928874969482,1.4667875321030541,obse,cracker_scene1,70,old
3653,16.70939040184021,1.4667875321030541,obse,cracker_scene1,70,old
3654,16.713630199432373,1.4667875321030541,obse,cracker_scene1,70,old
3655,16.71822214126587,1.4662885697886718,obse,cracker_scene1,70,old
3656,16.722713232040405,1.4662885697886718,obse,cracker_scene1,70,old
3657,16.727039098739624,1.4673860343261058,obse,cracker_scene1,70,old
3658,16.73165488243103,1.4673860343261058,obse,cracker_scene1,70,old
3659,16.736202478408813,1.4667859667389305,obse,cracker_scene1,70,old
3660,16.740689992904663,1.4667859667389305,obse,cracker_scene1,70,old
3661,16.745282888412476,1.4678729410388316,obse,cracker_scene1,70,old
3662,16.749600648880005,1.4678729410388316,obse,cracker_scene1,70,old
3663,16.754144191741943,1.4671316209401422,obse,cracker_scene1,70,old
3664,16.758472442626953,1.4683960105001432,obse,cracker_scene1,70,old
3665,16.76299786567688,1.4683960105001432,obse,cracker_scene1,70,old
3666,16.76728653907776,1.4683960105001432,obse,cracker_scene1,70,old
3667,16.772266149520874,1.4685511079394198,obse,cracker_scene1,70,old
3668,16.777402877807617,1.4675094864982823,obse,cracker_scene1,70,old
3669,16.78268527984619,1.4675094864982823,obse,cracker_scene1,70,old
3670,16.787676572799683,1.4678385563669893,obse,cracker_scene1,70,old
3671,16.79271674156189,1.4678385563669893,obse,cracker_scene1,70,old
3672,16.797505855560303,1.4678385563669893,obse,cracker_scene1,70,old
3673,16.802409887313843,1.4690459506584492,obse,cracker_scene1,70,old
3674,16.80766797065735,1.4684266697801558,obse,cracker_scene1,70,old
3675,16.812792539596558,1.4684266697801558,obse,cracker_scene1,70,old
3676,16.817845106124878,1.4688516823427413,obse,cracker_scene1,70,old
3677,16.82259726524353,1.4688516823427413,obse,cracker_scene1,70,old
3678,16.82750964164734,1.4699119975164914,obse,cracker_scene1,70,old
3679,16.832317113876343,1.4699119975164914,obse,cracker_scene1,70,old
3680,16.83721923828125,1.4691859958068747,obse,cracker_scene1,70,old
3681,16.84227180480957,1.4693737483068752,obse,cracker_scene1,70,old
3682,16.847361087799072,1.468899235475825,obse,cracker_scene1,70,old
3683,16.85265040397644,1.4694206421436284,obse,cracker_scene1,70,old
3684,16.85714340209961,1.4702828505320973,obse,cracker_scene1,70,old
3685,16.86144518852234,1.4702828505320973,obse,cracker_scene1,70,old
3686,16.866102695465088,1.4693905822502753,obse,cracker_scene1,70,old
3687,16.87070870399475,1.4696959998118242,obse,cracker_scene1,70,old
3688,16.87549901008606,1.4711843568920449,obse,cracker_scene1,70,old
3689,16.880188941955566,1.471490089953262,obse,cracker_scene1,70,old
3690,16.88511872291565,1.4711393034583287,obse,cracker_scene1,70,old
3691,16.88988995552063,1.4727985118070652,obse,cracker_scene1,70,old
3692,16.894265174865723,1.471617345609591,obse,cracker_scene1,70,old
3693,16.898878574371338,1.4719835665276095,obse,cracker_scene1,70,old
3694,16.90328884124756,1.4725204542181887,obse,cracker_scene1,70,old
3695,16.90778875350952,1.4725204542181887,obse,cracker_scene1,70,old
3696,16.91227126121521,1.4733723034601978,obse,cracker_scene1,70,old
3697,16.916857481002808,1.4737009187297323,obse,cracker_scene1,70,old
3698,16.921325206756592,1.473182430256199,obse,cracker_scene1,70,old
3699,16.92589020729065,1.473182430256199,obse,cracker_scene1,70,old
3700,16.930519104003906,1.4734507837007387,obse,cracker_scene1,70,old
3701,16.93482732772827,1.4734507837007387,obse,cracker_scene1,70,old
3702,16.939616441726685,1.4751246579643462,obse,cracker_scene1,70,old
3703,16.943779468536377,1.4751246579643462,obse,cracker_scene1,70,old
3704,16.948596000671387,1.4743803446119745,obse,cracker_scene1,70,old
3705,16.952951192855835,1.474432933288191,obse,cracker_scene1,70,old
3706,16.957523822784424,1.474432933288191,obse,cracker_scene1,70,old
3707,16.961963653564453,1.4747042546215132,obse,cracker_scene1,70,old
3708,16.966445922851562,1.4747042546215132,obse,cracker_scene1,70,old
3709,16.971708297729492,1.4748921152947885,obse,cracker_scene1,70,old
3710,16.975982427597046,1.4748921152947885,obse,cracker_scene1,70,old
3711,16.98058319091797,1.4760872780636616,obse,cracker_scene1,70,old
3712,16.984975576400757,1.4760872780636616,obse,cracker_scene1,70,old
3713,16.989789724349976,1.4761715416135415,obse,cracker_scene1,70,old
3714,16.994107007980347,1.4751498223261486,obse,cracker_scene1,70,old
3715,16.998915433883667,1.4752055621005296,obse,cracker_scene1,70,old
3716,17.003878831863403,1.4764637005150094,obse,cracker_scene1,70,old
3717,17.0083224773407,1.4764637005150094,obse,cracker_scene1,70,old
3718,17.012794733047485,1.4767975096585815,obse,cracker_scene1,70,old
3719,17.017478466033936,1.4767975096585815,obse,cracker_scene1,70,old
3720,17.022122621536255,1.4764201506334862,obse,cracker_scene1,70,old
3721,17.026466131210327,1.4764201506334862,obse,cracker_scene1,70,old
3722,17.031277656555176,1.4774074849763732,obse,cracker_scene1,70,old
3723,17.035448789596558,1.4774074849763732,obse,cracker_scene1,70,old
3724,17.04023814201355,1.4778734041262762,obse,cracker_scene1,70,old
3725,17.044645071029663,1.4778364044893957,obse,cracker_scene1,70,old
3726,17.049468517303467,1.4781091602797458,obse,cracker_scene1,70,old
3727,17.05392599105835,1.4772896171430885,obse,cracker_scene1,70,old
3728,17.05834722518921,1.4772896171430885,obse,cracker_scene1,70,old
3729,17.06300663948059,1.4780920744068018,obse,cracker_scene1,70,old
3730,17.067360877990723,1.4780920744068018,obse,cracker_scene1,70,old
3731,17.07195258140564,1.4791206594747335,obse,cracker_scene1,70,old
3732,17.076247930526733,1.4791206594747335,obse,cracker_scene1,70,old
3733,17.080962657928467,1.4792236320122454,obse,cracker_scene1,70,old
3734,17.085301399230957,1.4792236320122454,obse,cracker_scene1,70,old
3735,17.090047597885132,1.4796174891892457,obse,cracker_scene1,70,old
3736,17.094293117523193,1.4796174891892457,obse,cracker_scene1,70,old
3737,17.09908413887024,1.4798201046616857,obse,cracker_scene1,70,old
3738,17.103440761566162,1.4798201046616857,obse,cracker_scene1,70,old
3739,17.1080482006073,1.4801115381668346,obse,cracker_scene1,70,old
3740,17.11254048347473,1.4800655145060766,obse,cracker_scene1,70,old
3741,17.117075443267822,1.4800655145060766,obse,cracker_scene1,70,old
3742,17.12172508239746,1.4792011710768254,obse,cracker_scene1,70,old
3743,17.126012325286865,1.4792011710768254,obse,cracker_scene1,70,old
3744,17.130592107772827,1.4803379911907895,obse,cracker_scene1,70,old
3745,17.13509225845337,1.4803379911907895,obse,cracker_scene1,70,old
3746,17.13985562324524,1.4807163088172857,obse,cracker_scene1,70,old
3747,17.14409351348877,1.4807163088172857,obse,cracker_scene1,70,old
3748,17.148874044418335,1.4796342656004384,obse,cracker_scene1,70,old
3749,17.153204917907715,1.4807565489012484,obse,cracker_scene1,70,old
3750,17.158245086669922,1.4808402100327847,obse,cracker_scene1,70,old
3751,17.162907123565674,1.479857493689778,obse,cracker_scene1,70,old
3752,17.167423725128174,1.479857493689778,obse,cracker_scene1,70,old
3753,17.171929836273193,1.4812492352745004,obse,cracker_scene1,70,old
3754,17.17629337310791,1.4812492352745004,obse,cracker_scene1,70,old
3755,17.181065797805786,1.4815887377361534,obse,cracker_scene1,70,old
3756,17.1853129863739,1.4815887377361534,obse,cracker_scene1,70,old
3757,17.18988847732544,1.4818771683434973,obse,cracker_scene1,70,old
3758,17.194204330444336,1.4818771683434973,obse,cracker_scene1,70,old
3759,17.198909282684326,1.4821837353229421,obse,cracker_scene1,70,old
3760,17.20342755317688,1.4821607222366824,obse,cracker_scene1,70,old
3761,17.208075046539307,1.4824744056754122,obse,cracker_scene1,70,old
3762,17.212475061416626,1.4829433759909403,obse,cracker_scene1,70,old
3763,17.21707558631897,1.4829433759909403,obse,cracker_scene1,70,old
3764,17.221591234207153,1.4832255875574303,obse,cracker_scene1,70,old
3765,17.22601890563965,1.4830788884558155,obse,cracker_scene1,70,old
3766,17.230624198913574,1.4836697593390147,obse,cracker_scene1,70,old
3767,17.23505449295044,1.4836697593390147,obse,cracker_scene1,70,old
3768,17.23982334136963,1.4828860344474686,obse,cracker_scene1,70,old
3769,17.244166612625122,1.4829460358246083,obse,cracker_scene1,70,old
3770,17.24900770187378,1.4832450895634883,obse,cracker_scene1,70,old
3771,17.253412008285522,1.4832450895634883,obse,cracker_scene1,70,old
3772,17.25846552848816,1.4832965037294432,obse,cracker_scene1,70,old
3773,17.263185501098633,1.484799767843299,obse,cracker_scene1,70,old
3774,17.267570972442627,1.484799767843299,obse,cracker_scene1,70,old
3775,17.272284746170044,1.485089335762689,obse,cracker_scene1,70,old
3776,17.276607751846313,1.485089335762689,obse,cracker_scene1,70,old
3777,17.28125023841858,1.4847524515956074,obse,cracker_scene1,70,old
3778,17.28569984436035,1.4847524515956074,obse,cracker_scene1,70,old
3779,17.290223121643066,1.484885235539954,obse,cracker_scene1,70,old
3780,17.294543027877808,1.4851788678180702,obse,cracker_scene1,70,old
3781,17.299105405807495,1.48523335223289,obse,cracker_scene1,70,old
3782,17.303450345993042,1.48523335223289,obse,cracker_scene1,70,old
3783,17.308003187179565,1.4862578362361747,obse,cracker_scene1,70,old
3784,17.312486171722412,1.4865103720768156,obse,cracker_scene1,70,old
3785,17.317116022109985,1.4865103720768156,obse,cracker_scene1,70,old
3786,17.321962594985962,1.4866683694475347,obse,cracker_scene1,70,old
3787,17.32612109184265,1.4866683694475347,obse,cracker_scene1,70,old
3788,17.330586433410645,1.4856993103133087,obse,cracker_scene1,70,old
3789,17.334903717041016,1.4856993103133087,obse,cracker_scene1,70,old
3790,17.339979648590088,1.486361169014427,obse,cracker_scene1,70,old
3791,17.3448543548584,1.4860257115583755,obse,cracker_scene1,70,old
3792,17.34997797012329,1.4862076693229467,obse,cracker_scene1,70,old
3793,17.354540586471558,1.4866713413888943,obse,cracker_scene1,70,old
3794,17.35883665084839,1.4866713413888943,obse,cracker_scene1,70,old
3795,17.363513708114624,1.4879681996442589,obse,cracker_scene1,70,old
3796,17.36790156364441,1.4879681996442589,obse,cracker_scene1,70,old
3797,17.37244462966919,1.4881428415711415,obse,cracker_scene1,70,old
3798,17.37679433822632,1.4881428415711415,obse,cracker_scene1,70,old
3799,17.38144040107727,1.4888446599750855,obse,cracker_scene1,70,old
3800,17.385730743408203,1.4888446599750855,obse,cracker_scene1,70,old
3801,17.390356302261353,1.488388627563757,obse,cracker_scene1,70,old
3802,17.394728660583496,1.4886481752500833,obse,cracker_scene1,70,old
3803,17.399264574050903,1.4888516858891911,obse,cracker_scene1,70,old
3804,17.403907775878906,1.4888226691908928,obse,cracker_scene1,70,old
3805,17.408340215682983,1.4891093140158054,obse,cracker_scene1,70,old
3806,17.412721395492554,1.4899148444051162,obse,cracker_scene1,70,old
3807,17.41735315322876,1.4899148444051162,obse,cracker_scene1,70,old
3808,17.421855926513672,1.4903676607462453,obse,cracker_scene1,70,old
3809,17.42623233795166,1.4903676607462453,obse,cracker_scene1,70,old
3810,17.430912256240845,1.4906703484624373,obse,cracker_scene1,70,old
3811,17.435471773147583,1.4906703484624373,obse,cracker_scene1,70,old
3812,17.440111875534058,1.4900931820497139,obse,cracker_scene1,70,old
3813,17.44442367553711,1.4900997026279148,obse,cracker_scene1,70,old
3814,17.449033498764038,1.4903168728305731,obse,cracker_scene1,70,old
3815,17.453485012054443,1.4901596747386598,obse,cracker_scene1,70,old
3816,17.45796489715576,1.4901596747386598,obse,cracker_scene1,70,old
3817,17.46223735809326,1.491202671320651,obse,cracker_scene1,70,old
3818,17.466862678527832,1.491396943733581,obse,cracker_scene1,70,old
3819,17.471277475357056,1.4917040787064373,obse,cracker_scene1,70,old
3820,17.475860834121704,1.4917040787064373,obse,cracker_scene1,70,old
3821,17.480897903442383,1.4921430941216602,obse,cracker_scene1,70,old
3822,17.48544192314148,1.4921430941216602,obse,cracker_scene1,70,old
3823,17.490100622177124,1.4911874771215832,obse,cracker_scene1,70,old
3824,17.494560480117798,1.4915519165110904,obse,cracker_scene1,70,old
3825,17.499347925186157,1.4921072371527746,obse,cracker_scene1,70,old
3826,17.504239082336426,1.4923810235968942,obse,cracker_scene1,70,old
3827,17.508660554885864,1.4923810235968942,obse,cracker_scene1,70,old
3828,17.513478755950928,1.4923810235968942,obse,cracker_scene1,70,old
3829,17.51812195777893,1.492842657305621,obse,cracker_scene1,70,old
3830,17.52250909805298,1.492842657305621,obse,cracker_scene1,70,old
3831,17.526999711990356,1.4936682751955912,obse,cracker_scene1,70,old
3832,17.531359434127808,1.4941571320364275,obse,cracker_scene1,70,old
3833,17.535943746566772,1.493099844266796,obse,cracker_scene1,70,old
3834,17.540900945663452,1.4933480055846946,obse,cracker_scene1,70,old
3835,17.545538663864136,1.4933480055846946,obse,cracker_scene1,70,old
3836,17.55037832260132,1.494730871026344,obse,cracker_scene1,70,old
3837,17.554814338684082,1.494730871026344,obse,cracker_scene1,70,old
3838,17.55951690673828,1.4939555213228806,obse,cracker_scene1,70,old
3839,17.56427764892578,1.49443418539804,obse,cracker_scene1,70,old
3840,17.568945169448853,1.4944266942205742,obse,cracker_scene1,70,old
3841,17.5737464427948,1.4944266942205742,obse,cracker_scene1,70,old
3842,17.578359127044678,1.4953799415707723,obse,cracker_scene1,70,old
3843,17.583143711090088,1.4962543201845442,obse,cracker_scene1,70,old
3844,17.58775806427002,1.4965469362005965,obse,cracker_scene1,70,old
3845,17.59246015548706,1.4965432831767869,obse,cracker_scene1,70,old
3846,17.59729790687561,1.496240146751287,obse,cracker_scene1,70,old
3847,17.6020085811615,1.496240146751287,obse,cracker_scene1,70,old
3848,17.6068913936615,1.4971071661257955,obse,cracker_scene1,70,old
3849,17.61145567893982,1.4971071661257955,obse,cracker_scene1,70,old
3850,17.616275548934937,1.4974621484830086,obse,cracker_scene1,70,old
3851,17.620718717575073,1.4974621484830086,obse,cracker_scene1,70,old
3852,17.625471353530884,1.4974692296387628,obse,cracker_scene1,70,old
3853,17.62990665435791,1.4974692296387628,obse,cracker_scene1,70,old
3854,17.634740114212036,1.4979980176215966,obse,cracker_scene1,70,old
3855,17.63970422744751,1.4979980176215966,obse,cracker_scene1,70,old
3856,17.64415192604065,1.4980381327696515,obse,cracker_scene1,70,old
3857,17.648799419403076,1.4980381327696515,obse,cracker_scene1,70,old
3858,17.653362274169922,1.4974100010293583,obse,cracker_scene1,70,old
3859,17.657835006713867,1.4976587835401052,obse,cracker_scene1,70,old
3860,17.662503957748413,1.4976587835401052,obse,cracker_scene1,70,old
3861,17.667404413223267,1.4989009709282248,obse,cracker_scene1,70,old
3862,17.67191243171692,1.4980885544046796,obse,cracker_scene1,70,old
3863,17.677326917648315,1.4998728567089596,obse,cracker_scene1,70,old
3864,17.682374000549316,1.500057870640573,obse,cracker_scene1,70,old
3865,17.687408924102783,1.4991960951897916,obse,cracker_scene1,70,old
3866,17.692260026931763,1.4991960951897916,obse,cracker_scene1,70,old
3867,17.697546005249023,1.500560210035311,obse,cracker_scene1,70,old
3868,17.702385187149048,1.500560210035311,obse,cracker_scene1,70,old
3869,17.70733642578125,1.5008709801698261,obse,cracker_scene1,70,old
3870,17.711947441101074,1.5001865923153002,obse,cracker_scene1,70,old
3871,17.716709852218628,1.5001865923153002,obse,cracker_scene1,70,old
3872,17.721514463424683,1.5004078654502306,obse,cracker_scene1,70,old
3873,17.72597646713257,1.5004078654502306,obse,cracker_scene1,70,old
3874,17.730741262435913,1.502136936082918,obse,cracker_scene1,70,old
3875,17.73540234565735,1.502136936082918,obse,cracker_scene1,70,old
3876,17.740222215652466,1.5024138181698357,obse,cracker_scene1,70,old
3877,17.744776487350464,1.5024138181698357,obse,cracker_scene1,70,old
3878,17.749663829803467,1.5029302974409031,obse,cracker_scene1,70,old
3879,17.754387378692627,1.50241296889351,obse,cracker_scene1,70,old
3880,17.759187936782837,1.50241296889351,obse,cracker_scene1,70,old
3881,17.76437497138977,1.5025308418387233,obse,cracker_scene1,70,old
3882,17.768786191940308,1.5025308418387233,obse,cracker_scene1,70,old
3883,17.77359962463379,1.5037196620968816,obse,cracker_scene1,70,old
3884,17.778512477874756,1.5037196620968816,obse,cracker_scene1,70,old
3885,17.783259630203247,1.5040610633362226,obse,cracker_scene1,70,old
3886,17.788061141967773,1.5043498240506308,obse,cracker_scene1,70,old
3887,17.79260277748108,1.5043498240506308,obse,cracker_scene1,70,old
3888,17.797630071640015,1.5047359521926627,obse,cracker_scene1,70,old
3889,17.802302360534668,1.5047359521926627,obse,cracker_scene1,70,old
3890,17.806989908218384,1.5034404871571834,obse,cracker_scene1,70,old
3891,17.811302423477173,1.5037487199482218,obse,cracker_scene1,70,old
3892,17.815974235534668,1.5038149856936762,obse,cracker_scene1,70,old
3893,17.820232629776,1.5041532958331691,obse,cracker_scene1,70,old
3894,17.824841499328613,1.5041532958331691,obse,cracker_scene1,70,old
3895,17.82921552658081,1.5057119785585673,obse,cracker_scene1,70,old
3896,17.833519458770752,1.5057119785585673,obse,cracker_scene1,70,old
3897,17.837931156158447,1.506098238441134,obse,cracker_scene1,70,old
3898,17.843149185180664,1.506098238441134,obse,cracker_scene1,70,old
3899,17.847820281982422,1.5063928555447772,obse,cracker_scene1,70,old
3900,17.85201334953308,1.5063928555447772,obse,cracker_scene1,70,old
3901,17.856637001037598,1.5057992966704843,obse,cracker_scene1,70,old
3902,17.860996961593628,1.5057992966704843,obse,cracker_scene1,70,old
3903,17.86556124687195,1.5071535911361726,obse,cracker_scene1,70,old
3904,17.869823694229126,1.5071535911361726,obse,cracker_scene1,70,old
3905,17.874435424804688,1.5078659056674635,obse,cracker_scene1,70,old
3906,17.87897515296936,1.508058503458554,obse,cracker_scene1,70,old
3907,17.883451223373413,1.508058503458554,obse,cracker_scene1,70,old
3908,17.88835644721985,1.5075602147129263,obse,cracker_scene1,70,old
3909,17.89320731163025,1.5075602147129263,obse,cracker_scene1,70,old
3910,17.897908687591553,1.5090055359326975,obse,cracker_scene1,70,old
3911,17.90210747718811,1.5090055359326975,obse,cracker_scene1,70,old
3912,17.906758546829224,1.508337766014935,obse,cracker_scene1,70,old
3913,17.910942554473877,1.508337766014935,obse,cracker_scene1,70,old
3914,17.91556429862976,1.50799329419005,obse,cracker_scene1,70,old
3915,17.920011043548584,1.50799329419005,obse,cracker_scene1,70,old
3916,17.924440145492554,1.5081895664582143,obse,cracker_scene1,70,old
3917,17.928736448287964,1.5081895664582143,obse,cracker_scene1,70,old
3918,17.93323850631714,1.5086479590297426,obse,cracker_scene1,70,old
3919,17.937570810317993,1.5086479590297426,obse,cracker_scene1,70,old
3920,17.94213604927063,1.510684565885212,obse,cracker_scene1,70,old
3921,17.94682025909424,1.510684565885212,obse,cracker_scene1,70,old
3922,17.951236486434937,1.5095181714971364,obse,cracker_scene1,70,old
3923,17.95697593688965,1.5095181714971364,obse,cracker_scene1,70,old
3924,17.963549852371216,1.5098104554497729,obse,cracker_scene1,70,old
3925,17.968438625335693,1.510119105618764,obse,cracker_scene1,70,old
3926,17.9726243019104,1.510119105618764,obse,cracker_scene1,70,old
3927,17.97814631462097,1.5124028421672575,obse,cracker_scene1,70,old
3928,17.984741926193237,1.5124028421672575,obse,cracker_scene1,70,old
3929,17.98947834968567,1.5124028421672575,obse,cracker_scene1,70,old
3930,17.99370837211609,1.512243587444444,obse,cracker_scene1,70,old
3931,17.99792718887329,1.512243587444444,obse,cracker_scene1,70,old
3932,18.00321912765503,1.5115800122890803,obse,cracker_scene1,70,old
3933,18.00751805305481,1.5115800122890803,obse,cracker_scene1,70,old
3934,18.011735677719116,1.5115800122890803,obse,cracker_scene1,70,old
3935,18.017377376556396,1.5120071818397216,obse,cracker_scene1,70,old
3936,18.021787643432617,1.5132570740129276,obse,cracker_scene1,70,old
3937,18.026155710220337,1.5132570740129276,obse,cracker_scene1,70,old
3938,18.030505657196045,1.5132570740129276,obse,cracker_scene1,70,old
3939,18.034809350967407,1.5137443427327577,obse,cracker_scene1,70,old
3940,18.039303064346313,1.5137443427327577,obse,cracker_scene1,70,old
3941,18.043717861175537,1.513991462664844,obse,cracker_scene1,70,old
3942,18.048382997512817,1.513991462664844,obse,cracker_scene1,70,old
3943,18.052913427352905,1.5144673253819105,obse,cracker_scene1,70,old
3944,18.057922840118408,1.5137618466410299,obse,cracker_scene1,70,old
3945,18.062634229660034,1.5137618466410299,obse,cracker_scene1,70,old
3946,18.067082405090332,1.5137618466410299,obse,cracker_scene1,70,old
3947,18.071694374084473,1.51410707059678,obse,cracker_scene1,70,old
3948,18.076380491256714,1.514518129498847,obse,cracker_scene1,70,old
3949,18.081012725830078,1.5166665789814653,obse,cracker_scene1,70,old
3950,18.0857036113739,1.5170841409301534,obse,cracker_scene1,70,old
3951,18.090489864349365,1.517427619457389,obse,cracker_scene1,70,old
3952,18.09516477584839,1.5176167331716313,obse,cracker_scene1,70,old
3953,18.099758863449097,1.5176167331716313,obse,cracker_scene1,70,old
3954,18.104133129119873,1.5176369718152953,obse,cracker_scene1,70,old
3955,18.108574151992798,1.5176369718152953,obse,cracker_scene1,70,old
3956,18.113027811050415,1.518489772413905,obse,cracker_scene1,70,old
3957,18.11753797531128,1.518489772413905,obse,cracker_scene1,70,old
3958,18.122122764587402,1.5183441841506458,obse,cracker_scene1,70,old
3959,18.126629114151,1.5183441841506458,obse,cracker_scene1,70,old
3960,18.1319317817688,1.5197973907998836,obse,cracker_scene1,70,old
3961,18.13735294342041,1.5195022717288031,obse,cracker_scene1,70,old
3962,18.142104387283325,1.5195022717288031,obse,cracker_scene1,70,old
3963,18.146884441375732,1.5206506545579002,obse,cracker_scene1,70,old
3964,18.15146565437317,1.5206506545579002,obse,cracker_scene1,70,old
3965,18.15623164176941,1.5209846749741365,obse,cracker_scene1,70,old
3966,18.160624504089355,1.5209846749741365,obse,cracker_scene1,70,old
3967,18.165491342544556,1.5207787058291107,obse,cracker_scene1,70,old
3968,18.170008897781372,1.5218242137846278,obse,cracker_scene1,70,old
3969,18.17466378211975,1.5218242137846278,obse,cracker_scene1,70,old
3970,18.179149389266968,1.5222025569355635,obse,cracker_scene1,70,old
3971,18.183807134628296,1.5222025569355635,obse,cracker_scene1,70,old
3972,18.188273429870605,1.5217337878790005,obse,cracker_scene1,70,old
3973,18.192665815353394,1.5217337878790005,obse,cracker_scene1,70,old
3974,18.197224378585815,1.5230035214748465,obse,cracker_scene1,70,old
3975,18.20158624649048,1.5230035214748465,obse,cracker_scene1,70,old
3976,18.206392288208008,1.5229719185996435,obse,cracker_scene1,70,old
3977,18.210804224014282,1.5229719185996435,obse,cracker_scene1,70,old
3978,18.216279983520508,1.5235399545932244,obse,cracker_scene1,70,old
3979,18.221254587173462,1.522933561887709,obse,cracker_scene1,70,old
3980,18.226104974746704,1.522933561887709,obse,cracker_scene1,70,old
3981,18.23103380203247,1.5246369369605777,obse,cracker_scene1,70,old
3982,18.235794067382812,1.5246369369605777,obse,cracker_scene1,70,old
3983,18.24078345298767,1.525310836517419,obse,cracker_scene1,70,old
3984,18.2458598613739,1.524900331866764,obse,cracker_scene1,70,old
3985,18.251263856887817,1.524900331866764,obse,cracker_scene1,70,old
3986,18.25663113594055,1.525668323003944,obse,cracker_scene1,70,old
3987,18.26144289970398,1.5252085424358235,obse,cracker_scene1,70,old
3988,18.266549348831177,1.5259439714936267,obse,cracker_scene1,70,old
3989,18.27144718170166,1.526209973571592,obse,cracker_scene1,70,old
3990,18.276636362075806,1.526209973571592,obse,cracker_scene1,70,old
3991,18.282039165496826,1.5275770899872585,obse,cracker_scene1,70,old
3992,18.286346435546875,1.5264931349780575,obse,cracker_scene1,70,old
3993,18.290875911712646,1.5272028340778014,obse,cracker_scene1,70,old
3994,18.295172214508057,1.5277777957459957,obse,cracker_scene1,70,old
3995,18.299695014953613,1.5277777957459957,obse,cracker_scene1,70,old
3996,18.30408000946045,1.5294451096094752,obse,cracker_scene1,70,old
3997,18.308817148208618,1.5294451096094752,obse,cracker_scene1,70,old
3998,18.31413745880127,1.5300113924242345,obse,cracker_scene1,70,old
3999,18.31909489631653,1.5300113924242345,obse,cracker_scene1,70,old
4000,18.32435393333435,1.5295234777205575,obse,cracker_scene1,70,old
4001,18.329252004623413,1.5304210662865794,obse,cracker_scene1,70,old
4002,18.334266901016235,1.5304210662865794,obse,cracker_scene1,70,old
4003,18.339590311050415,1.5309888650810386,obse,cracker_scene1,70,old
4004,18.344526290893555,1.5309888650810386,obse,cracker_scene1,70,old
4005,18.34969162940979,1.5307243883513548,obse,cracker_scene1,70,old
4006,18.35425353050232,1.5322328655487416,obse,cracker_scene1,70,old
4007,18.35879611968994,1.5322328655487416,obse,cracker_scene1,70,old
4008,18.36348271369934,1.5327775914425974,obse,cracker_scene1,70,old
4009,18.367757081985474,1.5327775914425974,obse,cracker_scene1,70,old
4010,18.372402667999268,1.5331450074657136,obse,cracker_scene1,70,old
4011,18.37673568725586,1.5331450074657136,obse,cracker_scene1,70,old
4012,18.38158082962036,1.53273065107547,obse,cracker_scene1,70,old
4013,18.385698556900024,1.53273065107547,obse,cracker_scene1,70,old
4014,18.390448331832886,1.5334091530050022,obse,cracker_scene1,70,old
4015,18.394777297973633,1.5334091530050022,obse,cracker_scene1,70,old
4016,18.399355173110962,1.5345692823384853,obse,cracker_scene1,70,old
4017,18.403813123703003,1.5347925380316676,obse,cracker_scene1,70,old
4018,18.40886926651001,1.5336545800093475,obse,cracker_scene1,70,old
4019,18.413817405700684,1.5339547863517904,obse,cracker_scene1,70,old
4020,18.41861891746521,1.5339547863517904,obse,cracker_scene1,70,old
4021,18.423763036727905,1.5353271427201545,obse,cracker_scene1,70,old
4022,18.428233861923218,1.5353271427201545,obse,cracker_scene1,70,old
4023,18.432990074157715,1.5355725922493582,obse,cracker_scene1,70,old
4024,18.438575983047485,1.5353558214800689,obse,cracker_scene1,70,old
4025,18.443204641342163,1.5353558214800689,obse,cracker_scene1,70,old
4026,18.44861388206482,1.536542047550073,obse,cracker_scene1,70,old
4027,18.454773664474487,1.5365802228001852,obse,cracker_scene1,70,old
4028,18.460472583770752,1.5369687823794767,obse,cracker_scene1,70,old
4029,18.465251684188843,1.5374157810480433,obse,cracker_scene1,70,old
4030,18.469604969024658,1.5376569425074216,obse,cracker_scene1,70,old
4031,18.474546670913696,1.5376569425074216,obse,cracker_scene1,70,old
4032,18.479220151901245,1.5374337184647136,obse,cracker_scene1,70,old
4033,18.48454189300537,1.5374337184647136,obse,cracker_scene1,70,old
4034,18.489539861679077,1.537737438942874,obse,cracker_scene1,70,old
4035,18.494290351867676,1.5378366282751559,obse,cracker_scene1,70,old
4036,18.498889923095703,1.538501272349147,obse,cracker_scene1,70,old
4037,18.503296375274658,1.5391038308735165,obse,cracker_scene1,70,old
4038,18.508315563201904,1.5391038308735165,obse,cracker_scene1,70,old
4039,18.513213396072388,1.5392831573149568,obse,cracker_scene1,70,old
4040,18.51818299293518,1.5392831573149568,obse,cracker_scene1,70,old
4041,18.523224353790283,1.539756001602714,obse,cracker_scene1,70,old
4042,18.528475284576416,1.5392678795084604,obse,cracker_scene1,70,old
4043,18.533241510391235,1.5392678795084604,obse,cracker_scene1,70,old
4044,18.538423776626587,1.5404700390194588,obse,cracker_scene1,70,old
4045,18.543184757232666,1.5404700390194588,obse,cracker_scene1,70,old
4046,18.548256874084473,1.5408650174347764,obse,cracker_scene1,70,old
4047,18.552833795547485,1.5408650174347764,obse,cracker_scene1,70,old
4048,18.558180809020996,1.5402714511832887,obse,cracker_scene1,70,old
4049,18.56279683113098,1.5405402810972282,obse,cracker_scene1,70,old
4050,18.567823886871338,1.5405402810972282,obse,cracker_scene1,70,old
4051,18.572899341583252,1.5418210359147215,obse,cracker_scene1,70,old
4052,18.577651262283325,1.5409452274920037,obse,cracker_scene1,70,old
4053,18.582674980163574,1.5415432625217962,obse,cracker_scene1,70,old
4054,18.587406158447266,1.5420302121140885,obse,cracker_scene1,70,old
4055,18.59255623817444,1.5420302121140885,obse,cracker_scene1,70,old
4056,18.597558975219727,1.5434683300149787,obse,cracker_scene1,70,old
4057,18.60196328163147,1.5434683300149787,obse,cracker_scene1,70,old
4058,18.60684561729431,1.5431214725676385,obse,cracker_scene1,70,old
4059,18.61112332344055,1.5427245882057044,obse,cracker_scene1,70,old
4060,18.615662336349487,1.5431262807703083,obse,cracker_scene1,70,old
4061,18.619986534118652,1.5445677100508188,obse,cracker_scene1,70,old
4062,18.624481916427612,1.5445677100508188,obse,cracker_scene1,70,old
4063,18.628846883773804,1.544548613648506,obse,cracker_scene1,70,old
4064,18.633286237716675,1.5449772020968382,obse,cracker_scene1,70,old
4065,18.637637615203857,1.5458453002771044,obse,cracker_scene1,70,old
4066,18.642042636871338,1.5458453002771044,obse,cracker_scene1,70,old
4067,18.64665460586548,1.5453692780803125,obse,cracker_scene1,70,old
4068,18.65099787712097,1.5453692780803125,obse,cracker_scene1,70,old
4069,18.655436992645264,1.5455769116762674,obse,cracker_scene1,70,old
4070,18.659906148910522,1.5455769116762674,obse,cracker_scene1,70,old
4071,18.664685010910034,1.5457781376750743,obse,cracker_scene1,70,old
4072,18.668996334075928,1.5457781376750743,obse,cracker_scene1,70,old
4073,18.67316222190857,1.5457781376750743,obse,cracker_scene1,70,old
4074,18.677738189697266,1.546971078713562,obse,cracker_scene1,70,old
4075,18.683065176010132,1.5466623027199216,obse,cracker_scene1,70,old
4076,18.688024520874023,1.5470188649027872,obse,cracker_scene1,70,old
4077,18.692434310913086,1.5470188649027872,obse,cracker_scene1,70,old
4078,18.697235107421875,1.5482991550475322,obse,cracker_scene1,70,old
4079,18.702195405960083,1.5482991550475322,obse,cracker_scene1,70,old
4080,18.707122325897217,1.5480482448674637,obse,cracker_scene1,70,old
4081,18.711990356445312,1.548086306315172,obse,cracker_scene1,70,old
4082,18.717031002044678,1.5485036752747456,obse,cracker_scene1,70,old
4083,18.722103118896484,1.5485091880142932,obse,cracker_scene1,70,old
4084,18.727104663848877,1.5490542092148,obse,cracker_scene1,70,old
4085,18.73235321044922,1.5496198693597183,obse,cracker_scene1,70,old
4086,18.73720669746399,1.5496198693597183,obse,cracker_scene1,70,old
4087,18.7421772480011,1.550677838619734,obse,cracker_scene1,70,old
4088,18.747076272964478,1.550677838619734,obse,cracker_scene1,70,old
4089,18.752267837524414,1.5501148675345844,obse,cracker_scene1,70,old
4090,18.75701141357422,1.5501148675345844,obse,cracker_scene1,70,old
4091,18.761685609817505,1.5504282730361192,obse,cracker_scene1,70,old
4092,18.766873121261597,1.5506374748194496,obse,cracker_scene1,70,old
4093,18.77198028564453,1.5512964002467786,obse,cracker_scene1,70,old
4094,18.777039766311646,1.5521033546056442,obse,cracker_scene1,70,old
4095,18.78195595741272,1.5528280338865255,obse,cracker_scene1,70,old
4096,18.7867488861084,1.5528280338865255,obse,cracker_scene1,70,old
4097,18.79166269302368,1.5524365657875236,obse,cracker_scene1,70,old
4098,18.796737670898438,1.5524365657875236,obse,cracker_scene1,70,old
4099,18.80192470550537,1.5537811216417436,obse,cracker_scene1,70,old
4100,18.806784868240356,1.5537811216417436,obse,cracker_scene1,70,old
4101,18.811728477478027,1.5533460227192668,obse,cracker_scene1,70,old
4102,18.81637454032898,1.5549260841871373,obse,cracker_scene1,70,old
4103,18.821352005004883,1.5549260841871373,obse,cracker_scene1,70,old
4104,18.826436519622803,1.554935517830562,obse,cracker_scene1,70,old
4105,18.831356525421143,1.554935517830562,obse,cracker_scene1,70,old
4106,18.83627438545227,1.554935517830562,obse,cracker_scene1,70,old
4107,18.841469049453735,1.5565555650341523,obse,cracker_scene1,70,old
4108,18.846089839935303,1.5565004080168316,obse,cracker_scene1,70,old
4109,18.851369380950928,1.5569087889149955,obse,cracker_scene1,70,old
4110,18.856311321258545,1.557600446590759,obse,cracker_scene1,70,old
4111,18.861180067062378,1.557600446590759,obse,cracker_scene1,70,old
4112,18.86597514152527,1.558259155628277,obse,cracker_scene1,70,old
4113,18.87103271484375,1.558966924256005,obse,cracker_scene1,70,old
4114,18.876057624816895,1.558350829035489,obse,cracker_scene1,70,old
4115,18.8815860748291,1.5603021069852607,obse,cracker_scene1,70,old
4116,18.886948823928833,1.5597592672534377,obse,cracker_scene1,70,old
4117,18.892290592193604,1.5612936597432396,obse,cracker_scene1,70,old
4118,18.897502422332764,1.5615139085436613,obse,cracker_scene1,70,old
4119,18.901814937591553,1.5615139085436613,obse,cracker_scene1,70,old
4120,18.906411170959473,1.5625804718506435,obse,cracker_scene1,70,old
4121,18.910748958587646,1.5625804718506435,obse,cracker_scene1,70,old
4122,18.915542364120483,1.5622113986638038,obse,cracker_scene1,70,old
4123,18.919819593429565,1.5636612129216516,obse,cracker_scene1,70,old
4124,18.92455530166626,1.5636612129216516,obse,cracker_scene1,70,old
4125,18.92893147468567,1.5644260068796827,obse,cracker_scene1,70,old
4126,18.933393239974976,1.5644260068796827,obse,cracker_scene1,70,old
4127,18.938032150268555,1.5636601947531013,obse,cracker_scene1,70,old
4128,18.942755460739136,1.5636601947531013,obse,cracker_scene1,70,old
4129,18.947560787200928,1.5650042670331077,obse,cracker_scene1,70,old
4130,18.951798915863037,1.5650042670331077,obse,cracker_scene1,70,old
4131,18.956315994262695,1.5654177560857478,obse,cracker_scene1,70,old
4132,18.960718870162964,1.5654177560857478,obse,cracker_scene1,70,old
4133,18.96534824371338,1.5657687382363124,obse,cracker_scene1,70,old
4134,18.969736576080322,1.5663717185781634,obse,cracker_scene1,70,old
4135,18.974245071411133,1.5663717185781634,obse,cracker_scene1,70,old
4136,18.97871971130371,1.5658202631643485,obse,cracker_scene1,70,old
4137,18.98333716392517,1.5658202631643485,obse,cracker_scene1,70,old
4138,18.987658739089966,1.5668043747969653,obse,cracker_scene1,70,old
4139,18.992206811904907,1.5668043747969653,obse,cracker_scene1,70,old
4140,18.996628284454346,1.566223908979361,obse,cracker_scene1,70,old
4141,19.00102972984314,1.566223908979361,obse,cracker_scene1,70,old
4142,19.005500078201294,1.5671472177470003,obse,cracker_scene1,70,old
4143,19.009752988815308,1.5671472177470003,obse,cracker_scene1,70,old
4144,19.01443314552307,1.567451910706076,obse,cracker_scene1,70,old
4145,19.01867413520813,1.567451910706076,obse,cracker_scene1,70,old
4146,19.023324251174927,1.5665708662291555,obse,cracker_scene1,70,old
4147,19.027687788009644,1.56768460834187,obse,cracker_scene1,70,old
4148,19.032275676727295,1.567881393085032,obse,cracker_scene1,70,old
4149,19.03659224510193,1.5671415465773153,obse,cracker_scene1,70,old
4150,19.04124641418457,1.5672036402400984,obse,cracker_scene1,70,old
4151,19.045674085617065,1.56692934187903,obse,cracker_scene1,70,old
4152,19.050062656402588,1.56692934187903,obse,cracker_scene1,70,old
4153,19.05456233024597,1.5681297139262673,obse,cracker_scene1,70,old
4154,19.058841466903687,1.5681297139262673,obse,cracker_scene1,70,old
4155,19.06330370903015,1.568157934945524,obse,cracker_scene1,70,old
4156,19.067731618881226,1.568157934945524,obse,cracker_scene1,70,old
4157,19.072469472885132,1.5676842739749377,obse,cracker_scene1,70,old
4158,19.07664132118225,1.5676842739749377,obse,cracker_scene1,70,old
4159,19.081331491470337,1.5672225463993357,obse,cracker_scene1,70,old
4160,19.08548402786255,1.5672225463993357,obse,cracker_scene1,70,old
4161,19.090045928955078,1.567648875240991,obse,cracker_scene1,70,old
4162,19.094794273376465,1.5678141253958593,obse,cracker_scene1,70,old
4163,19.09937620162964,1.5678141253958593,obse,cracker_scene1,70,old
4164,19.10398840904236,1.5679074431759785,obse,cracker_scene1,70,old
4165,19.108675479888916,1.568010262455152,obse,cracker_scene1,70,old
4166,19.113006114959717,1.568010262455152,obse,cracker_scene1,70,old
4167,19.117701768875122,1.5690691114028557,obse,cracker_scene1,70,old
4168,19.12203621864319,1.5690691114028557,obse,cracker_scene1,70,old
4169,19.1267511844635,1.5692297029756341,obse,cracker_scene1,70,old
4170,19.13124394416809,1.5692297029756341,obse,cracker_scene1,70,old
4171,19.135985374450684,1.5683679671117954,obse,cracker_scene1,70,old
4172,19.140456199645996,1.5683679671117954,obse,cracker_scene1,70,old
4173,19.14497685432434,1.5685235572958263,obse,cracker_scene1,70,old
4174,19.14973473548889,1.568480051493795,obse,cracker_scene1,70,old
4175,19.15446662902832,1.5687352879662066,obse,cracker_scene1,70,old
4176,19.159207820892334,1.5698572049162935,obse,cracker_scene1,70,old
4177,19.163820028305054,1.5700136367896587,obse,cracker_scene1,70,old
4178,19.168222665786743,1.5700840587648495,obse,cracker_scene1,70,old
4179,19.17298173904419,1.570254127408056,obse,cracker_scene1,70,old
4180,19.177711486816406,1.5692896551579922,obse,cracker_scene1,70,old
4181,19.182377099990845,1.5692896551579922,obse,cracker_scene1,70,old
4182,19.18711829185486,1.5694223301870132,obse,cracker_scene1,70,old
4183,19.191871643066406,1.5694223301870132,obse,cracker_scene1,70,old
4184,19.196334838867188,1.569705705604199,obse,cracker_scene1,70,old
4185,19.200745582580566,1.569705705604199,obse,cracker_scene1,70,old
4186,19.205487489700317,1.5711146786200514,obse,cracker_scene1,70,old
4187,19.209837436676025,1.5711146786200514,obse,cracker_scene1,70,old
4188,19.21467876434326,1.5702403158695537,obse,cracker_scene1,70,old
4189,19.2190043926239,1.5702403158695537,obse,cracker_scene1,70,old
4190,19.223363161087036,1.5702418982170618,obse,cracker_scene1,70,old
4191,19.227781772613525,1.5702289417635082,obse,cracker_scene1,70,old
4192,19.23231291770935,1.5702289417635082,obse,cracker_scene1,70,old
4193,19.23693609237671,1.5711603005692725,obse,cracker_scene1,70,old
4194,19.241672039031982,1.5700825320875573,obse,cracker_scene1,70,old
4195,19.246378421783447,1.5700825320875573,obse,cracker_scene1,70,old
4196,19.250879526138306,1.5700825320875573,obse,cracker_scene1,70,old
4197,19.25529146194458,1.5712381527351704,obse,cracker_scene1,70,old
4198,19.259888887405396,1.5701051466845115,obse,cracker_scene1,70,old
4199,19.26441717147827,1.5700507597869997,obse,cracker_scene1,70,old
4200,19.268900632858276,1.5700507597869997,obse,cracker_scene1,70,old
4201,19.273589611053467,1.5710427194387933,obse,cracker_scene1,70,old
4202,19.278584003448486,1.5704797585355674,obse,cracker_scene1,70,old
4203,19.283589124679565,1.5701642695656473,obse,cracker_scene1,70,old
4204,19.288233757019043,1.5704905462619356,obse,cracker_scene1,70,old
4205,19.292541980743408,1.5704905462619356,obse,cracker_scene1,70,old
4206,19.29706358909607,1.5701472027519054,obse,cracker_scene1,70,old
4207,19.301363945007324,1.5701472027519054,obse,cracker_scene1,70,old
4208,19.305944442749023,1.570197600320209,obse,cracker_scene1,70,old
4209,19.31015157699585,1.570197600320209,obse,cracker_scene1,70,old
4210,19.314661741256714,1.5700664969836895,obse,cracker_scene1,70,old
4211,19.318938732147217,1.5700664969836895,obse,cracker_scene1,70,old
4212,19.32366967201233,1.570103934384809,obse,cracker_scene1,70,old
4213,19.327863693237305,1.570103934384809,obse,cracker_scene1,70,old
4214,19.33259630203247,1.5714203658041246,obse,cracker_scene1,70,old
4215,19.337287187576294,1.5711616933106347,obse,cracker_scene1,70,old
4216,19.341630220413208,1.5711616933106347,obse,cracker_scene1,70,old
4217,19.34622073173523,1.570267493129613,obse,cracker_scene1,70,old
4218,19.350718021392822,1.570267493129613,obse,cracker_scene1,70,old
4219,19.355345010757446,1.5712748859742671,obse,cracker_scene1,70,old
4220,19.359504222869873,1.5712748859742671,obse,cracker_scene1,70,old
4221,19.364119291305542,1.5712108187011635,obse,cracker_scene1,70,old
4222,19.368549585342407,1.5712108187011635,obse,cracker_scene1,70,old
4223,19.373639822006226,1.5712279997918897,obse,cracker_scene1,70,old
4224,19.3801429271698,1.5712615763768474,obse,cracker_scene1,70,old
4225,19.38530135154724,1.5712615763768474,obse,cracker_scene1,70,old
4226,19.392011165618896,1.5702013586523247,obse,cracker_scene1,70,old
4227,19.398237466812134,1.571195634734889,obse,cracker_scene1,70,old
4228,19.40310502052307,1.5712895716019029,obse,cracker_scene1,70,old
4229,19.407761096954346,1.5712895716019029,obse,cracker_scene1,70,old
4230,19.41238570213318,1.5702516881182058,obse,cracker_scene1,70,old
4231,19.416821241378784,1.5702516881182058,obse,cracker_scene1,70,old
4232,19.421411991119385,1.5704667448679368,obse,cracker_scene1,70,old
4233,19.425856590270996,1.5704667448679368,obse,cracker_scene1,70,old
4234,19.430623292922974,1.5701224932244138,obse,cracker_scene1,70,old
4235,19.43485116958618,1.5701224932244138,obse,cracker_scene1,70,old
4236,19.439512968063354,1.5711913702652494,obse,cracker_scene1,70,old
4237,19.443851947784424,1.5711913702652494,obse,cracker_scene1,70,old
4238,19.448725938796997,1.5712102229408584,obse,cracker_scene1,70,old
4239,19.453017473220825,1.5704170729629707,obse,cracker_scene1,70,old
4240,19.457599878311157,1.5703632395844558,obse,cracker_scene1,70,old
4241,19.462031364440918,1.5712550798461988,obse,cracker_scene1,70,old
4242,19.466674089431763,1.5712550798461988,obse,cracker_scene1,70,old
4243,19.471226453781128,1.5704196706802174,obse,cracker_scene1,70,old
4244,19.47573709487915,1.5703576431608717,obse,cracker_scene1,70,old
4245,19.480443000793457,1.5705004024753988,obse,cracker_scene1,70,old
4246,19.484620571136475,1.5705004024753988,obse,cracker_scene1,70,old
4247,19.489282369613647,1.5704892217965467,obse,cracker_scene1,70,old
4248,19.493547677993774,1.5704892217965467,obse,cracker_scene1,70,old
4249,19.49827218055725,1.5711789678615977,obse,cracker_scene1,70,old
4250,19.50248670578003,1.5711789678615977,obse,cracker_scene1,70,old
4251,19.50721263885498,1.5712490906205137,obse,cracker_scene1,70,old
4252,19.51162362098694,1.5701687331477991,obse,cracker_scene1,70,old
4253,19.516165733337402,1.5701687331477991,obse,cracker_scene1,70,old
4254,19.520524501800537,1.5704642988129498,obse,cracker_scene1,70,old
4255,19.524975299835205,1.5704642988129498,obse,cracker_scene1,70,old
4256,19.529447078704834,1.570419666898828,obse,cracker_scene1,70,old
4257,19.53393578529358,1.5704332589954664,obse,cracker_scene1,70,old
4258,19.53840208053589,1.5713305731362457,obse,cracker_scene1,70,old
4259,19.542718648910522,1.5713305731362457,obse,cracker_scene1,70,old
4260,19.547364234924316,1.5712669785266407,obse,cracker_scene1,70,old
4261,19.551668643951416,1.5712669785266407,obse,cracker_scene1,70,old
4262,19.556265592575073,1.5711525372460375,obse,cracker_scene1,70,old
4263,19.5603985786438,1.5711525372460375,obse,cracker_scene1,70,old
4264,19.565227031707764,1.5712292814303952,obse,cracker_scene1,70,old
4265,19.569478034973145,1.5712292814303952,obse,cracker_scene1,70,old
4266,19.5741925239563,1.5704537831177205,obse,cracker_scene1,70,old
4267,19.57873558998108,1.570446951126618,obse,cracker_scene1,70,old
4268,19.583312511444092,1.570446951126618,obse,cracker_scene1,70,old
4269,19.58775782585144,1.5704728088864996,obse,cracker_scene1,70,old
4270,19.592105627059937,1.5704728088864996,obse,cracker_scene1,70,old
4271,19.596728801727295,1.5712855296198418,obse,cracker_scene1,70,old
4272,19.60089421272278,1.5712855296198418,obse,cracker_scene1,70,old
4273,19.605403900146484,1.57070681045818,obse,cracker_scene1,70,old
4274,19.609644889831543,1.57070681045818,obse,cracker_scene1,70,old
4275,19.614314317703247,1.571285031635977,obse,cracker_scene1,70,old
4276,19.618723392486572,1.571285031635977,obse,cracker_scene1,70,old
4277,19.62332773208618,1.5701239472910968,obse,cracker_scene1,70,old
4278,19.6275634765625,1.5701239472910968,obse,cracker_scene1,70,old
4279,19.632079362869263,1.5712504273147543,obse,cracker_scene1,70,old
4280,19.636486291885376,1.5702078539594062,obse,cracker_scene1,70,old
4281,19.64100170135498,1.5701862596892822,obse,cracker_scene1,70,old
4282,19.64542841911316,1.5706111224498036,obse,cracker_scene1,70,old
4283,19.6499125957489,1.5706111224498036,obse,cracker_scene1,70,old
4284,19.654398918151855,1.5711397070608628,obse,cracker_scene1,70,old
4285,19.658690214157104,1.5711397070608628,obse,cracker_scene1,70,old
4286,19.663224458694458,1.571146868270164,obse,cracker_scene1,70,old
4287,19.66763472557068,1.571146868270164,obse,cracker_scene1,70,old
4288,19.67203974723816,1.571224384803763,obse,cracker_scene1,70,old
4289,19.67628049850464,1.571224384803763,obse,cracker_scene1,70,old
4290,19.681034564971924,1.5711749602145275,obse,cracker_scene1,70,old
4291,19.685174703598022,1.5711749602145275,obse,cracker_scene1,70,old
4292,19.689589262008667,1.5704631853260107,obse,cracker_scene1,70,old
4293,19.693653106689453,1.5704631853260107,obse,cracker_scene1,70,old
4294,19.69820261001587,1.5713353547083697,obse,cracker_scene1,70,old
4295,19.70227885246277,1.5713353547083697,obse,cracker_scene1,70,old
4296,19.706833600997925,1.5712441036462952,obse,cracker_scene1,70,old
4297,19.711027145385742,1.571284944030836,obse,cracker_scene1,70,old
4298,19.71557927131653,1.5712448877011278,obse,cracker_scene1,70,old
4299,19.719730854034424,1.5712284274198884,obse,cracker_scene1,70,old
4300,19.72423529624939,1.5704382948819235,obse,cracker_scene1,70,old
4301,19.728408813476562,1.5703819809193158,obse,cracker_scene1,70,old
4302,19.732813119888306,1.5703848618837606,obse,cracker_scene1,70,old
4303,19.7371723651886,1.5712103241382431,obse,cracker_scene1,70,old
4304,19.74191689491272,1.5712103241382431,obse,cracker_scene1,70,old
4305,19.746582984924316,1.5713321357954406,obse,cracker_scene1,70,old
4306,19.751027584075928,1.5713321357954406,obse,cracker_scene1,70,old
4307,19.755743503570557,1.570287317375887,obse,cracker_scene1,70,old
4308,19.75995421409607,1.570287317375887,obse,cracker_scene1,70,old
4309,19.76476001739502,1.5705804719091576,obse,cracker_scene1,70,old
4310,19.76910376548767,1.5705804719091576,obse,cracker_scene1,70,old
4311,19.77381467819214,1.5703543133405988,obse,cracker_scene1,70,old
4312,19.778064012527466,1.5703543133405988,obse,cracker_scene1,70,old
4313,19.78293466567993,1.5703636433384354,obse,cracker_scene1,70,old
4314,19.787360668182373,1.571083493244629,obse,cracker_scene1,70,old
4315,19.791863203048706,1.571083493244629,obse,cracker_scene1,70,old
4316,19.79647946357727,1.5701714636037751,obse,cracker_scene1,70,old
4317,19.80078935623169,1.5701714636037751,obse,cracker_scene1,70,old
4318,19.805498600006104,1.5704178514084903,obse,cracker_scene1,70,old
4319,19.809688568115234,1.5704178514084903,obse,cracker_scene1,70,old
4320,19.814538717269897,1.5712731500971016,obse,cracker_scene1,70,old
4321,19.81876516342163,1.5712731500971016,obse,cracker_scene1,70,old
4322,19.823518753051758,1.5713043837691707,obse,cracker_scene1,70,old
4323,19.82776165008545,1.5713043837691707,obse,cracker_scene1,70,old
4324,19.83245587348938,1.570549001437496,obse,cracker_scene1,70,old
4325,19.836816549301147,1.5713121825842036,obse,cracker_scene1,70,old
4326,19.84135413169861,1.571288829067913,obse,cracker_scene1,70,old
4327,19.845744132995605,1.5712948093595926,obse,cracker_scene1,70,old
4328,19.85069465637207,1.5712948093595926,obse,cracker_scene1,70,old
4329,19.85541582107544,1.5712856672730133,obse,cracker_scene1,70,old
4330,19.859626054763794,1.5712856672730133,obse,cracker_scene1,70,old
4331,19.86435556411743,1.5704663834658712,obse,cracker_scene1,70,old
4332,19.868542432785034,1.5704663834658712,obse,cracker_scene1,70,old
4333,19.87325429916382,1.571131736817966,obse,cracker_scene1,70,old
4334,19.877471208572388,1.571131736817966,obse,cracker_scene1,70,old
4335,19.882463693618774,1.5701013092169784,obse,cracker_scene1,70,old
4336,19.887284755706787,1.5704161815974667,obse,cracker_scene1,70,old
4337,19.89182186126709,1.5704161815974667,obse,cracker_scene1,70,old
4338,19.89633536338806,1.5712380962910313,obse,cracker_scene1,70,old
4339,19.901066303253174,1.5712380962910313,obse,cracker_scene1,70,old
4340,19.906136512756348,1.571178408313398,obse,cracker_scene1,70,old
4341,19.910277366638184,1.571178408313398,obse,cracker_scene1,70,old
4342,19.9145405292511,1.571178408313398,obse,cracker_scene1,70,old
4343,19.9189350605011,1.571218524348052,obse,cracker_scene1,70,old
4344,19.923397302627563,1.5702263314368983,obse,cracker_scene1,70,old
4345,19.927796840667725,1.5704719269525897,obse,cracker_scene1,70,old
4346,19.93223738670349,1.5702352379185278,obse,cracker_scene1,70,old
4347,19.936657190322876,1.5702352379185278,obse,cracker_scene1,70,old
4348,19.941027402877808,1.5706243813799627,obse,cracker_scene1,70,old
4349,19.945261478424072,1.5706243813799627,obse,cracker_scene1,70,old
4350,19.949845790863037,1.5702634338138477,obse,cracker_scene1,70,old
4351,19.95410132408142,1.5702634338138477,obse,cracker_scene1,70,old
4352,19.95865535736084,1.570198872846352,obse,cracker_scene1,70,old
4353,19.96304702758789,1.570198872846352,obse,cracker_scene1,70,old
4354,19.967482089996338,1.5714582149253875,obse,cracker_scene1,70,old
4355,19.97177767753601,1.5705172533512988,obse,cracker_scene1,70,old
4356,19.97605848312378,1.5705172533512988,obse,cracker_scene1,70,old
4357,19.980507373809814,1.5713247409645952,obse,cracker_scene1,70,old
4358,19.98481845855713,1.5712773158019626,obse,cracker_scene1,70,old
4359,19.989306688308716,1.5704934657927279,obse,cracker_scene1,70,old
4360,19.993380308151245,1.5704934657927279,obse,cracker_scene1,70,old
4361,19.997979164123535,1.5705444619330828,obse,cracker_scene1,70,old
4362,20.002195119857788,1.5705025352886413,obse,cracker_scene1,70,old
4363,20.006747484207153,1.571287463733972,obse,cracker_scene1,70,old
4364,20.011210918426514,1.571287463733972,obse,cracker_scene1,70,old
4365,20.0154812335968,1.5711990269243703,obse,cracker_scene1,70,old
4366,20.019912481307983,1.5711990269243703,obse,cracker_scene1,70,old
4367,20.024216651916504,1.5712681101321824,obse,cracker_scene1,70,old
4368,20.02863383293152,1.5700618457882776,obse,cracker_scene1,70,old
4369,20.032838582992554,1.5700966140801453,obse,cracker_scene1,70,old
4370,20.037373304367065,1.5700966140801453,obse,cracker_scene1,70,old
4371,20.0415518283844,1.5704682175913138,obse,cracker_scene1,70,old
4372,20.046032905578613,1.5704958005072172,obse,cracker_scene1,70,old
4373,20.05045747756958,1.5704958005072172,obse,cracker_scene1,70,old
4374,20.05469536781311,1.5711847571606556,obse,cracker_scene1,70,old
4375,20.059410095214844,1.5704907281483838,obse,cracker_scene1,70,old
4376,20.063645601272583,1.5704907281483838,obse,cracker_scene1,70,old
4377,20.06804871559143,1.5713018565001828,obse,cracker_scene1,70,old
4378,20.072983026504517,1.5713133653912044,obse,cracker_scene1,70,old
4379,20.077892303466797,1.5701659077800434,obse,cracker_scene1,70,old
4380,20.083104133605957,1.5701028191083832,obse,cracker_scene1,70,old
4381,20.088050603866577,1.571223385011904,obse,cracker_scene1,70,old
4382,20.092604637145996,1.571223385011904,obse,cracker_scene1,70,old
4383,20.09779667854309,1.5704076178760635,obse,cracker_scene1,70,old
4384,20.102720975875854,1.5704076178760635,obse,cracker_scene1,70,old
4385,20.107741832733154,1.5704638007823188,obse,cracker_scene1,70,old
4386,20.112663745880127,1.5705903584202225,obse,cracker_scene1,70,old
4387,20.11758542060852,1.5705903584202225,obse,cracker_scene1,70,old
4388,20.122727155685425,1.5705638105206985,obse,cracker_scene1,70,old
4389,20.12749171257019,1.5705638105206985,obse,cracker_scene1,70,old
4390,20.133060693740845,1.5713141766666725,obse,cracker_scene1,70,old
4391,20.1373348236084,1.5713217811074447,obse,cracker_scene1,70,old
4392,20.141789197921753,1.5713731447140065,obse,cracker_scene1,70,old
4393,20.146260499954224,1.57130073580816,obse,cracker_scene1,70,old
4394,20.150795221328735,1.57130073580816,obse,cracker_scene1,70,old
4395,20.155494689941406,1.5701612790366735,obse,cracker_scene1,70,old
4396,20.159953594207764,1.5701612790366735,obse,cracker_scene1,70,old
4397,20.164817571640015,1.571188957744364,obse,cracker_scene1,70,old
4398,20.169321298599243,1.570282896865037,obse,cracker_scene1,70,old
4399,20.173991680145264,1.5703507902497806,obse,cracker_scene1,70,old
4400,20.17873787879944,1.5711996262274237,obse,cracker_scene1,70,old
4401,20.184000968933105,1.5711996262274237,obse,cracker_scene1,70,old
4402,20.189357042312622,1.5712161400882714,obse,cracker_scene1,70,old
4403,20.194487810134888,1.5711583356552863,obse,cracker_scene1,70,old
4404,20.199997663497925,1.5710957425547836,obse,cracker_scene1,70,old
4405,20.205125093460083,1.5710235055940158,obse,cracker_scene1,70,old
4406,20.209683179855347,1.5710235055940158,obse,cracker_scene1,70,old
4407,20.21466064453125,1.5711294552555612,obse,cracker_scene1,70,old
4408,20.21916389465332,1.5710763347255865,obse,cracker_scene1,70,old
4409,20.224374055862427,1.5711622424306588,obse,cracker_scene1,70,old
4410,20.229156970977783,1.5712805228935922,obse,cracker_scene1,70,old
4411,20.233681440353394,1.5712805228935922,obse,cracker_scene1,70,old
4412,20.238710403442383,1.5702171353701928,obse,cracker_scene1,70,old
4413,20.243096590042114,1.5702171353701928,obse,cracker_scene1,70,old
4414,20.248558282852173,1.570053413984466,obse,cracker_scene1,70,old
4415,20.253021955490112,1.570090773280299,obse,cracker_scene1,70,old
4416,20.25800061225891,1.5701702890633458,obse,cracker_scene1,70,old
4417,20.262624979019165,1.5712100296897242,obse,cracker_scene1,70,old
4418,20.267123699188232,1.5712100296897242,obse,cracker_scene1,70,old
4419,20.271829843521118,1.5712952934746864,obse,cracker_scene1,70,old
4420,20.276057243347168,1.5712952934746864,obse,cracker_scene1,70,old
4421,20.281317472457886,1.571356534978671,obse,cracker_scene1,70,old
4422,20.28579616546631,1.5701780522896804,obse,cracker_scene1,70,old
4423,20.290771484375,1.570208976083027,obse,cracker_scene1,70,old
4424,20.295413970947266,1.570172565055115,obse,cracker_scene1,70,old
4425,20.300367832183838,1.570172565055115,obse,cracker_scene1,70,old
4426,20.305072784423828,1.5702747180760595,obse,cracker_scene1,70,old
4427,20.309568881988525,1.5702747180760595,obse,cracker_scene1,70,old
4428,20.314072132110596,1.5702037824647004,obse,cracker_scene1,70,old
4429,20.31843900680542,1.5702037824647004,obse,cracker_scene1,70,old
4430,20.323192358016968,1.5701671274066031,obse,cracker_scene1,70,old
4431,20.32770037651062,1.5701671274066031,obse,cracker_scene1,70,old
4432,20.332533597946167,1.5712869267861684,obse,cracker_scene1,70,old
4433,20.337176084518433,1.5712869267861684,obse,cracker_scene1,70,old
4434,20.341942310333252,1.5714035200192669,obse,cracker_scene1,70,old
4435,20.346235752105713,1.5714035200192669,obse,cracker_scene1,70,old
4436,20.351537227630615,1.5712074990159772,obse,cracker_scene1,70,old
4437,20.3576238155365,1.5702074891873519,obse,cracker_scene1,70,old
4438,20.36189031600952,1.5702074891873519,obse,cracker_scene1,70,old
4439,20.366331577301025,1.5702333439726042,obse,cracker_scene1,70,old
4440,20.37123155593872,1.5702583547348814,obse,cracker_scene1,70,old
4441,20.375584363937378,1.5702583547348814,obse,cracker_scene1,70,old
4442,20.380136013031006,1.5702528901803623,obse,cracker_scene1,70,old
4443,20.384785890579224,1.5702528901803623,obse,cracker_scene1,70,old
4444,20.389374017715454,1.5702483012945754,obse,cracker_scene1,70,old
4445,20.3936607837677,1.5702483012945754,obse,cracker_scene1,70,old
4446,20.39842963218689,1.5702621996654909,obse,cracker_scene1,70,old
4447,20.402963876724243,1.5702621996654909,obse,cracker_scene1,70,old
4448,20.407549619674683,1.5712365257106304,obse,cracker_scene1,70,old
4449,20.412196159362793,1.571301161287943,obse,cracker_scene1,70,old
4450,20.416507482528687,1.571301161287943,obse,cracker_scene1,70,old
4451,20.421260833740234,1.570241497488488,obse,cracker_scene1,70,old
4452,20.425609827041626,1.570241497488488,obse,cracker_scene1,70,old
4453,20.43045210838318,1.5702107908399041,obse,cracker_scene1,70,old
4454,20.434693574905396,1.5702107908399041,obse,cracker_scene1,70,old
4455,20.43938422203064,1.5713298625655572,obse,cracker_scene1,70,old
4456,20.443517923355103,1.5713298625655572,obse,cracker_scene1,70,old
4457,20.448341369628906,1.5713467697376267,obse,cracker_scene1,70,old
4458,20.45259690284729,1.5702255643423397,obse,cracker_scene1,70,old
4459,20.457122802734375,1.5702031855927627,obse,cracker_scene1,70,old
4460,20.46144700050354,1.5702031855927627,obse,cracker_scene1,70,old
4461,20.466102123260498,1.570266096173679,obse,cracker_scene1,70,old
4462,20.470531225204468,1.5702985230536637,obse,cracker_scene1,70,old
4463,20.474984645843506,1.5703195516183834,obse,cracker_scene1,70,old
4464,20.47953987121582,1.5705624985683082,obse,cracker_scene1,70,old
4465,20.48405909538269,1.5705624985683082,obse,cracker_scene1,70,old
4466,20.488398790359497,1.5703267396576015,obse,cracker_scene1,70,old
4467,20.492701292037964,1.5703267396576015,obse,cracker_scene1,70,old
4468,20.497238636016846,1.5712212647777823,obse,cracker_scene1,70,old
4469,20.501402616500854,1.5712212647777823,obse,cracker_scene1,70,old
4470,20.505930185317993,1.5702504514611597,obse,cracker_scene1,70,old
4471,20.510079383850098,1.5702504514611597,obse,cracker_scene1,70,old
4472,20.51469874382019,1.5702474206608743,obse,cracker_scene1,70,old
4473,20.518874406814575,1.5702474206608743,obse,cracker_scene1,70,old
4474,20.523406982421875,1.5713899272717224,obse,cracker_scene1,70,old
4475,20.527613878250122,1.5713716755835634,obse,cracker_scene1,70,old
4476,20.532132625579834,1.5713879232045862,obse,cracker_scene1,70,old
4477,20.536335468292236,1.5713785410418586,obse,cracker_scene1,70,old
4478,20.540847539901733,1.5713379286194238,obse,cracker_scene1,70,old
4479,20.545111894607544,1.5712786462817032,obse,cracker_scene1,70,old
4480,20.54993724822998,1.5712738221177807,obse,cracker_scene1,70,old
4481,20.5543212890625,1.570229200225568,obse,cracker_scene1,70,old
4482,20.558699131011963,1.570229200225568,obse,cracker_scene1,70,old
4483,20.563223838806152,1.5713703002784642,obse,cracker_scene1,70,old
4484,20.567418336868286,1.5713703002784642,obse,cracker_scene1,70,old
4485,20.572076559066772,1.5704059970774953,obse,cracker_scene1,70,old
4486,20.576186895370483,1.5704059970774953,obse,cracker_scene1,70,old
4487,20.58080744743347,1.5713038668282318,obse,cracker_scene1,70,old
4488,20.58491325378418,1.5713038668282318,obse,cracker_scene1,70,old
4489,20.58938431739807,1.5712934368856786,obse,cracker_scene1,70,old
4490,20.593675136566162,1.5712934368856786,obse,cracker_scene1,70,old
4491,20.598156690597534,1.5702190082461849,obse,cracker_scene1,70,old
4492,20.602311611175537,1.5702190082461849,obse,cracker_scene1,70,old
4493,20.60681438446045,1.571258756181157,obse,cracker_scene1,70,old
4494,20.611007928848267,1.571220374285347,obse,cracker_scene1,70,old
4495,20.615473747253418,1.5712304952364615,obse,cracker_scene1,70,old
4496,20.619737148284912,1.5713257507573628,obse,cracker_scene1,70,old
4497,20.624106645584106,1.5713257507573628,obse,cracker_scene1,70,old
4498,20.628210306167603,1.5713257507573628,obse,cracker_scene1,70,old
4499,20.632806301116943,1.570185542672892,obse,cracker_scene1,70,old
4500,20.63709044456482,1.5712114761884823,obse,cracker_scene1,70,old
4501,20.64166569709778,1.5712114761884823,obse,cracker_scene1,70,old
4502,20.64603877067566,1.5712179111283326,obse,cracker_scene1,70,old
4503,20.6504168510437,1.5712606682941352,obse,cracker_scene1,70,old
4504,20.654860019683838,1.5702372642389557,obse,cracker_scene1,70,old
4505,20.659056901931763,1.5702372642389557,obse,cracker_scene1,70,old
4506,20.66350746154785,1.5704666540363004,obse,cracker_scene1,70,old
4507,20.66783356666565,1.5704666540363004,obse,cracker_scene1,70,old
4508,20.672382593154907,1.5713189221002208,obse,cracker_scene1,70,old
4509,20.67647385597229,1.5713189221002208,obse,cracker_scene1,70,old
4510,20.681325674057007,1.5701692166940173,obse,cracker_scene1,70,old
4511,20.685463428497314,1.5701692166940173,obse,cracker_scene1,70,old
4512,20.690098762512207,1.5702413588990147,obse,cracker_scene1,70,old
4513,20.694263696670532,1.5702413588990147,obse,cracker_scene1,70,old
4514,20.698997735977173,1.5712575868142329,obse,cracker_scene1,70,old
4515,20.703314304351807,1.5703355027976098,obse,cracker_scene1,70,old
4516,20.70769166946411,1.5703355027976098,obse,cracker_scene1,70,old
4517,20.71202063560486,1.5711510037463583,obse,cracker_scene1,70,old
4518,20.716564893722534,1.5711510037463583,obse,cracker_scene1,70,old
4519,20.72094416618347,1.5711607265142842,obse,cracker_scene1,70,old
4520,20.72526741027832,1.5711725292019887,obse,cracker_scene1,70,old
4521,20.72992181777954,1.5702288810134153,obse,cracker_scene1,70,old
4522,20.73430848121643,1.5702288810134153,obse,cracker_scene1,70,old
4523,20.73897933959961,1.5713233628685321,obse,cracker_scene1,70,old
4524,20.743247032165527,1.5713233628685321,obse,cracker_scene1,70,old
4525,20.74794602394104,1.5714474165896748,obse,cracker_scene1,70,old
4526,20.75224757194519,1.5714474165896748,obse,cracker_scene1,70,old
4527,20.75686526298523,1.5701701159519637,obse,cracker_scene1,70,old
4528,20.76120948791504,1.570163058287795,obse,cracker_scene1,70,old
4529,20.765357494354248,1.570163058287795,obse,cracker_scene1,70,old
4530,20.7695369720459,1.570163058287795,obse,cracker_scene1,70,old
4531,20.7736599445343,1.570163058287795,obse,cracker_scene1,70,old
4532,20.777782917022705,1.570163058287795,obse,cracker_scene1,70,old
4533,20.782036066055298,1.570163058287795,obse,cracker_scene1,70,old
4534,20.786197900772095,1.570163058287795,obse,cracker_scene1,70,old
4535,20.79033088684082,1.570163058287795,obse,cracker_scene1,70,old
4536,20.794463396072388,1.570163058287795,obse,cracker_scene1,70,old
4537,20.798595190048218,1.570163058287795,obse,cracker_scene1,70,old
4538,20.802751064300537,1.570163058287795,obse,cracker_scene1,70,old
4539,20.806877851486206,1.570163058287795,obse,cracker_scene1,70,old
4540,20.811002492904663,1.570163058287795,obse,cracker_scene1,70,old
4541,20.815155744552612,1.570163058287795,obse,cracker_scene1,70,old
4542,20.819278955459595,1.570163058287795,obse,cracker_scene1,70,old
4543,20.82341957092285,1.570163058287795,obse,cracker_scene1,70,old
4544,20.82755446434021,1.570163058287795,obse,cracker_scene1,70,old
4545,20.83169198036194,1.570163058287795,obse,cracker_scene1,70,old
4546,20.83582830429077,1.570163058287795,obse,cracker_scene1,70,old
4547,20.83996868133545,1.570163058287795,obse,cracker_scene1,70,old
4548,20.844119548797607,1.570163058287795,obse,cracker_scene1,70,old
4549,20.848263263702393,1.570163058287795,obse,cracker_scene1,70,old
4550,20.852392435073853,1.570163058287795,obse,cracker_scene1,70,old
4551,20.85651135444641,1.570163058287795,obse,cracker_scene1,70,old
4552,20.860663414001465,1.570163058287795,obse,cracker_scene1,70,old
4553,20.86481785774231,1.570163058287795,obse,cracker_scene1,70,old
4554,20.868948698043823,1.570163058287795,obse,cracker_scene1,70,old
4555,20.87309169769287,1.570163058287795,obse,cracker_scene1,70,old
4556,20.877204179763794,1.570163058287795,obse,cracker_scene1,70,old
4557,20.881349086761475,1.570163058287795,obse,cracker_scene1,70,old
4558,20.88549280166626,1.570163058287795,obse,cracker_scene1,70,old
4559,20.889612436294556,1.570163058287795,obse,cracker_scene1,70,old
4560,20.893751621246338,1.570163058287795,obse,cracker_scene1,70,old
4561,20.897892951965332,1.570163058287795,obse,cracker_scene1,70,old
4562,20.902026891708374,1.570163058287795,obse,cracker_scene1,70,old
4563,20.906177043914795,1.570163058287795,obse,cracker_scene1,70,old
4564,20.911170721054077,1.570163058287795,obse,cracker_scene1,70,old
4565,20.9162495136261,1.570163058287795,obse,cracker_scene1,70,old
4566,20.920409202575684,1.570163058287795,obse,cracker_scene1,70,old
4567,20.9245502948761,1.570163058287795,obse,cracker_scene1,70,old
4568,20.928690671920776,1.570163058287795,obse,cracker_scene1,70,old
4569,20.932836055755615,1.570163058287795,obse,cracker_scene1,70,old
4570,20.937001943588257,1.570163058287795,obse,cracker_scene1,70,old
4571,20.941161632537842,1.570163058287795,obse,cracker_scene1,70,old
4572,20.945290088653564,1.570163058287795,obse,cracker_scene1,70,old
4573,20.94944143295288,1.570163058287795,obse,cracker_scene1,70,old
4574,20.95361042022705,1.570163058287795,obse,cracker_scene1,70,old
4575,20.957731246948242,1.570163058287795,obse,cracker_scene1,70,old
4576,20.961885452270508,1.570163058287795,obse,cracker_scene1,70,old
4577,20.966137886047363,1.570163058287795,obse,cracker_scene1,70,old
4578,20.97091507911682,1.570163058287795,obse,cracker_scene1,70,old
4579,20.97542667388916,1.570163058287795,obse,cracker_scene1,70,old
4580,20.980083465576172,1.570163058287795,obse,cracker_scene1,70,old
4581,20.984224796295166,1.570163058287795,obse,cracker_scene1,70,old
4582,20.98838496208191,1.570163058287795,obse,cracker_scene1,70,old
4583,20.992515563964844,1.570163058287795,obse,cracker_scene1,70,old
4584,20.996663570404053,1.570163058287795,obse,cracker_scene1,70,old
4585,21.000816106796265,1.570163058287795,obse,cracker_scene1,70,old
4586,21.004973888397217,1.570163058287795,obse,cracker_scene1,70,old
4587,21.009129762649536,1.570163058287795,obse,cracker_scene1,70,old
4588,21.01327681541443,1.570163058287795,obse,cracker_scene1,70,old
4589,21.017432928085327,1.570163058287795,obse,cracker_scene1,70,old
4590,21.021594285964966,1.570163058287795,obse,cracker_scene1,70,old
4591,21.02576470375061,1.570163058287795,obse,cracker_scene1,70,old
4592,21.02994680404663,1.570163058287795,obse,cracker_scene1,70,old
4593,21.034121990203857,1.570163058287795,obse,cracker_scene1,70,old
4594,21.03829026222229,1.570163058287795,obse,cracker_scene1,70,old
4595,21.042425632476807,1.570163058287795,obse,cracker_scene1,70,old
4596,21.04656171798706,1.570163058287795,obse,cracker_scene1,70,old
4597,21.05072331428528,1.570163058287795,obse,cracker_scene1,70,old
4598,21.05489945411682,1.570163058287795,obse,cracker_scene1,70,old
4599,21.059032440185547,1.570163058287795,obse,cracker_scene1,70,old
4600,21.063184022903442,1.570163058287795,obse,cracker_scene1,70,old
4601,21.06740975379944,1.570163058287795,obse,cracker_scene1,70,old
4602,21.07165813446045,1.570163058287795,obse,cracker_scene1,70,old
4603,21.075804233551025,1.570163058287795,obse,cracker_scene1,70,old
4604,21.0799343585968,1.570163058287795,obse,cracker_scene1,70,old
4605,21.084068298339844,1.570163058287795,obse,cracker_scene1,70,old
4606,21.088204622268677,1.570163058287795,obse,cracker_scene1,70,old
4607,21.092363595962524,1.570163058287795,obse,cracker_scene1,70,old
4608,21.096521615982056,1.570163058287795,obse,cracker_scene1,70,old
4609,21.100661754608154,1.570163058287795,obse,cracker_scene1,70,old
4610,21.104798316955566,1.570163058287795,obse,cracker_scene1,70,old
4611,21.108949661254883,1.570163058287795,obse,cracker_scene1,70,old
4612,21.113126754760742,1.570163058287795,obse,cracker_scene1,70,old
4613,21.117271423339844,1.570163058287795,obse,cracker_scene1,70,old
4614,21.121423482894897,1.570163058287795,obse,cracker_scene1,70,old
4615,21.125584602355957,1.570163058287795,obse,cracker_scene1,70,old
4616,21.129746437072754,1.570163058287795,obse,cracker_scene1,70,old
4617,21.133888006210327,1.570163058287795,obse,cracker_scene1,70,old
4618,21.13805651664734,1.570163058287795,obse,cracker_scene1,70,old
4619,21.14217495918274,1.570163058287795,obse,cracker_scene1,70,old
4620,21.146332263946533,1.570163058287795,obse,cracker_scene1,70,old
4621,21.150511503219604,1.570163058287795,obse,cracker_scene1,70,old
4622,21.154645681381226,1.570163058287795,obse,cracker_scene1,70,old
4623,21.158812999725342,1.570163058287795,obse,cracker_scene1,70,old
4624,21.162982940673828,1.570163058287795,obse,cracker_scene1,70,old
4625,21.167144536972046,1.570163058287795,obse,cracker_scene1,70,old
4626,21.17130160331726,1.570163058287795,obse,cracker_scene1,70,old
4627,21.17571711540222,1.570163058287795,obse,cracker_scene1,70,old
4628,21.18025255203247,1.570163058287795,obse,cracker_scene1,70,old
4629,21.18468737602234,1.570163058287795,obse,cracker_scene1,70,old
4630,21.18912124633789,1.570163058287795,obse,cracker_scene1,70,old
4631,21.193522691726685,1.570163058287795,obse,cracker_scene1,70,old
4632,21.197737455368042,1.570163058287795,obse,cracker_scene1,70,old
4633,21.201831817626953,1.570163058287795,obse,cracker_scene1,70,old
4634,21.20593571662903,1.570163058287795,obse,cracker_scene1,70,old
4635,21.210036993026733,1.570163058287795,obse,cracker_scene1,70,old
4636,21.214136838912964,1.570163058287795,obse,cracker_scene1,70,old
4637,21.218279361724854,1.570163058287795,obse,cracker_scene1,70,old
4638,21.222364902496338,1.570163058287795,obse,cracker_scene1,70,old
4639,21.22645115852356,1.570163058287795,obse,cracker_scene1,70,old
4640,21.23054075241089,1.570163058287795,obse,cracker_scene1,70,old
4641,21.234655618667603,1.570163058287795,obse,cracker_scene1,70,old
4642,21.238760232925415,1.570163058287795,obse,cracker_scene1,70,old
4643,21.242855072021484,1.570163058287795,obse,cracker_scene1,70,old
4644,21.24694037437439,1.570163058287795,obse,cracker_scene1,70,old
4645,21.25106143951416,1.570163058287795,obse,cracker_scene1,70,old
4646,21.25516390800476,1.570163058287795,obse,cracker_scene1,70,old
4647,21.259254932403564,1.570163058287795,obse,cracker_scene1,70,old
4648,21.263357400894165,1.570163058287795,obse,cracker_scene1,70,old
4649,21.26745367050171,1.570163058287795,obse,cracker_scene1,70,old
4650,21.271565914154053,1.570163058287795,obse,cracker_scene1,70,old
4651,21.27566909790039,1.570163058287795,obse,cracker_scene1,70,old
4652,21.27979326248169,1.570163058287795,obse,cracker_scene1,70,old
4653,21.283969402313232,1.570163058287795,obse,cracker_scene1,70,old
4654,21.288180589675903,1.570163058287795,obse,cracker_scene1,70,old
4655,21.29227375984192,1.570163058287795,obse,cracker_scene1,70,old
4656,21.29639983177185,1.570163058287795,obse,cracker_scene1,70,old
4657,21.300480365753174,1.570163058287795,obse,cracker_scene1,70,old
4658,21.304563283920288,1.570163058287795,obse,cracker_scene1,70,old
4659,21.308658361434937,1.570163058287795,obse,cracker_scene1,70,old
4660,21.31279683113098,1.570163058287795,obse,cracker_scene1,70,old
4661,21.316903829574585,1.570163058287795,obse,cracker_scene1,70,old
4662,21.32099223136902,1.570163058287795,obse,cracker_scene1,70,old
4663,21.325092554092407,1.570163058287795,obse,cracker_scene1,70,old
4664,21.3291974067688,1.570163058287795,obse,cracker_scene1,70,old
4665,21.333269596099854,1.570163058287795,obse,cracker_scene1,70,old
4666,21.337385654449463,1.570163058287795,obse,cracker_scene1,70,old
4667,21.3414785861969,1.570163058287795,obse,cracker_scene1,70,old
4668,21.345563888549805,1.570163058287795,obse,cracker_scene1,70,old
4669,21.34965419769287,1.570163058287795,obse,cracker_scene1,70,old
4670,21.353754997253418,1.570163058287795,obse,cracker_scene1,70,old
4671,21.357846975326538,1.570163058287795,obse,cracker_scene1,70,old
4672,21.361956119537354,1.570163058287795,obse,cracker_scene1,70,old
4673,21.36613392829895,1.570163058287795,obse,cracker_scene1,70,old
4674,21.370233058929443,1.570163058287795,obse,cracker_scene1,70,old
4675,21.374314785003662,1.570163058287795,obse,cracker_scene1,70,old
4676,21.37859272956848,1.570163058287795,obse,cracker_scene1,70,old
4677,21.3827223777771,1.570163058287795,obse,cracker_scene1,70,old
4678,21.386797189712524,1.570163058287795,obse,cracker_scene1,70,old
4679,21.390909433364868,1.570163058287795,obse,cracker_scene1,70,old
4680,21.39507484436035,1.570163058287795,obse,cracker_scene1,70,old
4681,21.399193048477173,1.570163058287795,obse,cracker_scene1,70,old
4682,21.40351939201355,1.570163058287795,obse,cracker_scene1,70,old
4683,21.407739639282227,1.570163058287795,obse,cracker_scene1,70,old
4684,21.41188073158264,1.570163058287795,obse,cracker_scene1,70,old
4685,21.415981769561768,1.570163058287795,obse,cracker_scene1,70,old
4686,21.420114040374756,1.570163058287795,obse,cracker_scene1,70,old
4687,21.4241681098938,1.570163058287795,obse,cracker_scene1,70,old
4688,21.42883038520813,1.570163058287795,obse,cracker_scene1,70,old
4689,21.433351755142212,1.570163058287795,obse,cracker_scene1,70,old
4690,21.43748188018799,1.570163058287795,obse,cracker_scene1,70,old
4691,21.44161343574524,1.570163058287795,obse,cracker_scene1,70,old
4692,21.445693016052246,1.570163058287795,obse,cracker_scene1,70,old
4693,21.449817419052124,1.570163058287795,obse,cracker_scene1,70,old
4694,21.45394277572632,1.570163058287795,obse,cracker_scene1,70,old
4695,21.458007335662842,1.570163058287795,obse,cracker_scene1,70,old
4696,21.462136030197144,1.570163058287795,obse,cracker_scene1,70,old
4697,21.4662127494812,1.570163058287795,obse,cracker_scene1,70,old
4698,21.470322608947754,1.570163058287795,obse,cracker_scene1,70,old
4699,21.474393844604492,1.570163058287795,obse,cracker_scene1,70,old
4700,21.478466987609863,1.570163058287795,obse,cracker_scene1,70,old
4701,21.48253870010376,1.570163058287795,obse,cracker_scene1,70,old
4702,21.486647129058838,1.570163058287795,obse,cracker_scene1,70,old
4703,21.490752935409546,1.570163058287795,obse,cracker_scene1,70,old
4704,21.494839191436768,1.570163058287795,obse,cracker_scene1,70,old
4705,21.498931884765625,1.570163058287795,obse,cracker_scene1,70,old
4706,21.503114223480225,1.570163058287795,obse,cracker_scene1,70,old
4707,21.5072238445282,1.570163058287795,obse,cracker_scene1,70,old
4708,21.51136326789856,1.570163058287795,obse,cracker_scene1,70,old
4709,21.515437602996826,1.570163058287795,obse,cracker_scene1,70,old
4710,21.519598960876465,1.570163058287795,obse,cracker_scene1,70,old
4711,21.523738861083984,1.570163058287795,obse,cracker_scene1,70,old
4712,21.527854681015015,1.570163058287795,obse,cracker_scene1,70,old
4713,21.531984090805054,1.570163058287795,obse,cracker_scene1,70,old
4714,21.536128520965576,1.570163058287795,obse,cracker_scene1,70,old
4715,21.540216207504272,1.570163058287795,obse,cracker_scene1,70,old
4716,21.54427194595337,1.570163058287795,obse,cracker_scene1,70,old
4717,21.54835319519043,1.570163058287795,obse,cracker_scene1,70,old
4718,21.552454471588135,1.570163058287795,obse,cracker_scene1,70,old
4719,21.556573629379272,1.570163058287795,obse,cracker_scene1,70,old
4720,21.56064248085022,1.570163058287795,obse,cracker_scene1,70,old
4721,21.564767599105835,1.570163058287795,obse,cracker_scene1,70,old
4722,21.56885600090027,1.570163058287795,obse,cracker_scene1,70,old
4723,21.572919368743896,1.570163058287795,obse,cracker_scene1,70,old
4724,21.577011108398438,1.570163058287795,obse,cracker_scene1,70,old
4725,21.581084489822388,1.570163058287795,obse,cracker_scene1,70,old
4726,21.58517050743103,1.570163058287795,obse,cracker_scene1,70,old
4727,21.58926272392273,1.570163058287795,obse,cracker_scene1,70,old
4728,21.593345403671265,1.570163058287795,obse,cracker_scene1,70,old
4729,21.5974280834198,1.570163058287795,obse,cracker_scene1,70,old
4730,21.601490020751953,1.570163058287795,obse,cracker_scene1,70,old
4731,21.605578184127808,1.570163058287795,obse,cracker_scene1,70,old
4732,21.609673023223877,1.570163058287795,obse,cracker_scene1,70,old
4733,21.613749265670776,1.570163058287795,obse,cracker_scene1,70,old
4734,21.61781907081604,1.570163058287795,obse,cracker_scene1,70,old
4735,21.62191128730774,1.570163058287795,obse,cracker_scene1,70,old
4736,21.625996828079224,1.570163058287795,obse,cracker_scene1,70,old
4737,21.630091905593872,1.570163058287795,obse,cracker_scene1,70,old
4738,21.63420867919922,1.570163058287795,obse,cracker_scene1,70,old
4739,21.638295650482178,1.570163058287795,obse,cracker_scene1,70,old
4740,21.6423978805542,1.570163058287795,obse,cracker_scene1,70,old
4741,21.64645743370056,1.570163058287795,obse,cracker_scene1,70,old
4742,21.650559186935425,1.570163058287795,obse,cracker_scene1,70,old
4743,21.65467596054077,1.570163058287795,obse,cracker_scene1,70,old
4744,21.658756494522095,1.570163058287795,obse,cracker_scene1,70,old
4745,21.662946224212646,1.570163058287795,obse,cracker_scene1,70,old
4746,21.667062997817993,1.570163058287795,obse,cracker_scene1,70,old
4747,21.67117977142334,1.570163058287795,obse,cracker_scene1,70,old
4748,21.675281524658203,1.570163058287795,obse,cracker_scene1,70,old
4749,21.679386377334595,1.570163058287795,obse,cracker_scene1,70,old
4750,21.683478593826294,1.570163058287795,obse,cracker_scene1,70,old
4751,21.687556505203247,1.570163058287795,obse,cracker_scene1,70,old
4752,21.691694021224976,1.570163058287795,obse,cracker_scene1,70,old
4753,21.695783376693726,1.570163058287795,obse,cracker_scene1,70,old
4754,21.699878692626953,1.570163058287795,obse,cracker_scene1,70,old
4755,21.703951597213745,1.570163058287795,obse,cracker_scene1,70,old
4756,21.70803213119507,1.570163058287795,obse,cracker_scene1,70,old
4757,21.712244987487793,1.570163058287795,obse,cracker_scene1,70,old
4758,21.716566562652588,1.570163058287795,obse,cracker_scene1,70,old
4759,21.720800161361694,1.570163058287795,obse,cracker_scene1,70,old
4760,21.725032091140747,1.570163058287795,obse,cracker_scene1,70,old
4761,21.72920823097229,1.570163058287795,obse,cracker_scene1,70,old
4762,21.73332691192627,1.570163058287795,obse,cracker_scene1,70,old
4763,21.737459897994995,1.570163058287795,obse,cracker_scene1,70,old
4764,21.74157190322876,1.570163058287795,obse,cracker_scene1,70,old
4765,21.745623111724854,1.570163058287795,obse,cracker_scene1,70,old
4766,21.749735116958618,1.570163058287795,obse,cracker_scene1,70,old
4767,21.75383973121643,1.570163058287795,obse,cracker_scene1,70,old
4768,21.757964611053467,1.570163058287795,obse,cracker_scene1,70,old
4769,21.762080192565918,1.570163058287795,obse,cracker_scene1,70,old
4770,21.76618528366089,1.570163058287795,obse,cracker_scene1,70,old
4771,21.770284175872803,1.570163058287795,obse,cracker_scene1,70,old
4772,21.774368286132812,1.570163058287795,obse,cracker_scene1,70,old
4773,21.77845788002014,1.570163058287795,obse,cracker_scene1,70,old
4774,21.782559633255005,1.570163058287795,obse,cracker_scene1,70,old
4775,21.786938190460205,1.570163058287795,obse,cracker_scene1,70,old
4776,21.791070222854614,1.570163058287795,obse,cracker_scene1,70,old
4777,21.7951877117157,1.570163058287795,obse,cracker_scene1,70,old
4778,21.799319744110107,1.570163058287795,obse,cracker_scene1,70,old
4779,21.80347728729248,1.570163058287795,obse,cracker_scene1,70,old
4780,21.80763578414917,1.570163058287795,obse,cracker_scene1,70,old
4781,21.811766147613525,1.570163058287795,obse,cracker_scene1,70,old
4782,21.81588649749756,1.570163058287795,obse,cracker_scene1,70,old
4783,21.819973468780518,1.570163058287795,obse,cracker_scene1,70,old
4784,21.824058532714844,1.570163058287795,obse,cracker_scene1,70,old
4785,21.828162670135498,1.570163058287795,obse,cracker_scene1,70,old
4786,21.832244157791138,1.570163058287795,obse,cracker_scene1,70,old
4787,21.836349725723267,1.570163058287795,obse,cracker_scene1,70,old
4788,21.84045124053955,1.570163058287795,obse,cracker_scene1,70,old
4789,21.844522953033447,1.570163058287795,obse,cracker_scene1,70,old
4790,21.84859848022461,1.570163058287795,obse,cracker_scene1,70,old
4791,21.85270929336548,1.570163058287795,obse,cracker_scene1,70,old
4792,21.856804370880127,1.570163058287795,obse,cracker_scene1,70,old
4793,21.860875368118286,1.570163058287795,obse,cracker_scene1,70,old
4794,21.86495542526245,1.570163058287795,obse,cracker_scene1,70,old
4795,21.86903738975525,1.570163058287795,obse,cracker_scene1,70,old
4796,21.873136281967163,1.570163058287795,obse,cracker_scene1,70,old
4797,21.877227544784546,1.570163058287795,obse,cracker_scene1,70,old
4798,21.881319761276245,1.570163058287795,obse,cracker_scene1,70,old
4799,21.88546919822693,1.570163058287795,obse,cracker_scene1,70,old
4800,21.889559984207153,1.570163058287795,obse,cracker_scene1,70,old
4801,21.893636226654053,1.570163058287795,obse,cracker_scene1,70,old
4802,21.897713899612427,1.570163058287795,obse,cracker_scene1,70,old
4803,21.901793003082275,1.570163058287795,obse,cracker_scene1,70,old
4804,21.90587019920349,1.570163058287795,obse,cracker_scene1,70,old
4805,21.909958362579346,1.570163058287795,obse,cracker_scene1,70,old
4806,21.91411519050598,1.570163058287795,obse,cracker_scene1,70,old
4807,21.91822052001953,1.570163058287795,obse,cracker_scene1,70,old
4808,21.922314167022705,1.570163058287795,obse,cracker_scene1,70,old
4809,21.92637848854065,1.570163058287795,obse,cracker_scene1,70,old
4810,21.93046736717224,1.570163058287795,obse,cracker_scene1,70,old
4811,21.934526205062866,1.570163058287795,obse,cracker_scene1,70,old
4812,21.9386625289917,1.570163058287795,obse,cracker_scene1,70,old
4813,21.9427547454834,1.570163058287795,obse,cracker_scene1,70,old
4814,21.94683527946472,1.570163058287795,obse,cracker_scene1,70,old
4815,21.950945377349854,1.570163058287795,obse,cracker_scene1,70,old
4816,21.955095529556274,1.570163058287795,obse,cracker_scene1,70,old
4817,21.959209442138672,1.570163058287795,obse,cracker_scene1,70,old
4818,21.963298082351685,1.570163058287795,obse,cracker_scene1,70,old
4819,21.96793794631958,1.570163058287795,obse,cracker_scene1,70,old
4820,21.972071886062622,1.570163058287795,obse,cracker_scene1,70,old
4821,21.97618579864502,1.570163058287795,obse,cracker_scene1,70,old
4822,21.980329751968384,1.570163058287795,obse,cracker_scene1,70,old
4823,21.98440384864807,1.570163058287795,obse,cracker_scene1,70,old
4824,21.988471508026123,1.570163058287795,obse,cracker_scene1,70,old
4825,21.992588758468628,1.570163058287795,obse,cracker_scene1,70,old
4826,21.99669885635376,1.570163058287795,obse,cracker_scene1,70,old
4827,22.000803470611572,1.570163058287795,obse,cracker_scene1,70,old
4828,22.004880905151367,1.570163058287795,obse,cracker_scene1,70,old
4829,22.008960962295532,1.570163058287795,obse,cracker_scene1,70,old
4830,22.013072967529297,1.570163058287795,obse,cracker_scene1,70,old
4831,22.01717758178711,1.570163058287795,obse,cracker_scene1,70,old
4832,22.021301746368408,1.570163058287795,obse,cracker_scene1,70,old
4833,22.02539324760437,1.570163058287795,obse,cracker_scene1,70,old
4834,22.029473781585693,1.570163058287795,obse,cracker_scene1,70,old
4835,22.033561944961548,1.570163058287795,obse,cracker_scene1,70,old
4836,22.037733793258667,1.570163058287795,obse,cracker_scene1,70,old
4837,22.04186201095581,1.570163058287795,obse,cracker_scene1,70,old
4838,22.045919179916382,1.570163058287795,obse,cracker_scene1,70,old
4839,22.050008058547974,1.570163058287795,obse,cracker_scene1,70,old
4840,22.054118156433105,1.570163058287795,obse,cracker_scene1,70,old
4841,22.058218955993652,1.570163058287795,obse,cracker_scene1,70,old
4842,22.06232714653015,1.570163058287795,obse,cracker_scene1,70,old
4843,22.066405773162842,1.570163058287795,obse,cracker_scene1,70,old
4844,22.070488214492798,1.570163058287795,obse,cracker_scene1,70,old
4845,22.074569940567017,1.570163058287795,obse,cracker_scene1,70,old
4846,22.07863759994507,1.570163058287795,obse,cracker_scene1,70,old
4847,22.08272075653076,1.570163058287795,obse,cracker_scene1,70,old
4848,22.086835861206055,1.570163058287795,obse,cracker_scene1,70,old
4849,22.090935230255127,1.570163058287795,obse,cracker_scene1,70,old
4850,22.095005989074707,1.570163058287795,obse,cracker_scene1,70,old
4851,22.09908366203308,1.570163058287795,obse,cracker_scene1,70,old
4852,22.103169918060303,1.570163058287795,obse,cracker_scene1,70,old
4853,22.107268571853638,1.570163058287795,obse,cracker_scene1,70,old
4854,22.111368417739868,1.570163058287795,obse,cracker_scene1,70,old
4855,22.115443468093872,1.570163058287795,obse,cracker_scene1,70,old
4856,22.119527578353882,1.570163058287795,obse,cracker_scene1,70,old
4857,22.1236093044281,1.570163058287795,obse,cracker_scene1,70,old
4858,22.12771439552307,1.570163058287795,obse,cracker_scene1,70,old
4859,22.131808757781982,1.570163058287795,obse,cracker_scene1,70,old
4860,22.135905981063843,1.570163058287795,obse,cracker_scene1,70,old
4861,22.14008927345276,1.570163058287795,obse,cracker_scene1,70,old
4862,22.1441912651062,1.570163058287795,obse,cracker_scene1,70,old
4863,22.1482834815979,1.570163058287795,obse,cracker_scene1,70,old
4864,22.152403354644775,1.570163058287795,obse,cracker_scene1,70,old
4865,22.156522274017334,1.570163058287795,obse,cracker_scene1,70,old
4866,22.160608291625977,1.570163058287795,obse,cracker_scene1,70,old
4867,22.164801120758057,1.570163058287795,obse,cracker_scene1,70,old
4868,22.16890048980713,1.570163058287795,obse,cracker_scene1,70,old
4869,22.17297625541687,1.570163058287795,obse,cracker_scene1,70,old
4870,22.17700982093811,1.570163058287795,obse,cracker_scene1,70,old
4871,22.181113958358765,1.570163058287795,obse,cracker_scene1,70,old
4872,22.185173988342285,1.570163058287795,obse,cracker_scene1,70,old
4873,22.18924331665039,1.570163058287795,obse,cracker_scene1,70,old
4874,22.194965600967407,1.570163058287795,obse,cracker_scene1,70,old
4875,22.2014217376709,1.570163058287795,obse,cracker_scene1,70,old
4876,22.207860708236694,1.570163058287795,obse,cracker_scene1,70,old
4877,22.214282512664795,1.570163058287795,obse,cracker_scene1,70,old
4878,22.220603942871094,1.570163058287795,obse,cracker_scene1,70,old
4879,22.226784706115723,1.570163058287795,obse,cracker_scene1,70,old
4880,22.23212695121765,1.570163058287795,obse,cracker_scene1,70,old
4881,22.23626971244812,1.570163058287795,obse,cracker_scene1,70,old
4882,22.24041724205017,1.570163058287795,obse,cracker_scene1,70,old
4883,22.244532585144043,1.570163058287795,obse,cracker_scene1,70,old
4884,22.248621225357056,1.570163058287795,obse,cracker_scene1,70,old
4885,22.252716779708862,1.570163058287795,obse,cracker_scene1,70,old
4886,22.25682806968689,1.570163058287795,obse,cracker_scene1,70,old
4887,22.260968685150146,1.570163058287795,obse,cracker_scene1,70,old
4888,22.265074968338013,1.570163058287795,obse,cracker_scene1,70,old
4889,22.26914930343628,1.570163058287795,obse,cracker_scene1,70,old
4890,22.273210287094116,1.570163058287795,obse,cracker_scene1,70,old
4891,22.277295112609863,1.570163058287795,obse,cracker_scene1,70,old
4892,22.28140616416931,1.570163058287795,obse,cracker_scene1,70,old
4893,22.285632133483887,1.570163058287795,obse,cracker_scene1,70,old
4894,22.289795875549316,1.570163058287795,obse,cracker_scene1,70,old
4895,22.293906211853027,1.570163058287795,obse,cracker_scene1,70,old
4896,22.298002243041992,1.570163058287795,obse,cracker_scene1,70,old
4897,22.30230212211609,1.570163058287795,obse,cracker_scene1,70,old
4898,22.306704998016357,1.570163058287795,obse,cracker_scene1,70,old
4899,22.310961961746216,1.570163058287795,obse,cracker_scene1,70,old
4900,22.31505560874939,1.570163058287795,obse,cracker_scene1,70,old
4901,22.319136381149292,1.570163058287795,obse,cracker_scene1,70,old
4902,22.323273420333862,1.570163058287795,obse,cracker_scene1,70,old
4903,22.327348470687866,1.570163058287795,obse,cracker_scene1,70,old
4904,22.331451654434204,1.570163058287795,obse,cracker_scene1,70,old
4905,22.335766077041626,1.570163058287795,obse,cracker_scene1,70,old
4906,22.340024709701538,1.570163058287795,obse,cracker_scene1,70,old
4907,22.34408688545227,1.570163058287795,obse,cracker_scene1,70,old
4908,22.348156452178955,1.570163058287795,obse,cracker_scene1,70,old
4909,22.352238655090332,1.570163058287795,obse,cracker_scene1,70,old
4910,22.356326818466187,1.570163058287795,obse,cracker_scene1,70,old
4911,22.360365629196167,1.570163058287795,obse,cracker_scene1,70,old
4912,22.36444664001465,1.570163058287795,obse,cracker_scene1,70,old
4913,22.36853337287903,1.570163058287795,obse,cracker_scene1,70,old
4914,22.372578144073486,1.570163058287795,obse,cracker_scene1,70,old
4915,22.37662124633789,1.570163058287795,obse,cracker_scene1,70,old
4916,22.38066077232361,1.570163058287795,obse,cracker_scene1,70,old
4917,22.38468885421753,1.570163058287795,obse,cracker_scene1,70,old
4918,22.388754844665527,1.570163058287795,obse,cracker_scene1,70,old
4919,22.39285898208618,1.570163058287795,obse,cracker_scene1,70,old
4920,22.396950244903564,1.570163058287795,obse,cracker_scene1,70,old
4921,22.40100383758545,1.570163058287795,obse,cracker_scene1,70,old
4922,22.40505337715149,1.570163058287795,obse,cracker_scene1,70,old
4923,22.40912437438965,1.570163058287795,obse,cracker_scene1,70,old
4924,22.413225889205933,1.570163058287795,obse,cracker_scene1,70,old
4925,22.41728925704956,1.570163058287795,obse,cracker_scene1,70,old
4926,22.421401739120483,1.570163058287795,obse,cracker_scene1,70,old
4927,22.42548966407776,1.570163058287795,obse,cracker_scene1,70,old
4928,22.430643320083618,1.570163058287795,obse,cracker_scene1,70,old
4929,22.434948444366455,1.570163058287795,obse,cracker_scene1,70,old
4930,22.43918013572693,1.570163058287795,obse,cracker_scene1,70,old
4931,22.443435430526733,1.570163058287795,obse,cracker_scene1,70,old
4932,22.44752550125122,1.570163058287795,obse,cracker_scene1,70,old
4933,22.451687335968018,1.570163058287795,obse,cracker_scene1,70,old
4934,22.455832958221436,1.570163058287795,obse,cracker_scene1,70,old
4935,22.459946393966675,1.570163058287795,obse,cracker_scene1,70,old
4936,22.464038848876953,1.570163058287795,obse,cracker_scene1,70,old
4937,22.46813464164734,1.570163058287795,obse,cracker_scene1,70,old
4938,22.472261667251587,1.570163058287795,obse,cracker_scene1,70,old
4939,22.4763445854187,1.570163058287795,obse,cracker_scene1,70,old
4940,22.48043417930603,1.570163058287795,obse,cracker_scene1,70,old
4941,22.484514474868774,1.570163058287795,obse,cracker_scene1,70,old
4942,22.488581895828247,1.570163058287795,obse,cracker_scene1,70,old
4943,22.49265217781067,1.570163058287795,obse,cracker_scene1,70,old
4944,22.496736526489258,1.570163058287795,obse,cracker_scene1,70,old
4945,22.500903844833374,1.570163058287795,obse,cracker_scene1,70,old
4946,22.505170822143555,1.570163058287795,obse,cracker_scene1,70,old
4947,22.50934147834778,1.570163058287795,obse,cracker_scene1,70,old
4948,22.513492345809937,1.570163058287795,obse,cracker_scene1,70,old
4949,22.517618417739868,1.570163058287795,obse,cracker_scene1,70,old
4950,22.521925926208496,1.570163058287795,obse,cracker_scene1,70,old
4951,22.52622413635254,1.570163058287795,obse,cracker_scene1,70,old
4952,22.530689001083374,1.570163058287795,obse,cracker_scene1,70,old
4953,22.534934520721436,1.570163058287795,obse,cracker_scene1,70,old
4954,22.539137363433838,1.570163058287795,obse,cracker_scene1,70,old
4955,22.54328489303589,1.570163058287795,obse,cracker_scene1,70,old
4956,22.547426462173462,1.570163058287795,obse,cracker_scene1,70,old
4957,22.551557064056396,1.570163058287795,obse,cracker_scene1,70,old
4958,22.55568027496338,1.570163058287795,obse,cracker_scene1,70,old
4959,22.559788942337036,1.570163058287795,obse,cracker_scene1,70,old
4960,22.563923835754395,1.570163058287795,obse,cracker_scene1,70,old
4961,22.56806755065918,1.570163058287795,obse,cracker_scene1,70,old
4962,22.57223343849182,1.570163058287795,obse,cracker_scene1,70,old
4963,22.576367378234863,1.570163058287795,obse,cracker_scene1,70,old
4964,22.580520629882812,1.570163058287795,obse,cracker_scene1,70,old
4965,22.584635496139526,1.570163058287795,obse,cracker_scene1,70,old
4966,22.588778495788574,1.570163058287795,obse,cracker_scene1,70,old
4967,22.592934370040894,1.570163058287795,obse,cracker_scene1,70,old
4968,22.59707498550415,1.570163058287795,obse,cracker_scene1,70,old
4969,22.601226568222046,1.570163058287795,obse,cracker_scene1,70,old
4970,22.605341911315918,1.570163058287795,obse,cracker_scene1,70,old
4971,22.609490394592285,1.570163058287795,obse,cracker_scene1,70,old
4972,22.61362910270691,1.570163058287795,obse,cracker_scene1,70,old
4973,22.617765188217163,1.570163058287795,obse,cracker_scene1,70,old
4974,22.621893405914307,1.570163058287795,obse,cracker_scene1,70,old
4975,22.625997304916382,1.570163058287795,obse,cracker_scene1,70,old
4976,22.630124807357788,1.570163058287795,obse,cracker_scene1,70,old
4977,22.634254217147827,1.570163058287795,obse,cracker_scene1,70,old
4978,22.638404846191406,1.570163058287795,obse,cracker_scene1,70,old
4979,22.642537832260132,1.570163058287795,obse,cracker_scene1,70,old
4980,22.646663427352905,1.570163058287795,obse,cracker_scene1,70,old
4981,22.65079092979431,1.570163058287795,obse,cracker_scene1,70,old
4982,22.65493106842041,1.570163058287795,obse,cracker_scene1,70,old
4983,22.65908694267273,1.570163058287795,obse,cracker_scene1,70,old
4984,22.66321849822998,1.570163058287795,obse,cracker_scene1,70,old
4985,22.66737723350525,1.570163058287795,obse,cracker_scene1,70,old
4986,22.67152976989746,1.570163058287795,obse,cracker_scene1,70,old
4987,22.675676107406616,1.570163058287795,obse,cracker_scene1,70,old
4988,22.679819583892822,1.570163058287795,obse,cracker_scene1,70,old
4989,22.683979034423828,1.570163058287795,obse,cracker_scene1,70,old
4990,22.688077688217163,1.570163058287795,obse,cracker_scene1,70,old
4991,22.692224740982056,1.570163058287795,obse,cracker_scene1,70,old
4992,22.696375131607056,1.570163058287795,obse,cracker_scene1,70,old
4993,22.70053505897522,1.570163058287795,obse,cracker_scene1,70,old
4994,22.704678773880005,1.570163058287795,obse,cracker_scene1,70,old
4995,22.70885443687439,1.570163058287795,obse,cracker_scene1,70,old
4996,22.713001489639282,1.570163058287795,obse,cracker_scene1,70,old
4997,22.717183828353882,1.570163058287795,obse,cracker_scene1,70,old
4998,22.721317291259766,1.570163058287795,obse,cracker_scene1,70,old
4999,22.72545337677002,1.570163058287795,obse,cracker_scene1,70,old
5000,22.729591131210327,1.570163058287795,obse,cracker_scene1,70,old
5001,22.733723402023315,1.570163058287795,obse,cracker_scene1,70,old
5002,22.737866401672363,1.570163058287795,obse,cracker_scene1,70,old
5003,22.74198055267334,1.570163058287795,obse,cracker_scene1,70,old
5004,22.74621844291687,1.570163058287795,obse,cracker_scene1,70,old
5005,22.750432014465332,1.570163058287795,obse,cracker_scene1,70,old
5006,22.754575729370117,1.570163058287795,obse,cracker_scene1,70,old
5007,22.75867486000061,1.570163058287795,obse,cracker_scene1,70,old
5008,22.762804746627808,1.570163058287795,obse,cracker_scene1,70,old
5009,22.76693868637085,1.570163058287795,obse,cracker_scene1,70,old
5010,22.77105188369751,1.570163058287795,obse,cracker_scene1,70,old
5011,22.775203704833984,1.570163058287795,obse,cracker_scene1,70,old
5012,22.779365301132202,1.570163058287795,obse,cracker_scene1,70,old
5013,22.783530473709106,1.570163058287795,obse,cracker_scene1,70,old
5014,22.7877516746521,1.570163058287795,obse,cracker_scene1,70,old
5015,22.791902542114258,1.570163058287795,obse,cracker_scene1,70,old
5016,22.796035289764404,1.570163058287795,obse,cracker_scene1,70,old
5017,22.80018377304077,1.570163058287795,obse,cracker_scene1,70,old
5018,22.8043315410614,1.570163058287795,obse,cracker_scene1,70,old
5019,22.808478593826294,1.570163058287795,obse,cracker_scene1,70,old
5020,22.812634706497192,1.570163058287795,obse,cracker_scene1,70,old
5021,22.81676483154297,1.570163058287795,obse,cracker_scene1,70,old
5022,22.820915937423706,1.570163058287795,obse,cracker_scene1,70,old
5023,22.825049877166748,1.570163058287795,obse,cracker_scene1,70,old
5024,22.829188585281372,1.570163058287795,obse,cracker_scene1,70,old
5025,22.833317756652832,1.570163058287795,obse,cracker_scene1,70,old
5026,22.837448358535767,1.570163058287795,obse,cracker_scene1,70,old
5027,22.84160566329956,1.570163058287795,obse,cracker_scene1,70,old
5028,22.84576153755188,1.570163058287795,obse,cracker_scene1,70,old
5029,22.84989309310913,1.570163058287795,obse,cracker_scene1,70,old
5030,22.854034900665283,1.570163058287795,obse,cracker_scene1,70,old
5031,22.85816264152527,1.570163058287795,obse,cracker_scene1,70,old
5032,22.862293481826782,1.570163058287795,obse,cracker_scene1,70,old
5033,22.866429805755615,1.570163058287795,obse,cracker_scene1,70,old
5034,22.870574951171875,1.570163058287795,obse,cracker_scene1,70,old
5035,22.874704122543335,1.570163058287795,obse,cracker_scene1,70,old
5036,22.87883687019348,1.570163058287795,obse,cracker_scene1,70,old
5037,22.882956981658936,1.570163058287795,obse,cracker_scene1,70,old
5038,22.887102603912354,1.570163058287795,obse,cracker_scene1,70,old
5039,22.891245126724243,1.570163058287795,obse,cracker_scene1,70,old
5040,22.895389556884766,1.570163058287795,obse,cracker_scene1,70,old
5041,22.899516820907593,1.570163058287795,obse,cracker_scene1,70,old
5042,22.903669118881226,1.570163058287795,obse,cracker_scene1,70,old
5043,22.907796144485474,1.570163058287795,obse,cracker_scene1,70,old
5044,22.911924362182617,1.570163058287795,obse,cracker_scene1,70,old
5045,22.91611337661743,1.570163058287795,obse,cracker_scene1,70,old
5046,22.92025661468506,1.570163058287795,obse,cracker_scene1,70,old
5047,22.924399852752686,1.570163058287795,obse,cracker_scene1,70,old
5048,22.92852210998535,1.570163058287795,obse,cracker_scene1,70,old
5049,22.93266797065735,1.570163058287795,obse,cracker_scene1,70,old
5050,22.936813354492188,1.570163058287795,obse,cracker_scene1,70,old
5051,22.94099521636963,1.570163058287795,obse,cracker_scene1,70,old
5052,22.945154905319214,1.570163058287795,obse,cracker_scene1,70,old
5053,22.94929265975952,1.570163058287795,obse,cracker_scene1,70,old
5054,22.953442811965942,1.570163058287795,obse,cracker_scene1,70,old
5055,22.957585096359253,1.570163058287795,obse,cracker_scene1,70,old
5056,22.96173071861267,1.570163058287795,obse,cracker_scene1,70,old
5057,22.965935468673706,1.570163058287795,obse,cracker_scene1,70,old
5058,22.97012233734131,1.570163058287795,obse,cracker_scene1,70,old
5059,22.974273681640625,1.570163058287795,obse,cracker_scene1,70,old
5060,22.978419542312622,1.570163058287795,obse,cracker_scene1,70,old
5061,22.98255681991577,1.570163058287795,obse,cracker_scene1,70,old
5062,22.98666763305664,1.570163058287795,obse,cracker_scene1,70,old
5063,22.990803956985474,1.570163058287795,obse,cracker_scene1,70,old
5064,22.9949471950531,1.570163058287795,obse,cracker_scene1,70,old
5065,22.99910545349121,1.570163058287795,obse,cracker_scene1,70,old
5066,23.003220081329346,1.570163058287795,obse,cracker_scene1,70,old
5067,23.007389307022095,1.570163058287795,obse,cracker_scene1,70,old
5068,23.01151394844055,1.570163058287795,obse,cracker_scene1,70,old
5069,23.01567506790161,1.570163058287795,obse,cracker_scene1,70,old
5070,23.01979660987854,1.570163058287795,obse,cracker_scene1,70,old
5071,23.0239474773407,1.570163058287795,obse,cracker_scene1,70,old
5072,23.02810287475586,1.570163058287795,obse,cracker_scene1,70,old
5073,23.03220224380493,1.570163058287795,obse,cracker_scene1,70,old
5074,23.03635835647583,1.570163058287795,obse,cracker_scene1,70,old
5075,23.040539026260376,1.570163058287795,obse,cracker_scene1,70,old
5076,23.044690132141113,1.570163058287795,obse,cracker_scene1,70,old
5077,23.048846006393433,1.570163058287795,obse,cracker_scene1,70,old
5078,23.052999258041382,1.570163058287795,obse,cracker_scene1,70,old
5079,23.057143926620483,1.570163058287795,obse,cracker_scene1,70,old
5080,23.06129479408264,1.570163058287795,obse,cracker_scene1,70,old
5081,23.06543779373169,1.570163058287795,obse,cracker_scene1,70,old
5082,23.069567918777466,1.570163058287795,obse,cracker_scene1,70,old
5083,23.073704481124878,1.570163058287795,obse,cracker_scene1,70,old
5084,23.077826976776123,1.570163058287795,obse,cracker_scene1,70,old
5085,23.08194851875305,1.570163058287795,obse,cracker_scene1,70,old
5086,23.086109399795532,1.570163058287795,obse,cracker_scene1,70,old
5087,23.09023880958557,1.570163058287795,obse,cracker_scene1,70,old
5088,23.094384908676147,1.570163058287795,obse,cracker_scene1,70,old
5089,23.098522186279297,1.570163058287795,obse,cracker_scene1,70,old
5090,23.10266947746277,1.570163058287795,obse,cracker_scene1,70,old
5091,23.10680603981018,1.570163058287795,obse,cracker_scene1,70,old
5092,23.110947370529175,1.570163058287795,obse,cracker_scene1,70,old
5093,23.115103483200073,1.570163058287795,obse,cracker_scene1,70,old
5094,23.119240283966064,1.570163058287795,obse,cracker_scene1,70,old
5095,23.123374462127686,1.570163058287795,obse,cracker_scene1,70,old
5096,23.12753462791443,1.570163058287795,obse,cracker_scene1,70,old
5097,23.131736278533936,1.570163058287795,obse,cracker_scene1,70,old
5098,23.135886430740356,1.570163058287795,obse,cracker_scene1,70,old
5099,23.1400465965271,1.570163058287795,obse,cracker_scene1,70,old
5100,23.144208192825317,1.570163058287795,obse,cracker_scene1,70,old
5101,23.148350715637207,1.570163058287795,obse,cracker_scene1,70,old
5102,23.15249752998352,1.570163058287795,obse,cracker_scene1,70,old
5103,23.156638860702515,1.570163058287795,obse,cracker_scene1,70,old
5104,23.16075825691223,1.570163058287795,obse,cracker_scene1,70,old
5105,23.16492247581482,1.570163058287795,obse,cracker_scene1,70,old
5106,23.169042587280273,1.570163058287795,obse,cracker_scene1,70,old
5107,23.173210859298706,1.570163058287795,obse,cracker_scene1,70,old
5108,23.177404642105103,1.570163058287795,obse,cracker_scene1,70,old
5109,23.18156671524048,1.570163058287795,obse,cracker_scene1,70,old
5110,23.185715913772583,1.570163058287795,obse,cracker_scene1,70,old
5111,23.18986439704895,1.570163058287795,obse,cracker_scene1,70,old
5112,23.194010257720947,1.570163058287795,obse,cracker_scene1,70,old
5113,23.19816517829895,1.570163058287795,obse,cracker_scene1,70,old
5114,23.202316284179688,1.570163058287795,obse,cracker_scene1,70,old
5115,23.206462860107422,1.570163058287795,obse,cracker_scene1,70,old
5116,23.21062397956848,1.570163058287795,obse,cracker_scene1,70,old
5117,23.21477222442627,1.570163058287795,obse,cracker_scene1,70,old
5118,23.218914270401,1.570163058287795,obse,cracker_scene1,70,old
5119,23.22307300567627,1.570163058287795,obse,cracker_scene1,70,old
5120,23.22723412513733,1.570163058287795,obse,cracker_scene1,70,old
5121,23.23158574104309,1.570163058287795,obse,cracker_scene1,70,old
5122,23.23684787750244,1.570163058287795,obse,cracker_scene1,70,old
5123,23.24100351333618,1.570163058287795,obse,cracker_scene1,70,old
5124,23.245176792144775,1.570163058287795,obse,cracker_scene1,70,old
5125,23.24932098388672,1.570163058287795,obse,cracker_scene1,70,old
5126,23.253470420837402,1.570163058287795,obse,cracker_scene1,70,old
5127,23.257654428482056,1.570163058287795,obse,cracker_scene1,70,old
5128,23.26181650161743,1.570163058287795,obse,cracker_scene1,70,old
5129,23.26597571372986,1.570163058287795,obse,cracker_scene1,70,old
5130,23.27014470100403,1.570163058287795,obse,cracker_scene1,70,old
5131,23.27428936958313,1.570163058287795,obse,cracker_scene1,70,old
5132,23.278435945510864,1.570163058287795,obse,cracker_scene1,70,old
5133,23.282588481903076,1.570163058287795,obse,cracker_scene1,70,old
5134,23.28682565689087,1.570163058287795,obse,cracker_scene1,70,old
5135,23.29103136062622,1.570163058287795,obse,cracker_scene1,70,old
5136,23.29532742500305,1.570163058287795,obse,cracker_scene1,70,old
5137,23.299866199493408,1.570163058287795,obse,cracker_scene1,70,old
5138,23.304075717926025,1.570163058287795,obse,cracker_scene1,70,old
5139,23.30818486213684,1.570163058287795,obse,cracker_scene1,70,old
5140,23.312286615371704,1.570163058287795,obse,cracker_scene1,70,old
5141,23.316397190093994,1.570163058287795,obse,cracker_scene1,70,old
5142,23.320507526397705,1.570163058287795,obse,cracker_scene1,70,old
5143,23.32460594177246,1.570163058287795,obse,cracker_scene1,70,old
5144,23.328697204589844,1.570163058287795,obse,cracker_scene1,70,old
5145,23.332760095596313,1.570163058287795,obse,cracker_scene1,70,old
5146,23.33684730529785,1.570163058287795,obse,cracker_scene1,70,old
5147,23.34095811843872,1.570163058287795,obse,cracker_scene1,70,old
5148,23.345044136047363,1.570163058287795,obse,cracker_scene1,70,old
5149,23.34912919998169,1.570163058287795,obse,cracker_scene1,70,old
5150,23.353229761123657,1.570163058287795,obse,cracker_scene1,70,old
5151,23.357330799102783,1.570163058287795,obse,cracker_scene1,70,old
5152,23.361438035964966,1.570163058287795,obse,cracker_scene1,70,old
5153,23.365584135055542,1.570163058287795,obse,cracker_scene1,70,old
5154,23.3696768283844,1.570163058287795,obse,cracker_scene1,70,old
5155,23.37376618385315,1.570163058287795,obse,cracker_scene1,70,old
5156,23.377833604812622,1.570163058287795,obse,cracker_scene1,70,old
5157,23.381927967071533,1.570163058287795,obse,cracker_scene1,70,old
5158,23.386005878448486,1.570163058287795,obse,cracker_scene1,70,old
5159,23.390103578567505,1.570163058287795,obse,cracker_scene1,70,old
5160,23.39419150352478,1.570163058287795,obse,cracker_scene1,70,old
5161,23.398274421691895,1.570163058287795,obse,cracker_scene1,70,old
5162,23.402388095855713,1.570163058287795,obse,cracker_scene1,70,old
5163,23.406474828720093,1.570163058287795,obse,cracker_scene1,70,old
5164,23.410561561584473,1.570163058287795,obse,cracker_scene1,70,old
5165,23.414664030075073,1.570163058287795,obse,cracker_scene1,70,old
5166,23.418827295303345,1.570163058287795,obse,cracker_scene1,70,old
5167,23.422932147979736,1.570163058287795,obse,cracker_scene1,70,old
5168,23.427018404006958,1.570163058287795,obse,cracker_scene1,70,old
5169,23.433196783065796,1.570163058287795,obse,cracker_scene1,70,old
5170,23.438515424728394,1.570163058287795,obse,cracker_scene1,70,old
5171,23.442655563354492,1.570163058287795,obse,cracker_scene1,70,old
5172,23.446739435195923,1.570163058287795,obse,cracker_scene1,70,old
5173,23.450844287872314,1.570163058287795,obse,cracker_scene1,70,old
5174,23.45495367050171,1.570163058287795,obse,cracker_scene1,70,old
5175,23.45907211303711,1.570163058287795,obse,cracker_scene1,70,old
5176,23.463185787200928,1.570163058287795,obse,cracker_scene1,70,old
5177,23.467270374298096,1.570163058287795,obse,cracker_scene1,70,old
5178,23.471493005752563,1.570163058287795,obse,cracker_scene1,70,old
5179,23.47555422782898,1.570163058287795,obse,cracker_scene1,70,old
5180,23.47967553138733,1.570163058287795,obse,cracker_scene1,70,old
5181,23.483794689178467,1.570163058287795,obse,cracker_scene1,70,old
5182,23.487887620925903,1.570163058287795,obse,cracker_scene1,70,old
5183,23.491973876953125,1.570163058287795,obse,cracker_scene1,70,old
5184,23.49608063697815,1.570163058287795,obse,cracker_scene1,70,old
5185,23.500153303146362,1.570163058287795,obse,cracker_scene1,70,old
5186,23.50444746017456,1.570163058287795,obse,cracker_scene1,70,old
5187,23.508728742599487,1.570163058287795,obse,cracker_scene1,70,old
5188,23.51290488243103,1.570163058287795,obse,cracker_scene1,70,old
5189,23.51700210571289,1.570163058287795,obse,cracker_scene1,70,old
5190,23.521121740341187,1.570163058287795,obse,cracker_scene1,70,old
5191,23.52522325515747,1.570163058287795,obse,cracker_scene1,70,old
5192,23.529282569885254,1.570163058287795,obse,cracker_scene1,70,old
5193,23.533377408981323,1.570163058287795,obse,cracker_scene1,70,old
5194,23.538960218429565,1.570163058287795,obse,cracker_scene1,70,old
5195,23.54542851448059,1.570163058287795,obse,cracker_scene1,70,old
5196,23.54980969429016,1.570163058287795,obse,cracker_scene1,70,old
5197,23.553913831710815,1.570163058287795,obse,cracker_scene1,70,old
5198,23.558021545410156,1.570163058287795,obse,cracker_scene1,70,old
5199,23.5621337890625,1.570163058287795,obse,cracker_scene1,70,old
5200,23.566213846206665,1.570163058287795,obse,cracker_scene1,70,old
5201,23.570321559906006,1.570163058287795,obse,cracker_scene1,70,old
5202,23.57589626312256,1.570163058287795,obse,cracker_scene1,70,old
5203,23.581981897354126,1.570163058287795,obse,cracker_scene1,70,old
5204,23.58631706237793,1.570163058287795,obse,cracker_scene1,70,old
5205,23.590537071228027,1.570163058287795,obse,cracker_scene1,70,old
5206,23.594640731811523,1.570163058287795,obse,cracker_scene1,70,old
5207,23.59875178337097,1.570163058287795,obse,cracker_scene1,70,old
5208,23.602888345718384,1.570163058287795,obse,cracker_scene1,70,old
5209,23.607020139694214,1.570163058287795,obse,cracker_scene1,70,old
5210,23.611136436462402,1.570163058287795,obse,cracker_scene1,70,old
5211,23.61524224281311,1.570163058287795,obse,cracker_scene1,70,old
5212,23.6193528175354,1.570163058287795,obse,cracker_scene1,70,old
5213,23.623507022857666,1.570163058287795,obse,cracker_scene1,70,old
5214,23.62761402130127,1.570163058287795,obse,cracker_scene1,70,old
5215,23.63170886039734,1.570163058287795,obse,cracker_scene1,70,old
5216,23.635820865631104,1.570163058287795,obse,cracker_scene1,70,old
5217,23.639911890029907,1.570163058287795,obse,cracker_scene1,70,old
5218,23.64402198791504,1.570163058287795,obse,cracker_scene1,70,old
5219,23.64812731742859,1.570163058287795,obse,cracker_scene1,70,old
5220,23.652201890945435,1.570163058287795,obse,cracker_scene1,70,old
5221,23.656283617019653,1.570163058287795,obse,cracker_scene1,70,old
5222,23.660361766815186,1.570163058287795,obse,cracker_scene1,70,old
5223,23.664469242095947,1.570163058287795,obse,cracker_scene1,70,old
5224,23.668654203414917,1.570163058287795,obse,cracker_scene1,70,old
5225,23.672778129577637,1.570163058287795,obse,cracker_scene1,70,old
5226,23.676888942718506,1.570163058287795,obse,cracker_scene1,70,old
5227,23.681018114089966,1.570163058287795,obse,cracker_scene1,70,old
5228,23.685115814208984,1.570163058287795,obse,cracker_scene1,70,old
5229,23.689199209213257,1.570163058287795,obse,cracker_scene1,70,old
5230,23.69327402114868,1.570163058287795,obse,cracker_scene1,70,old
5231,23.69736123085022,1.570163058287795,obse,cracker_scene1,70,old
5232,23.70145344734192,1.570163058287795,obse,cracker_scene1,70,old
5233,23.70555305480957,1.570163058287795,obse,cracker_scene1,70,old
5234,23.709683656692505,1.570163058287795,obse,cracker_scene1,70,old
5235,23.713791608810425,1.570163058287795,obse,cracker_scene1,70,old
5236,23.71785831451416,1.570163058287795,obse,cracker_scene1,70,old
5237,23.72192096710205,1.570163058287795,obse,cracker_scene1,70,old
5238,23.726012706756592,1.570163058287795,obse,cracker_scene1,70,old
5239,23.730107069015503,1.570163058287795,obse,cracker_scene1,70,old
5240,23.734204053878784,1.570163058287795,obse,cracker_scene1,70,old
5241,23.73830246925354,1.570163058287795,obse,cracker_scene1,70,old
5242,23.74240231513977,1.570163058287795,obse,cracker_scene1,70,old
5243,23.746513843536377,1.570163058287795,obse,cracker_scene1,70,old
5244,23.750606775283813,1.570163058287795,obse,cracker_scene1,70,old
5245,23.754661321640015,1.570163058287795,obse,cracker_scene1,70,old
5246,23.758772134780884,1.570163058287795,obse,cracker_scene1,70,old
5247,23.76284170150757,1.570163058287795,obse,cracker_scene1,70,old
5248,23.766903400421143,1.570163058287795,obse,cracker_scene1,70,old
5249,23.771004915237427,1.570163058287795,obse,cracker_scene1,70,old
5250,23.775146961212158,1.570163058287795,obse,cracker_scene1,70,old
5251,23.779327154159546,1.570163058287795,obse,cracker_scene1,70,old
5252,23.783427953720093,1.570163058287795,obse,cracker_scene1,70,old
5253,23.787614345550537,1.570163058287795,obse,cracker_scene1,70,old
5254,23.791717767715454,1.570163058287795,obse,cracker_scene1,70,old
5255,23.795817852020264,1.570163058287795,obse,cracker_scene1,70,old
5256,23.79993724822998,1.570163058287795,obse,cracker_scene1,70,old
5257,23.804042100906372,1.570163058287795,obse,cracker_scene1,70,old
5258,23.80812954902649,1.570163058287795,obse,cracker_scene1,70,old
5259,23.812222957611084,1.570163058287795,obse,cracker_scene1,70,old
5260,23.816311836242676,1.570163058287795,obse,cracker_scene1,70,old
5261,23.82040047645569,1.570163058287795,obse,cracker_scene1,70,old
5262,23.82450819015503,1.570163058287795,obse,cracker_scene1,70,old
5263,23.82858920097351,1.570163058287795,obse,cracker_scene1,70,old
5264,23.832691192626953,1.570163058287795,obse,cracker_scene1,70,old
5265,23.83680033683777,1.570163058287795,obse,cracker_scene1,70,old
5266,23.84089756011963,1.570163058287795,obse,cracker_scene1,70,old
5267,23.845022201538086,1.570163058287795,obse,cracker_scene1,70,old
5268,23.849137544631958,1.570163058287795,obse,cracker_scene1,70,old
5269,23.853261709213257,1.570163058287795,obse,cracker_scene1,70,old
5270,23.85738492012024,1.570163058287795,obse,cracker_scene1,70,old
5271,23.86146640777588,1.570163058287795,obse,cracker_scene1,70,old
5272,23.865588426589966,1.570163058287795,obse,cracker_scene1,70,old
5273,23.869676113128662,1.570163058287795,obse,cracker_scene1,70,old
5274,23.873772621154785,1.570163058287795,obse,cracker_scene1,70,old
5275,23.87787938117981,1.570163058287795,obse,cracker_scene1,70,old
5276,23.88199782371521,1.570163058287795,obse,cracker_scene1,70,old
5277,23.88613200187683,1.570163058287795,obse,cracker_scene1,70,old
5278,23.890231132507324,1.570163058287795,obse,cracker_scene1,70,old
5279,23.89434814453125,1.570163058287795,obse,cracker_scene1,70,old
5280,23.898459434509277,1.570163058287795,obse,cracker_scene1,70,old
5281,23.90255618095398,1.570163058287795,obse,cracker_scene1,70,old
5282,23.90666127204895,1.570163058287795,obse,cracker_scene1,70,old
5283,23.9107506275177,1.570163058287795,obse,cracker_scene1,70,old
5284,23.914840698242188,1.570163058287795,obse,cracker_scene1,70,old
5285,23.91897177696228,1.570163058287795,obse,cracker_scene1,70,old
5286,23.92303156852722,1.570163058287795,obse,cracker_scene1,70,old
5287,23.927117586135864,1.570163058287795,obse,cracker_scene1,70,old
5288,23.93118405342102,1.570163058287795,obse,cracker_scene1,70,old
5289,23.935270071029663,1.570163058287795,obse,cracker_scene1,70,old
5290,23.939380407333374,1.570163058287795,obse,cracker_scene1,70,old
5291,23.9435293674469,1.570163058287795,obse,cracker_scene1,70,old
5292,23.947598457336426,1.570163058287795,obse,cracker_scene1,70,old
5293,23.95167088508606,1.570163058287795,obse,cracker_scene1,70,old
5294,23.95580220222473,1.570163058287795,obse,cracker_scene1,70,old
5295,23.959898710250854,1.570163058287795,obse,cracker_scene1,70,old
5296,23.96399688720703,1.570163058287795,obse,cracker_scene1,70,old
5297,23.968148231506348,1.570163058287795,obse,cracker_scene1,70,old
5298,23.97221875190735,1.570163058287795,obse,cracker_scene1,70,old
5299,23.97629952430725,1.570163058287795,obse,cracker_scene1,70,old
5300,23.980392694473267,1.570163058287795,obse,cracker_scene1,70,old
5301,23.984442710876465,1.570163058287795,obse,cracker_scene1,70,old
5302,23.98851203918457,1.570163058287795,obse,cracker_scene1,70,old
5303,23.99258327484131,1.570163058287795,obse,cracker_scene1,70,old
5304,23.99666976928711,1.570163058287795,obse,cracker_scene1,70,old
5305,24.00069260597229,1.570163058287795,obse,cracker_scene1,70,old
5306,24.004762172698975,1.570163058287795,obse,cracker_scene1,70,old
5307,24.0088210105896,1.570163058287795,obse,cracker_scene1,70,old
5308,24.012891054153442,1.570163058287795,obse,cracker_scene1,70,old
5309,24.016985177993774,1.570163058287795,obse,cracker_scene1,70,old
5310,24.021079540252686,1.570163058287795,obse,cracker_scene1,70,old
5311,24.025174617767334,1.570163058287795,obse,cracker_scene1,70,old
5312,24.02925395965576,1.570163058287795,obse,cracker_scene1,70,old
5313,24.033337831497192,1.570163058287795,obse,cracker_scene1,70,old
5314,24.037418127059937,1.570163058287795,obse,cracker_scene1,70,old
5315,24.041531801223755,1.570163058287795,obse,cracker_scene1,70,old
5316,24.045614004135132,1.570163058287795,obse,cracker_scene1,70,old
5317,24.049692392349243,1.570163058287795,obse,cracker_scene1,70,old
5318,24.053853034973145,1.570163058287795,obse,cracker_scene1,70,old
5319,24.057963609695435,1.570163058287795,obse,cracker_scene1,70,old
5320,24.06205677986145,1.570163058287795,obse,cracker_scene1,70,old
5321,24.066193342208862,1.570163058287795,obse,cracker_scene1,70,old
5322,24.070297479629517,1.570163058287795,obse,cracker_scene1,70,old
5323,24.074373245239258,1.570163058287795,obse,cracker_scene1,70,old
5324,24.0784695148468,1.570163058287795,obse,cracker_scene1,70,old
5325,24.082580089569092,1.570163058287795,obse,cracker_scene1,70,old
5326,24.086669445037842,1.570163058287795,obse,cracker_scene1,70,old
5327,24.09077286720276,1.570163058287795,obse,cracker_scene1,70,old
5328,24.09486675262451,1.570163058287795,obse,cracker_scene1,70,old
5329,24.09897232055664,1.570163058287795,obse,cracker_scene1,70,old
5330,24.103070735931396,1.570163058287795,obse,cracker_scene1,70,old
5331,24.10715961456299,1.570163058287795,obse,cracker_scene1,70,old
5332,24.111270904541016,1.570163058287795,obse,cracker_scene1,70,old
5333,24.115357398986816,1.570163058287795,obse,cracker_scene1,70,old
5334,24.119479656219482,1.570163058287795,obse,cracker_scene1,70,old
5335,24.12358784675598,1.570163058287795,obse,cracker_scene1,70,old
5336,24.127687692642212,1.570163058287795,obse,cracker_scene1,70,old
5337,24.131786584854126,1.570163058287795,obse,cracker_scene1,70,old
5338,24.135895490646362,1.570163058287795,obse,cracker_scene1,70,old
5339,24.13998532295227,1.570163058287795,obse,cracker_scene1,70,old
5340,24.144140481948853,1.570163058287795,obse,cracker_scene1,70,old
5341,24.1482412815094,1.570163058287795,obse,cracker_scene1,70,old
5342,24.152371644973755,1.570163058287795,obse,cracker_scene1,70,old
5343,24.1564724445343,1.570163058287795,obse,cracker_scene1,70,old
5344,24.160569190979004,1.570163058287795,obse,cracker_scene1,70,old
5345,24.164716243743896,1.570163058287795,obse,cracker_scene1,70,old
5346,24.168835401535034,1.570163058287795,obse,cracker_scene1,70,old
5347,24.172940731048584,1.570163058287795,obse,cracker_scene1,70,old
5348,24.17704439163208,1.570163058287795,obse,cracker_scene1,70,old
5349,24.181166410446167,1.570163058287795,obse,cracker_scene1,70,old
5350,24.185256004333496,1.570163058287795,obse,cracker_scene1,70,old
5351,24.18935751914978,1.570163058287795,obse,cracker_scene1,70,old
5352,24.19346570968628,1.570163058287795,obse,cracker_scene1,70,old
5353,24.197563886642456,1.570163058287795,obse,cracker_scene1,70,old
5354,24.201669216156006,1.570163058287795,obse,cracker_scene1,70,old
5355,24.205728769302368,1.570163058287795,obse,cracker_scene1,70,old
5356,24.209839820861816,1.570163058287795,obse,cracker_scene1,70,old
5357,24.213984966278076,1.570163058287795,obse,cracker_scene1,70,old
5358,24.218138694763184,1.570163058287795,obse,cracker_scene1,70,old
5359,24.222241163253784,1.570163058287795,obse,cracker_scene1,70,old
5360,24.226343870162964,1.570163058287795,obse,cracker_scene1,70,old
5361,24.230444192886353,1.570163058287795,obse,cracker_scene1,70,old
5362,24.234534978866577,1.570163058287795,obse,cracker_scene1,70,old
5363,24.238640069961548,1.570163058287795,obse,cracker_scene1,70,old
5364,24.242759943008423,1.570163058287795,obse,cracker_scene1,70,old
5365,24.246893644332886,1.570163058287795,obse,cracker_scene1,70,old
5366,24.25101351737976,1.570163058287795,obse,cracker_scene1,70,old
5367,24.255101203918457,1.570163058287795,obse,cracker_scene1,70,old
5368,24.25919198989868,1.570163058287795,obse,cracker_scene1,70,old
5369,24.263274431228638,1.570163058287795,obse,cracker_scene1,70,old
5370,24.267402410507202,1.570163058287795,obse,cracker_scene1,70,old
5371,24.271506786346436,1.570163058287795,obse,cracker_scene1,70,old
5372,24.275609016418457,1.570163058287795,obse,cracker_scene1,70,old
5373,24.27973461151123,1.570163058287795,obse,cracker_scene1,70,old
5374,24.283873319625854,1.570163058287795,obse,cracker_scene1,70,old
5375,24.28807759284973,1.570163058287795,obse,cracker_scene1,70,old
5376,24.29222345352173,1.570163058287795,obse,cracker_scene1,70,old
5377,24.296356201171875,1.570163058287795,obse,cracker_scene1,70,old
5378,24.30052351951599,1.570163058287795,obse,cracker_scene1,70,old
5379,24.304696321487427,1.570163058287795,obse,cracker_scene1,70,old
5380,24.308764934539795,1.570163058287795,obse,cracker_scene1,70,old
5381,24.312888860702515,1.570163058287795,obse,cracker_scene1,70,old
5382,24.31698703765869,1.570163058287795,obse,cracker_scene1,70,old
5383,24.32110857963562,1.570163058287795,obse,cracker_scene1,70,old
5384,24.325172424316406,1.570163058287795,obse,cracker_scene1,70,old
5385,24.329262733459473,1.570163058287795,obse,cracker_scene1,70,old
5386,24.333340644836426,1.570163058287795,obse,cracker_scene1,70,old
5387,24.337437391281128,1.570163058287795,obse,cracker_scene1,70,old
5388,24.341516733169556,1.570163058287795,obse,cracker_scene1,70,old
5389,24.34564709663391,1.570163058287795,obse,cracker_scene1,70,old
5390,24.349709272384644,1.570163058287795,obse,cracker_scene1,70,old
5391,24.353917360305786,1.570163058287795,obse,cracker_scene1,70,old
5392,24.35806632041931,1.570163058287795,obse,cracker_scene1,70,old
5393,24.362165689468384,1.570163058287795,obse,cracker_scene1,70,old
5394,24.366291999816895,1.570163058287795,obse,cracker_scene1,70,old
5395,24.370498418807983,1.570163058287795,obse,cracker_scene1,70,old
5396,24.374722003936768,1.570163058287795,obse,cracker_scene1,70,old
5397,24.37904953956604,1.570163058287795,obse,cracker_scene1,70,old
5398,24.383233547210693,1.570163058287795,obse,cracker_scene1,70,old
5399,24.388407468795776,1.570163058287795,obse,cracker_scene1,70,old
5400,24.394102334976196,1.570163058287795,obse,cracker_scene1,70,old
5401,24.39978289604187,1.570163058287795,obse,cracker_scene1,70,old
5402,24.40544319152832,1.570163058287795,obse,cracker_scene1,70,old
5403,24.411235332489014,1.570163058287795,obse,cracker_scene1,70,old
5404,24.416950225830078,1.570163058287795,obse,cracker_scene1,70,old
5405,24.422337532043457,1.570163058287795,obse,cracker_scene1,70,old
5406,24.427971839904785,1.570163058287795,obse,cracker_scene1,70,old
5407,24.433642148971558,1.570163058287795,obse,cracker_scene1,70,old
5408,24.43956995010376,1.570163058287795,obse,cracker_scene1,70,old
5409,24.44547462463379,1.570163058287795,obse,cracker_scene1,70,old
5410,24.44985055923462,1.570163058287795,obse,cracker_scene1,70,old
5411,24.454620838165283,1.570163058287795,obse,cracker_scene1,70,old
5412,24.459407567977905,1.570163058287795,obse,cracker_scene1,70,old
5413,24.46519947052002,1.570163058287795,obse,cracker_scene1,70,old
5414,24.471174478530884,1.570163058287795,obse,cracker_scene1,70,old
5415,24.475435733795166,1.570163058287795,obse,cracker_scene1,70,old
5416,24.479642629623413,1.570163058287795,obse,cracker_scene1,70,old
5417,24.483872652053833,1.570163058287795,obse,cracker_scene1,70,old
5418,24.48809266090393,1.570163058287795,obse,cracker_scene1,70,old
5419,24.492278814315796,1.570163058287795,obse,cracker_scene1,70,old
5420,24.496472597122192,1.570163058287795,obse,cracker_scene1,70,old
5421,24.500649213790894,1.570163058287795,obse,cracker_scene1,70,old
5422,24.505086183547974,1.570163058287795,obse,cracker_scene1,70,old
5423,24.5092830657959,1.570163058287795,obse,cracker_scene1,70,old
5424,24.51347064971924,1.570163058287795,obse,cracker_scene1,70,old
5425,24.517661094665527,1.570163058287795,obse,cracker_scene1,70,old
5426,24.521912336349487,1.570163058287795,obse,cracker_scene1,70,old
5427,24.52610945701599,1.570163058287795,obse,cracker_scene1,70,old
5428,24.53032374382019,1.570163058287795,obse,cracker_scene1,70,old
5429,24.534513235092163,1.570163058287795,obse,cracker_scene1,70,old
5430,24.538697719573975,1.570163058287795,obse,cracker_scene1,70,old
5431,24.543051958084106,1.570163058287795,obse,cracker_scene1,70,old
5432,24.547587156295776,1.570163058287795,obse,cracker_scene1,70,old
5433,24.55238699913025,1.570163058287795,obse,cracker_scene1,70,old
5434,24.55779194831848,1.570163058287795,obse,cracker_scene1,70,old
5435,24.562426328659058,1.570163058287795,obse,cracker_scene1,70,old
5436,24.566643953323364,1.570163058287795,obse,cracker_scene1,70,old
5437,24.570939779281616,1.570163058287795,obse,cracker_scene1,70,old
5438,24.575049877166748,1.570163058287795,obse,cracker_scene1,70,old
5439,24.57911252975464,1.570163058287795,obse,cracker_scene1,70,old
5440,24.583187103271484,1.570163058287795,obse,cracker_scene1,70,old
5441,24.58743166923523,1.570163058287795,obse,cracker_scene1,70,old
5442,24.59155297279358,1.570163058287795,obse,cracker_scene1,70,old
5443,24.595601797103882,1.570163058287795,obse,cracker_scene1,70,old
5444,24.599637508392334,1.570163058287795,obse,cracker_scene1,70,old
5445,24.60371494293213,1.570163058287795,obse,cracker_scene1,70,old
5446,24.607769012451172,1.570163058287795,obse,cracker_scene1,70,old
5447,24.611830234527588,1.570163058287795,obse,cracker_scene1,70,old
5448,24.61590051651001,1.570163058287795,obse,cracker_scene1,70,old
5449,24.6199848651886,1.570163058287795,obse,cracker_scene1,70,old
5450,24.62403440475464,1.570163058287795,obse,cracker_scene1,70,old
5451,24.62809729576111,1.570163058287795,obse,cracker_scene1,70,old
5452,24.63216996192932,1.570163058287795,obse,cracker_scene1,70,old
5453,24.6362624168396,1.570163058287795,obse,cracker_scene1,70,old
5454,24.640324354171753,1.570163058287795,obse,cracker_scene1,70,old
5455,24.64439821243286,1.570163058287795,obse,cracker_scene1,70,old
5456,24.64847230911255,1.570163058287795,obse,cracker_scene1,70,old
5457,24.652549505233765,1.570163058287795,obse,cracker_scene1,70,old
5458,24.656619548797607,1.570163058287795,obse,cracker_scene1,70,old
5459,24.660706043243408,1.570163058287795,obse,cracker_scene1,70,old
5460,24.664793491363525,1.570163058287795,obse,cracker_scene1,70,old
5461,24.66893720626831,1.570163058287795,obse,cracker_scene1,70,old
5462,24.673041105270386,1.570163058287795,obse,cracker_scene1,70,old
5463,24.677095413208008,1.570163058287795,obse,cracker_scene1,70,old
5464,24.681164503097534,1.570163058287795,obse,cracker_scene1,70,old
5465,24.6852548122406,1.570163058287795,obse,cracker_scene1,70,old
5466,24.689313411712646,1.570163058287795,obse,cracker_scene1,70,old
5467,24.693370580673218,1.570163058287795,obse,cracker_scene1,70,old
5468,24.69749164581299,1.570163058287795,obse,cracker_scene1,70,old
5469,24.70156455039978,1.570163058287795,obse,cracker_scene1,70,old
5470,24.705615520477295,1.570163058287795,obse,cracker_scene1,70,old
5471,24.7097225189209,1.570163058287795,obse,cracker_scene1,70,old
5472,24.71388006210327,1.570163058287795,obse,cracker_scene1,70,old
5473,24.718089818954468,1.570163058287795,obse,cracker_scene1,70,old
5474,24.72226858139038,1.570163058287795,obse,cracker_scene1,70,old
5475,24.726396083831787,1.570163058287795,obse,cracker_scene1,70,old
5476,24.730523824691772,1.570163058287795,obse,cracker_scene1,70,old
5477,24.734647035598755,1.570163058287795,obse,cracker_scene1,70,old
5478,24.738767623901367,1.570163058287795,obse,cracker_scene1,70,old
5479,24.74287700653076,1.570163058287795,obse,cracker_scene1,70,old
5480,24.747004508972168,1.570163058287795,obse,cracker_scene1,70,old
5481,24.7510769367218,1.570163058287795,obse,cracker_scene1,70,old
5482,24.755182027816772,1.570163058287795,obse,cracker_scene1,70,old
5483,24.759297370910645,1.570163058287795,obse,cracker_scene1,70,old
5484,24.763424396514893,1.570163058287795,obse,cracker_scene1,70,old
5485,24.767545223236084,1.570163058287795,obse,cracker_scene1,70,old
5486,24.77168083190918,1.570163058287795,obse,cracker_scene1,70,old
5487,24.77578902244568,1.570163058287795,obse,cracker_scene1,70,old
5488,24.779916286468506,1.570163058287795,obse,cracker_scene1,70,old
5489,24.784030437469482,1.570163058287795,obse,cracker_scene1,70,old
5490,24.78813099861145,1.570163058287795,obse,cracker_scene1,70,old
5491,24.792421579360962,1.570163058287795,obse,cracker_scene1,70,old
5492,24.796536684036255,1.570163058287795,obse,cracker_scene1,70,old
5493,24.800665378570557,1.570163058287795,obse,cracker_scene1,70,old
5494,24.804798126220703,1.570163058287795,obse,cracker_scene1,70,old
5495,24.808929681777954,1.570163058287795,obse,cracker_scene1,70,old
5496,24.813066482543945,1.570163058287795,obse,cracker_scene1,70,old
5497,24.817167043685913,1.570163058287795,obse,cracker_scene1,70,old
5498,24.821266412734985,1.570163058287795,obse,cracker_scene1,70,old
5499,24.825339555740356,1.570163058287795,obse,cracker_scene1,70,old
5500,24.82946276664734,1.570163058287795,obse,cracker_scene1,70,old
5501,24.833571910858154,1.570163058287795,obse,cracker_scene1,70,old
5502,24.83767533302307,1.570163058287795,obse,cracker_scene1,70,old
5503,24.84180235862732,1.570163058287795,obse,cracker_scene1,70,old
5504,24.845926761627197,1.570163058287795,obse,cracker_scene1,70,old
5505,24.850045204162598,1.570163058287795,obse,cracker_scene1,70,old
5506,24.854161024093628,1.570163058287795,obse,cracker_scene1,70,old
5507,24.858264923095703,1.570163058287795,obse,cracker_scene1,70,old
5508,24.862321138381958,1.570163058287795,obse,cracker_scene1,70,old
5509,24.86639904975891,1.570163058287795,obse,cracker_scene1,70,old
5510,24.870445489883423,1.570163058287795,obse,cracker_scene1,70,old
5511,24.874516487121582,1.570163058287795,obse,cracker_scene1,70,old
5512,24.878578186035156,1.570163058287795,obse,cracker_scene1,70,old
5513,24.88267707824707,1.570163058287795,obse,cracker_scene1,70,old
5514,24.88672971725464,1.570163058287795,obse,cracker_scene1,70,old
5515,24.890838623046875,1.570163058287795,obse,cracker_scene1,70,old
5516,24.894927740097046,1.570163058287795,obse,cracker_scene1,70,old
5517,24.898978233337402,1.570163058287795,obse,cracker_scene1,70,old
5518,24.903035879135132,1.570163058287795,obse,cracker_scene1,70,old
5519,24.90708589553833,1.570163058287795,obse,cracker_scene1,70,old
5520,24.911150693893433,1.570163058287795,obse,cracker_scene1,70,old
5521,24.915183067321777,1.570163058287795,obse,cracker_scene1,70,old
5522,24.91927719116211,1.570163058287795,obse,cracker_scene1,70,old
5523,24.923353672027588,1.570163058287795,obse,cracker_scene1,70,old
5524,24.927406787872314,1.570163058287795,obse,cracker_scene1,70,old
5525,24.93143892288208,1.570163058287795,obse,cracker_scene1,70,old
5526,24.935526132583618,1.570163058287795,obse,cracker_scene1,70,old
5527,24.939591646194458,1.570163058287795,obse,cracker_scene1,70,old
5528,24.943694829940796,1.570163058287795,obse,cracker_scene1,70,old
5529,24.94776463508606,1.570163058287795,obse,cracker_scene1,70,old
5530,24.951822996139526,1.570163058287795,obse,cracker_scene1,70,old
5531,24.955946922302246,1.570163058287795,obse,cracker_scene1,70,old
5532,24.96005392074585,1.570163058287795,obse,cracker_scene1,70,old
5533,24.96411919593811,1.570163058287795,obse,cracker_scene1,70,old
5534,24.96821165084839,1.570163058287795,obse,cracker_scene1,70,old
5535,24.972287893295288,1.570163058287795,obse,cracker_scene1,70,old
5536,24.976511240005493,1.570163058287795,obse,cracker_scene1,70,old
5537,24.9806866645813,1.570163058287795,obse,cracker_scene1,70,old
5538,24.98488712310791,1.570163058287795,obse,cracker_scene1,70,old
5539,24.988951206207275,1.570163058287795,obse,cracker_scene1,70,old
5540,24.99300527572632,1.570163058287795,obse,cracker_scene1,70,old
5541,24.997141361236572,1.570163058287795,obse,cracker_scene1,70,old
5542,25.00121021270752,1.570163058287795,obse,cracker_scene1,70,old
5543,25.005261182785034,1.570163058287795,obse,cracker_scene1,70,old
5544,25.009289503097534,1.570163058287795,obse,cracker_scene1,70,old
5545,25.01334309577942,1.570163058287795,obse,cracker_scene1,70,old
5546,25.01740527153015,1.570163058287795,obse,cracker_scene1,70,old
5547,25.021475553512573,1.570163058287795,obse,cracker_scene1,70,old
5548,25.025517463684082,1.570163058287795,obse,cracker_scene1,70,old
5549,25.02958345413208,1.570163058287795,obse,cracker_scene1,70,old
5550,25.033628940582275,1.570163058287795,obse,cracker_scene1,70,old
5551,25.037712574005127,1.570163058287795,obse,cracker_scene1,70,old
5552,25.041775226593018,1.570163058287795,obse,cracker_scene1,70,old
5553,25.045863389968872,1.570163058287795,obse,cracker_scene1,70,old
5554,25.04992961883545,1.570163058287795,obse,cracker_scene1,70,old
5555,25.05400824546814,1.570163058287795,obse,cracker_scene1,70,old
5556,25.05804967880249,1.570163058287795,obse,cracker_scene1,70,old
5557,25.06212854385376,1.570163058287795,obse,cracker_scene1,70,old
5558,25.06624412536621,1.570163058287795,obse,cracker_scene1,70,old
5559,25.07032322883606,1.570163058287795,obse,cracker_scene1,70,old
5560,25.07438898086548,1.570163058287795,obse,cracker_scene1,70,old
5561,25.078457355499268,1.570163058287795,obse,cracker_scene1,70,old
5562,25.0825297832489,1.570163058287795,obse,cracker_scene1,70,old
5563,25.086596965789795,1.570163058287795,obse,cracker_scene1,70,old
5564,25.090675592422485,1.570163058287795,obse,cracker_scene1,70,old
5565,25.094748735427856,1.570163058287795,obse,cracker_scene1,70,old
5566,25.098835229873657,1.570163058287795,obse,cracker_scene1,70,old
5567,25.102909326553345,1.570163058287795,obse,cracker_scene1,70,old
5568,25.10697078704834,1.570163058287795,obse,cracker_scene1,70,old
5569,25.111059188842773,1.570163058287795,obse,cracker_scene1,70,old
5570,25.115136861801147,1.570163058287795,obse,cracker_scene1,70,old
5571,25.119183778762817,1.570163058287795,obse,cracker_scene1,70,old
5572,25.123244285583496,1.570163058287795,obse,cracker_scene1,70,old
5573,25.12730312347412,1.570163058287795,obse,cracker_scene1,70,old
5574,25.13137698173523,1.570163058287795,obse,cracker_scene1,70,old
5575,25.135427713394165,1.570163058287795,obse,cracker_scene1,70,old
5576,25.13947892189026,1.570163058287795,obse,cracker_scene1,70,old
5577,25.143550395965576,1.570163058287795,obse,cracker_scene1,70,old
5578,25.14763641357422,1.570163058287795,obse,cracker_scene1,70,old
5579,25.151721477508545,1.570163058287795,obse,cracker_scene1,70,old
5580,25.155786991119385,1.570163058287795,obse,cracker_scene1,70,old
5581,25.15989351272583,1.570163058287795,obse,cracker_scene1,70,old
5582,25.16394543647766,1.570163058287795,obse,cracker_scene1,70,old
5583,25.168097019195557,1.570163058287795,obse,cracker_scene1,70,old
5584,25.17217469215393,1.570163058287795,obse,cracker_scene1,70,old
5585,25.17624282836914,1.570163058287795,obse,cracker_scene1,70,old
5586,25.180317878723145,1.570163058287795,obse,cracker_scene1,70,old
5587,25.184401273727417,1.570163058287795,obse,cracker_scene1,70,old
5588,25.188488483428955,1.570163058287795,obse,cracker_scene1,70,old
5589,25.19255018234253,1.570163058287795,obse,cracker_scene1,70,old
5590,25.19664216041565,1.570163058287795,obse,cracker_scene1,70,old
5591,25.200722694396973,1.570163058287795,obse,cracker_scene1,70,old
