0,0.0001723766326904297,0.3029585487069468,obse,soup_scene3,70,old
1,0.0022051334381103516,0.3029585487069468,obse,soup_scene3,70,old
2,0.006947040557861328,0.3014815151125049,obse,soup_scene3,70,old
3,0.01122593879699707,0.30106344074155794,obse,soup_scene3,70,old
4,0.01551508903503418,0.30106344074155794,obse,soup_scene3,70,old
5,0.019709348678588867,0.30106344074155794,obse,soup_scene3,70,old
6,0.02393651008605957,0.30106344074155794,obse,soup_scene3,70,old
7,0.028070449829101562,0.30106344074155794,obse,soup_scene3,70,old
8,0.03241109848022461,0.301143462116828,obse,soup_scene3,70,old
9,0.03687548637390137,0.3011598547137947,obse,soup_scene3,70,old
10,0.041855573654174805,0.30120775374656683,obse,soup_scene3,70,old
11,0.04608488082885742,0.3012570836790195,obse,soup_scene3,70,old
12,0.05031323432922363,0.30042763839651515,obse,soup_scene3,70,old
13,0.05482029914855957,0.30042763839651515,obse,soup_scene3,70,old
14,0.0590667724609375,0.3012890237509925,obse,soup_scene3,70,old
15,0.06326031684875488,0.3012890237509925,obse,soup_scene3,70,old
16,0.06741690635681152,0.3012890237509925,obse,soup_scene3,70,old
17,0.07155108451843262,0.3012890237509925,obse,soup_scene3,70,old
18,0.07585978507995605,0.3012890237509925,obse,soup_scene3,70,old
19,0.08035421371459961,0.30124121370496393,obse,soup_scene3,70,old
20,0.08516573905944824,0.30602310667083105,obse,soup_scene3,70,old
21,0.08969473838806152,0.30641597077210564,obse,soup_scene3,70,old
22,0.09470200538635254,0.30641749804001917,obse,soup_scene3,70,old
23,0.10016632080078125,0.30649741114746776,obse,soup_scene3,70,old
24,0.10516142845153809,0.30649741114746776,obse,soup_scene3,70,old
25,0.10990118980407715,0.30565666119411034,obse,soup_scene3,70,old
26,0.11433601379394531,0.30565666119411034,obse,soup_scene3,70,old
27,0.11882853507995605,0.30628203271495935,obse,soup_scene3,70,old
28,0.12353396415710449,0.30628203271495935,obse,soup_scene3,70,old
29,0.12824559211730957,0.3065194509098084,obse,soup_scene3,70,old
30,0.1326298713684082,0.30647990513306866,obse,soup_scene3,70,old
31,0.137847900390625,0.30642419111718894,obse,soup_scene3,70,old
32,0.14277219772338867,0.30133725139606293,obse,soup_scene3,70,old
33,0.1480700969696045,0.30067809357739783,obse,soup_scene3,70,old
34,0.1533665657043457,0.3007333061804224,obse,soup_scene3,70,old
35,0.1584475040435791,0.30077056777597894,obse,soup_scene3,70,old
36,0.1629641056060791,0.30087402839276906,obse,soup_scene3,70,old
37,0.16813135147094727,0.30090118595573184,obse,soup_scene3,70,old
38,0.172804594039917,0.30090118595573184,obse,soup_scene3,70,old
39,0.17753386497497559,0.30090118595573184,obse,soup_scene3,70,old
40,0.18216466903686523,0.3007373841842485,obse,soup_scene3,70,old
41,0.1867232322692871,0.30051148993844035,obse,soup_scene3,70,old
42,0.19086337089538574,0.30051148993844035,obse,soup_scene3,70,old
43,0.19503569602966309,0.3008415310468233,obse,soup_scene3,70,old
44,0.1991255283355713,0.3008415310468233,obse,soup_scene3,70,old
45,0.20320940017700195,0.3008415310468233,obse,soup_scene3,70,old
46,0.20732688903808594,0.30072062713823067,obse,soup_scene3,70,old
47,0.21144962310791016,0.30061766402318674,obse,soup_scene3,70,old
48,0.2160627841949463,0.3009608155044823,obse,soup_scene3,70,old
49,0.22114229202270508,0.31747897959972954,obse,soup_scene3,70,old
50,0.22644853591918945,0.3197015104838399,obse,soup_scene3,70,old
51,0.2311398983001709,0.3197015104838399,obse,soup_scene3,70,old
52,0.23587822914123535,0.3197015104838399,obse,soup_scene3,70,old
53,0.24086594581604004,0.31960004738153014,obse,soup_scene3,70,old
54,0.2457726001739502,0.31914538955068505,obse,soup_scene3,70,old
55,0.25086355209350586,0.31914538955068505,obse,soup_scene3,70,old
56,0.2558917999267578,0.3199706170710584,obse,soup_scene3,70,old
57,0.2604691982269287,0.32017397559196487,obse,soup_scene3,70,old
58,0.26465511322021484,0.32017397559196487,obse,soup_scene3,70,old
59,0.26885557174682617,0.32017397559196487,obse,soup_scene3,70,old
60,0.27350687980651855,0.32017397559196487,obse,soup_scene3,70,old
61,0.2781558036804199,0.31954685962056667,obse,soup_scene3,70,old
62,0.28276777267456055,0.3170058790556097,obse,soup_scene3,70,old
63,0.28710246086120605,0.3167456959579788,obse,soup_scene3,70,old
64,0.29134321212768555,0.3167456959579788,obse,soup_scene3,70,old
65,0.29552412033081055,0.3167456959579788,obse,soup_scene3,70,old
66,0.3000001907348633,0.316736696101232,obse,soup_scene3,70,old
67,0.30428314208984375,0.316736696101232,obse,soup_scene3,70,old
68,0.30907559394836426,0.3172849080044659,obse,soup_scene3,70,old
69,0.31338000297546387,0.3172849080044659,obse,soup_scene3,70,old
70,0.31775641441345215,0.31734779399833185,obse,soup_scene3,70,old
71,0.3220033645629883,0.31734779399833185,obse,soup_scene3,70,old
72,0.34018850326538086,0.3169103740976675,obse,soup_scene3,70,old
73,0.34448981285095215,0.3169103740976675,obse,soup_scene3,70,old
74,0.34924817085266113,0.31716167115911537,obse,soup_scene3,70,old
75,0.35344505310058594,0.31716167115911537,obse,soup_scene3,70,old
76,0.3577139377593994,0.31716167115911537,obse,soup_scene3,70,old
77,0.3627760410308838,0.3168981123328086,obse,soup_scene3,70,old
78,0.3669736385345459,0.3168981123328086,obse,soup_scene3,70,old
79,0.37137746810913086,0.3168909970433785,obse,soup_scene3,70,old
80,0.37628865242004395,0.31648497743841203,obse,soup_scene3,70,old
81,0.3805055618286133,0.31648497743841203,obse,soup_scene3,70,old
82,0.38498425483703613,0.31641812649918344,obse,soup_scene3,70,old
83,0.38956308364868164,0.31717855740595224,obse,soup_scene3,70,old
84,0.3940861225128174,0.31717855740595224,obse,soup_scene3,70,old
85,0.39832615852355957,0.31744356483343955,obse,soup_scene3,70,old
86,0.40301012992858887,0.31747323500294267,obse,soup_scene3,70,old
87,0.4079885482788086,0.31747323500294267,obse,soup_scene3,70,old
88,0.4129207134246826,0.3159831526222911,obse,soup_scene3,70,old
89,0.4175412654876709,0.31530617457121823,obse,soup_scene3,70,old
90,0.4223923683166504,0.31530617457121823,obse,soup_scene3,70,old
91,0.4273052215576172,0.3159676124663899,obse,soup_scene3,70,old
92,0.4314248561859131,0.3159676124663899,obse,soup_scene3,70,old
93,0.4359242916107178,0.3159676124663899,obse,soup_scene3,70,old
94,0.4406554698944092,0.3159676124663899,obse,soup_scene3,70,old
95,0.44486522674560547,0.3159676124663899,obse,soup_scene3,70,old
96,0.44971799850463867,0.3156221364911473,obse,soup_scene3,70,old
97,0.45392608642578125,0.3156221364911473,obse,soup_scene3,70,old
98,0.45807981491088867,0.3156221364911473,obse,soup_scene3,70,old
99,0.4624783992767334,0.3156221364911473,obse,soup_scene3,70,old
100,0.46703386306762695,0.3155517939941223,obse,soup_scene3,70,old
101,0.47202634811401367,0.3159724503593413,obse,soup_scene3,70,old
102,0.4771459102630615,0.31389465087409457,obse,soup_scene3,70,old
103,0.48267269134521484,0.31389465087409457,obse,soup_scene3,70,old
104,0.48747801780700684,0.31380290335784483,obse,soup_scene3,70,old
105,0.4920992851257324,0.31380290335784483,obse,soup_scene3,70,old
106,0.49666833877563477,0.3134669859677508,obse,soup_scene3,70,old
107,0.500877857208252,0.3134669859677508,obse,soup_scene3,70,old
108,0.505352258682251,0.31341793173541227,obse,soup_scene3,70,old
109,0.5095696449279785,0.31341793173541227,obse,soup_scene3,70,old
110,0.5137546062469482,0.31341793173541227,obse,soup_scene3,70,old
111,0.5181601047515869,0.3134379995795679,obse,soup_scene3,70,old
112,0.5223698616027832,0.3134379995795679,obse,soup_scene3,70,old
113,0.5268044471740723,0.3129683315783849,obse,soup_scene3,70,old
114,0.530940055847168,0.3129683315783849,obse,soup_scene3,70,old
115,0.5353288650512695,0.3129683315783849,obse,soup_scene3,70,old
116,0.5395340919494629,0.3129683315783849,obse,soup_scene3,70,old
117,0.5443954467773438,0.3136710700411086,obse,soup_scene3,70,old
118,0.5490150451660156,0.3136710700411086,obse,soup_scene3,70,old
119,0.5535814762115479,0.3233238719817112,obse,soup_scene3,70,old
120,0.5576460361480713,0.3233238719817112,obse,soup_scene3,70,old
121,0.5619726181030273,0.32367112956585775,obse,soup_scene3,70,old
122,0.5665888786315918,0.324633951435823,obse,soup_scene3,70,old
123,0.5707745552062988,0.324633951435823,obse,soup_scene3,70,old
124,0.5751750469207764,0.324633951435823,obse,soup_scene3,70,old
125,0.5794517993927002,0.32447966641350434,obse,soup_scene3,70,old
126,0.5838537216186523,0.3244680914444975,obse,soup_scene3,70,old
127,0.5887470245361328,0.3237653883633282,obse,soup_scene3,70,old
128,0.5930986404418945,0.3237653883633282,obse,soup_scene3,70,old
129,0.597343921661377,0.3237653883633282,obse,soup_scene3,70,old
130,0.6020224094390869,0.3239852343725528,obse,soup_scene3,70,old
131,0.6064932346343994,0.323943475407274,obse,soup_scene3,70,old
132,0.6108667850494385,0.323943475407274,obse,soup_scene3,70,old
133,0.6153628826141357,0.323943475407274,obse,soup_scene3,70,old
134,0.6202335357666016,0.3285915030098769,obse,soup_scene3,70,old
135,0.6246147155761719,0.32885723987352006,obse,soup_scene3,70,old
136,0.6291537284851074,0.3298129746610208,obse,soup_scene3,70,old
137,0.6332838535308838,0.3298129746610208,obse,soup_scene3,70,old
138,0.6375186443328857,0.3298129746610208,obse,soup_scene3,70,old
139,0.6419816017150879,0.3298129746610208,obse,soup_scene3,70,old
140,0.6462211608886719,0.3298129746610208,obse,soup_scene3,70,old
141,0.6506383419036865,0.32981810219043656,obse,soup_scene3,70,old
142,0.654869556427002,0.32981810219043656,obse,soup_scene3,70,old
143,0.6594820022583008,0.32981810219043656,obse,soup_scene3,70,old
144,0.6645560264587402,0.33014723207080277,obse,soup_scene3,70,old
145,0.6689472198486328,0.32977579921914796,obse,soup_scene3,70,old
146,0.6733057498931885,0.33027185960139177,obse,soup_scene3,70,old
147,0.6775445938110352,0.329522366330994,obse,soup_scene3,70,old
148,0.6824405193328857,0.3130434957481797,obse,soup_scene3,70,old
149,0.6868236064910889,0.31287045311687955,obse,soup_scene3,70,old
150,0.6911418437957764,0.3127297212109706,obse,soup_scene3,70,old
151,0.695389986038208,0.3127297212109706,obse,soup_scene3,70,old
152,0.6999244689941406,0.31252942827252184,obse,soup_scene3,70,old
153,0.7042264938354492,0.31324010186315676,obse,soup_scene3,70,old
154,0.7085525989532471,0.31236768162032874,obse,soup_scene3,70,old
155,0.7130379676818848,0.31236768162032874,obse,soup_scene3,70,old
156,0.717914342880249,0.31236768162032874,obse,soup_scene3,70,old
157,0.7229089736938477,0.3129751702350303,obse,soup_scene3,70,old
158,0.7274689674377441,0.31336419270446286,obse,soup_scene3,70,old
159,0.732323408126831,0.31320158895456535,obse,soup_scene3,70,old
160,0.7366406917572021,0.31320158895456535,obse,soup_scene3,70,old
161,0.7412385940551758,0.31325226859188715,obse,soup_scene3,70,old
162,0.7457635402679443,0.317712032080317,obse,soup_scene3,70,old
163,0.7501506805419922,0.31771854036652764,obse,soup_scene3,70,old
164,0.7550582885742188,0.3177246627707612,obse,soup_scene3,70,old
165,0.7596549987792969,0.31763188792104846,obse,soup_scene3,70,old
166,0.7639546394348145,0.31763188792104846,obse,soup_scene3,70,old
167,0.7685387134552002,0.31714058653261995,obse,soup_scene3,70,old
168,0.772883415222168,0.31704380697369805,obse,soup_scene3,70,old
169,0.7784082889556885,0.3176138628796856,obse,soup_scene3,70,old
170,0.7829844951629639,0.31737334980712306,obse,soup_scene3,70,old
171,0.7873115539550781,0.31741975793301286,obse,soup_scene3,70,old
172,0.7916254997253418,0.3174319794646934,obse,soup_scene3,70,old
173,0.7960290908813477,0.3176036198003099,obse,soup_scene3,70,old
174,0.8008625507354736,0.3175775540126886,obse,soup_scene3,70,old
175,0.8050451278686523,0.3175775540126886,obse,soup_scene3,70,old
176,0.8093366622924805,0.3175775540126886,obse,soup_scene3,70,old
177,0.8141427040100098,0.30965959556501044,obse,soup_scene3,70,old
178,0.8184933662414551,0.3094454055044415,obse,soup_scene3,70,old
179,0.8228659629821777,0.3094454055044415,obse,soup_scene3,70,old
180,0.8270609378814697,0.3094454055044415,obse,soup_scene3,70,old
181,0.8314893245697021,0.3089264855844494,obse,soup_scene3,70,old
182,0.8356807231903076,0.3089264855844494,obse,soup_scene3,70,old
183,0.8400869369506836,0.30890444673232653,obse,soup_scene3,70,old
184,0.8442585468292236,0.30890444673232653,obse,soup_scene3,70,old
185,0.8488290309906006,0.3086474810956811,obse,soup_scene3,70,old
186,0.8535728454589844,0.30872795363020406,obse,soup_scene3,70,old
187,0.8581907749176025,0.3085900179206344,obse,soup_scene3,70,old
188,0.8625767230987549,0.3085900179206344,obse,soup_scene3,70,old
189,0.8668298721313477,0.3085900179206344,obse,soup_scene3,70,old
190,0.8712027072906494,0.3085900179206344,obse,soup_scene3,70,old
191,0.8756392002105713,0.3085442694034505,obse,soup_scene3,70,old
192,0.8802704811096191,0.3085006094853198,obse,soup_scene3,70,old
193,0.8850967884063721,0.30168534078051173,obse,soup_scene3,70,old
194,0.8895771503448486,0.30168534078051173,obse,soup_scene3,70,old
195,0.8940308094024658,0.3012718248326985,obse,soup_scene3,70,old
196,0.8982722759246826,0.3012718248326985,obse,soup_scene3,70,old
197,0.9027254581451416,0.30204300604076245,obse,soup_scene3,70,old
198,0.9069762229919434,0.30204300604076245,obse,soup_scene3,70,old
199,0.9112436771392822,0.30204300604076245,obse,soup_scene3,70,old
200,0.9155716896057129,0.30204300604076245,obse,soup_scene3,70,old
201,0.9203057289123535,0.3013975744365169,obse,soup_scene3,70,old
202,0.925344705581665,0.3004496386224087,obse,soup_scene3,70,old
203,0.929694414138794,0.3020764991035605,obse,soup_scene3,70,old
204,0.9338958263397217,0.3020764991035605,obse,soup_scene3,70,old
205,0.9381747245788574,0.3020764991035605,obse,soup_scene3,70,old
206,0.9426558017730713,0.3013527549450973,obse,soup_scene3,70,old
207,0.9468224048614502,0.3013527549450973,obse,soup_scene3,70,old
208,0.9511756896972656,0.3013527549450973,obse,soup_scene3,70,old
209,0.9555106163024902,0.3013527549450973,obse,soup_scene3,70,old
210,0.9607272148132324,0.3011237759143743,obse,soup_scene3,70,old
211,0.9650194644927979,0.3011237759143743,obse,soup_scene3,70,old
212,0.9697666168212891,0.3013860466950495,obse,soup_scene3,70,old
213,0.9740755558013916,0.3013860466950495,obse,soup_scene3,70,old
214,0.9782490730285645,0.3013860466950495,obse,soup_scene3,70,old
215,0.9824416637420654,0.3013860466950495,obse,soup_scene3,70,old
216,0.9870791435241699,0.2822250540915089,obse,soup_scene3,70,old
217,0.9912600517272949,0.2822250540915089,obse,soup_scene3,70,old
218,0.9957714080810547,0.2813160185788103,obse,soup_scene3,70,old
219,0.9999344348907471,0.2813160185788103,obse,soup_scene3,70,old
220,1.004124641418457,0.2813160185788103,obse,soup_scene3,70,old
221,1.0085759162902832,0.2822329022180349,obse,soup_scene3,70,old
222,1.013075590133667,0.28180334122389133,obse,soup_scene3,70,old
223,1.0172598361968994,0.28180334122389133,obse,soup_scene3,70,old
224,1.0216913223266602,0.2817191040290263,obse,soup_scene3,70,old
225,1.025740146636963,0.2817191040290263,obse,soup_scene3,70,old
226,1.0300731658935547,0.2817191040290263,obse,soup_scene3,70,old
227,1.0344014167785645,0.2817191040290263,obse,soup_scene3,70,old
228,1.039330244064331,0.30207416279261623,obse,soup_scene3,70,old
229,1.044189453125,0.30207416279261623,obse,soup_scene3,70,old
230,1.0485947132110596,0.2994962171901738,obse,soup_scene3,70,old
231,1.0532710552215576,0.29840014895283246,obse,soup_scene3,70,old
232,1.057948350906372,0.2967852747032842,obse,soup_scene3,70,old
233,1.0627412796020508,0.2984809790015259,obse,soup_scene3,70,old
234,1.0669775009155273,0.2984809790015259,obse,soup_scene3,70,old
235,1.0716280937194824,0.2984062841803041,obse,soup_scene3,70,old
236,1.0764281749725342,0.2726725277045842,obse,soup_scene3,70,old
237,1.0810024738311768,0.27106633951575215,obse,soup_scene3,70,old
238,1.085477590560913,0.27074553412016106,obse,soup_scene3,70,old
239,1.089958667755127,0.2693978297193483,obse,soup_scene3,70,old
240,1.0942988395690918,0.2693978297193483,obse,soup_scene3,70,old
241,1.099137544631958,0.26769741784628925,obse,soup_scene3,70,old
242,1.103487491607666,0.26769741784628925,obse,soup_scene3,70,old
243,1.108060598373413,0.2663470181355722,obse,soup_scene3,70,old
244,1.112656593322754,0.26558282645744885,obse,soup_scene3,70,old
245,1.1168947219848633,0.26558282645744885,obse,soup_scene3,70,old
246,1.1210293769836426,0.26558282645744885,obse,soup_scene3,70,old
247,1.125319480895996,0.26558282645744885,obse,soup_scene3,70,old
248,1.1301875114440918,0.26567601277299496,obse,soup_scene3,70,old
249,1.1345412731170654,0.26419664951396277,obse,soup_scene3,70,old
250,1.1389367580413818,0.26419664951396277,obse,soup_scene3,70,old
251,1.1435487270355225,0.26148649434460924,obse,soup_scene3,70,old
252,1.147707223892212,0.26148649434460924,obse,soup_scene3,70,old
253,1.1525657176971436,0.28120753201204884,obse,soup_scene3,70,old
254,1.1567096710205078,0.28120753201204884,obse,soup_scene3,70,old
255,1.16090989112854,0.28120753201204884,obse,soup_scene3,70,old
256,1.1652066707611084,0.2787287928844616,obse,soup_scene3,70,old
257,1.1696112155914307,0.27707210084326306,obse,soup_scene3,70,old
258,1.1737840175628662,0.27707210084326306,obse,soup_scene3,70,old
259,1.1780095100402832,0.27707210084326306,obse,soup_scene3,70,old
260,1.1823163032531738,0.2755260214852518,obse,soup_scene3,70,old
261,1.1867311000823975,0.27446617154238495,obse,soup_scene3,70,old
262,1.1909472942352295,0.27446617154238495,obse,soup_scene3,70,old
263,1.195422887802124,0.27205580882903285,obse,soup_scene3,70,old
264,1.1996784210205078,0.27205580882903285,obse,soup_scene3,70,old
265,1.2046973705291748,0.2703747521034898,obse,soup_scene3,70,old
266,1.2090842723846436,0.2703747521034898,obse,soup_scene3,70,old
267,1.2134613990783691,0.26756464217786835,obse,soup_scene3,70,old
268,1.2177014350891113,0.2665742273613134,obse,soup_scene3,70,old
269,1.2223632335662842,0.2665742273613134,obse,soup_scene3,70,old
270,1.2272899150848389,0.27704707328491135,obse,soup_scene3,70,old
271,1.2314963340759277,0.27704707328491135,obse,soup_scene3,70,old
272,1.2356152534484863,0.27704707328491135,obse,soup_scene3,70,old
273,1.239964246749878,0.2774717513736106,obse,soup_scene3,70,old
274,1.2446928024291992,0.2766592312580889,obse,soup_scene3,70,old
275,1.2491660118103027,0.2751059705371735,obse,soup_scene3,70,old
276,1.253920555114746,0.27209916252725364,obse,soup_scene3,70,old
277,1.2583999633789062,0.27039106776335337,obse,soup_scene3,70,old
278,1.2626936435699463,0.27034078402180783,obse,soup_scene3,70,old
279,1.2671613693237305,0.2672410906027683,obse,soup_scene3,70,old
280,1.2713687419891357,0.2672410906027683,obse,soup_scene3,70,old
281,1.2759263515472412,0.26500933302503665,obse,soup_scene3,70,old
282,1.280702829360962,0.2652032854487061,obse,soup_scene3,70,old
283,1.2850580215454102,0.26284162119804994,obse,soup_scene3,70,old
284,1.290036678314209,0.2630203549255204,obse,soup_scene3,70,old
285,1.294567584991455,0.2630203549255204,obse,soup_scene3,70,old
286,1.2988011837005615,0.27014552553788185,obse,soup_scene3,70,old
287,1.3031764030456543,0.2688279938909682,obse,soup_scene3,70,old
288,1.3072476387023926,0.2688279938909682,obse,soup_scene3,70,old
289,1.3116631507873535,0.2688279938909682,obse,soup_scene3,70,old
290,1.3161845207214355,0.26891592432400757,obse,soup_scene3,70,old
291,1.3205230236053467,0.2677676847132514,obse,soup_scene3,70,old
292,1.3246612548828125,0.2677676847132514,obse,soup_scene3,70,old
293,1.3289787769317627,0.2658926552722016,obse,soup_scene3,70,old
294,1.3335936069488525,0.2604497394718456,obse,soup_scene3,70,old
295,1.3377201557159424,0.2604497394718456,obse,soup_scene3,70,old
296,1.341900110244751,0.2604497394718456,obse,soup_scene3,70,old
297,1.3459651470184326,0.2604497394718456,obse,soup_scene3,70,old
298,1.3507564067840576,0.24423506702683517,obse,soup_scene3,70,old
299,1.3549044132232666,0.24423506702683517,obse,soup_scene3,70,old
300,1.3595843315124512,0.239271048404646,obse,soup_scene3,70,old
301,1.3636677265167236,0.239271048404646,obse,soup_scene3,70,old
302,1.368103265762329,0.23883589180503353,obse,soup_scene3,70,old
303,1.3723804950714111,0.23883589180503353,obse,soup_scene3,70,old
304,1.3765795230865479,0.23883589180503353,obse,soup_scene3,70,old
305,1.380685806274414,0.23883589180503353,obse,soup_scene3,70,old
306,1.3855273723602295,0.2339927637515587,obse,soup_scene3,70,old
307,1.389604091644287,0.2339927637515587,obse,soup_scene3,70,old
308,1.3942131996154785,0.23273833318618597,obse,soup_scene3,70,old
309,1.3984019756317139,0.23273833318618597,obse,soup_scene3,70,old
310,1.4028232097625732,0.22980028491849652,obse,soup_scene3,70,old
311,1.4074244499206543,0.22979878559596562,obse,soup_scene3,70,old
312,1.4117043018341064,0.22979878559596562,obse,soup_scene3,70,old
313,1.4165840148925781,0.2367382358856318,obse,soup_scene3,70,old
314,1.4207408428192139,0.23481044692952135,obse,soup_scene3,70,old
315,1.4250545501708984,0.23481044692952135,obse,soup_scene3,70,old
316,1.4294323921203613,0.2327125399924609,obse,soup_scene3,70,old
317,1.4342334270477295,0.23064016432703618,obse,soup_scene3,70,old
318,1.439152717590332,0.23064016432703618,obse,soup_scene3,70,old
319,1.4437367916107178,0.23064016432703618,obse,soup_scene3,70,old
320,1.4489169120788574,0.22719967658976184,obse,soup_scene3,70,old
321,1.4536643028259277,0.2272886303744849,obse,soup_scene3,70,old
322,1.4583699703216553,0.2272886303744849,obse,soup_scene3,70,old
323,1.462925910949707,0.2272886303744849,obse,soup_scene3,70,old
324,1.4679603576660156,0.22062118776259337,obse,soup_scene3,70,old
325,1.4726099967956543,0.22062118776259337,obse,soup_scene3,70,old
326,1.476909875869751,0.21826856428004518,obse,soup_scene3,70,old
327,1.4810523986816406,0.22827336412393262,obse,soup_scene3,70,old
328,1.4851691722869873,0.22827336412393262,obse,soup_scene3,70,old
329,1.489821434020996,0.22827336412393262,obse,soup_scene3,70,old
330,1.4940338134765625,0.22392700234444757,obse,soup_scene3,70,old
331,1.4980802536010742,0.22392700234444757,obse,soup_scene3,70,old
332,1.5027530193328857,0.22394808521062792,obse,soup_scene3,70,old
333,1.507401466369629,0.2218141728154611,obse,soup_scene3,70,old
334,1.5116453170776367,0.2218141728154611,obse,soup_scene3,70,old
335,1.516056776046753,0.21885858377205553,obse,soup_scene3,70,old
336,1.5205366611480713,0.21693057213868422,obse,soup_scene3,70,old
337,1.5246903896331787,0.21693057213868422,obse,soup_scene3,70,old
338,1.529193639755249,0.21690364645820462,obse,soup_scene3,70,old
339,1.5333077907562256,0.21690364645820462,obse,soup_scene3,70,old
340,1.5377089977264404,0.21690364645820462,obse,soup_scene3,70,old
341,1.5422489643096924,0.21220453164722725,obse,soup_scene3,70,old
342,1.5464870929718018,0.21010787691058164,obse,soup_scene3,70,old
343,1.5516200065612793,0.24024591066819148,obse,soup_scene3,70,old
344,1.5559289455413818,0.24024591066819148,obse,soup_scene3,70,old
345,1.5603408813476562,0.2383868427877753,obse,soup_scene3,70,old
346,1.5645804405212402,0.2383868427877753,obse,soup_scene3,70,old
347,1.5688807964324951,0.23646561981750197,obse,soup_scene3,70,old
348,1.5732860565185547,0.23647484494887844,obse,soup_scene3,70,old
349,1.577636957168579,0.23416800889847494,obse,soup_scene3,70,old
350,1.581817626953125,0.23416800889847494,obse,soup_scene3,70,old
351,1.5862658023834229,0.2341412883741447,obse,soup_scene3,70,old
352,1.5906813144683838,0.23215058610357175,obse,soup_scene3,70,old
353,1.5949673652648926,0.22994425157418652,obse,soup_scene3,70,old
354,1.5990946292877197,0.22994425157418652,obse,soup_scene3,70,old
355,1.6037263870239258,0.24935216698179544,obse,soup_scene3,70,old
356,1.607954740524292,0.24930698574189686,obse,soup_scene3,70,old
357,1.6121482849121094,0.24930698574189686,obse,soup_scene3,70,old
358,1.6168994903564453,0.24936708313684192,obse,soup_scene3,70,old
359,1.6214418411254883,0.24748601883229232,obse,soup_scene3,70,old
360,1.6260380744934082,0.2474165064489784,obse,soup_scene3,70,old
361,1.6301167011260986,0.2474165064489784,obse,soup_scene3,70,old
362,1.6347215175628662,0.2452930980341609,obse,soup_scene3,70,old
363,1.638803482055664,0.2452930980341609,obse,soup_scene3,70,old
364,1.643099308013916,0.239508473254573,obse,soup_scene3,70,old
365,1.6470751762390137,0.239508473254573,obse,soup_scene3,70,old
366,1.6512014865875244,0.239508473254573,obse,soup_scene3,70,old
367,1.655649185180664,0.239508473254573,obse,soup_scene3,70,old
368,1.6603140830993652,0.23509242530096974,obse,soup_scene3,70,old
369,1.664689302444458,0.23509242530096974,obse,soup_scene3,70,old
370,1.6691875457763672,0.2334242291960199,obse,soup_scene3,70,old
371,1.673811912536621,0.25524396866230165,obse,soup_scene3,70,old
372,1.6781094074249268,0.25524396866230165,obse,soup_scene3,70,old
373,1.6828300952911377,0.2511888589059288,obse,soup_scene3,70,old
374,1.6870200634002686,0.2511888589059288,obse,soup_scene3,70,old
375,1.69148588180542,0.25146598356823463,obse,soup_scene3,70,old
376,1.695979356765747,0.25146598356823463,obse,soup_scene3,70,old
377,1.7002606391906738,0.2479457380088306,obse,soup_scene3,70,old
378,1.7044577598571777,0.2479457380088306,obse,soup_scene3,70,old
379,1.7085487842559814,0.2479457380088306,obse,soup_scene3,70,old
380,1.7127602100372314,0.2479457380088306,obse,soup_scene3,70,old
381,1.7171657085418701,0.24792714211395805,obse,soup_scene3,70,old
382,1.7215499877929688,0.2452480145579816,obse,soup_scene3,70,old
383,1.725698709487915,0.2452480145579816,obse,soup_scene3,70,old
384,1.7301244735717773,0.24234665568095332,obse,soup_scene3,70,old
385,1.7345860004425049,0.235278240470871,obse,soup_scene3,70,old
386,1.7386972904205322,0.235278240470871,obse,soup_scene3,70,old
387,1.7429618835449219,0.235278240470871,obse,soup_scene3,70,old
388,1.747459888458252,0.23380037989281166,obse,soup_scene3,70,old
389,1.751849889755249,0.23380037989281166,obse,soup_scene3,70,old
390,1.7566258907318115,0.24204335476638217,obse,soup_scene3,70,old
391,1.7607061862945557,0.2438930957354313,obse,soup_scene3,70,old
392,1.765286922454834,0.2413732722656272,obse,soup_scene3,70,old
393,1.7699508666992188,0.2413732722656272,obse,soup_scene3,70,old
394,1.7740569114685059,0.2413732722656272,obse,soup_scene3,70,old
395,1.7784464359283447,0.24139987057683324,obse,soup_scene3,70,old
396,1.7829632759094238,0.23919367391304522,obse,soup_scene3,70,old
397,1.7872467041015625,0.23919367391304522,obse,soup_scene3,70,old
398,1.7913129329681396,0.23919367391304522,obse,soup_scene3,70,old
399,1.7956576347351074,0.2353177676099402,obse,soup_scene3,70,old
400,1.7996675968170166,0.2353177676099402,obse,soup_scene3,70,old
401,1.804093837738037,0.2301628087765409,obse,soup_scene3,70,old
402,1.808234691619873,0.2301628087765409,obse,soup_scene3,70,old
403,1.8122873306274414,0.2301628087765409,obse,soup_scene3,70,old
404,1.8168842792510986,0.22734179430593138,obse,soup_scene3,70,old
405,1.8215086460113525,0.22615368842795275,obse,soup_scene3,70,old
406,1.825676679611206,0.22615368842795275,obse,soup_scene3,70,old
407,1.8298795223236084,0.22667319280975465,obse,soup_scene3,70,old
408,1.8339786529541016,0.22667319280975465,obse,soup_scene3,70,old
409,1.8383643627166748,0.22419556354298456,obse,soup_scene3,70,old
410,1.8427646160125732,0.22236045370457086,obse,soup_scene3,70,old
411,1.846911907196045,0.22236045370457086,obse,soup_scene3,70,old
412,1.8516559600830078,0.21728562214951877,obse,soup_scene3,70,old
413,1.8560330867767334,0.21465905974944016,obse,soup_scene3,70,old
414,1.8606445789337158,0.2111000804360964,obse,soup_scene3,70,old
415,1.8651044368743896,0.20845439461575496,obse,soup_scene3,70,old
416,1.8694894313812256,0.20544108175031636,obse,soup_scene3,70,old
417,1.8738036155700684,0.20666121125351794,obse,soup_scene3,70,old
418,1.878039836883545,0.2067305238074862,obse,soup_scene3,70,old
419,1.8825428485870361,0.1996373699609899,obse,soup_scene3,70,old
420,1.8866662979125977,0.1996373699609899,obse,soup_scene3,70,old
421,1.8914496898651123,0.1968089054755514,obse,soup_scene3,70,old
422,1.895808458328247,0.19299606870480657,obse,soup_scene3,70,old
423,1.9002354145050049,0.18945579892601644,obse,soup_scene3,70,old
424,1.9043083190917969,0.18945579892601644,obse,soup_scene3,70,old
425,1.9087903499603271,0.18733108737748366,obse,soup_scene3,70,old
426,1.912989616394043,0.18733108737748366,obse,soup_scene3,70,old
427,1.917776107788086,0.1846935617113312,obse,soup_scene3,70,old
428,1.9220867156982422,0.1846935617113312,obse,soup_scene3,70,old
429,1.9266788959503174,0.181594407509209,obse,soup_scene3,70,old
430,1.9307923316955566,0.181594407509209,obse,soup_scene3,70,old
431,1.935549020767212,0.17855852855245644,obse,soup_scene3,70,old
432,1.9397926330566406,0.18126596653052934,obse,soup_scene3,70,old
433,1.944000005722046,0.18126596653052934,obse,soup_scene3,70,old
434,1.948575735092163,0.17780579317838224,obse,soup_scene3,70,old
435,1.9529597759246826,0.17220315904034245,obse,soup_scene3,70,old
436,1.9569873809814453,0.17220315904034245,obse,soup_scene3,70,old
437,1.9611008167266846,0.16935943170510992,obse,soup_scene3,70,old
438,1.9653663635253906,0.16642917709543573,obse,soup_scene3,70,old
439,1.9692740440368652,0.16642917709543573,obse,soup_scene3,70,old
440,1.973318338394165,0.16641569223543504,obse,soup_scene3,70,old
441,1.9781301021575928,0.1632909060596664,obse,soup_scene3,70,old
442,1.9825139045715332,0.16016560086275972,obse,soup_scene3,70,old
443,1.9870100021362305,0.16016560086275972,obse,soup_scene3,70,old
444,1.991466999053955,0.15740953119038956,obse,soup_scene3,70,old
445,1.9957265853881836,0.15740953119038956,obse,soup_scene3,70,old
446,2.000133991241455,0.15741203159612333,obse,soup_scene3,70,old
447,2.0046002864837646,0.1538867724278938,obse,soup_scene3,70,old
448,2.008875846862793,0.15390447174653007,obse,soup_scene3,70,old
449,2.0134878158569336,0.15075058222115212,obse,soup_scene3,70,old
450,2.018036127090454,0.147878964202841,obse,soup_scene3,70,old
451,2.022177219390869,0.147878964202841,obse,soup_scene3,70,old
452,2.0266101360321045,0.1452741821819441,obse,soup_scene3,70,old
453,2.030897617340088,0.1452741821819441,obse,soup_scene3,70,old
454,2.035534620285034,0.14213573000191795,obse,soup_scene3,70,old
455,2.039917230606079,0.14213573000191795,obse,soup_scene3,70,old
456,2.0442285537719727,0.14213573000191795,obse,soup_scene3,70,old
457,2.048718214035034,0.1393709461707738,obse,soup_scene3,70,old
458,2.0531837940216064,0.13460800637306417,obse,soup_scene3,70,old
459,2.0575075149536133,0.13460800637306417,obse,soup_scene3,70,old
460,2.061976909637451,0.13214616196373416,obse,soup_scene3,70,old
461,2.066704273223877,0.13214616196373416,obse,soup_scene3,70,old
462,2.071382522583008,0.12879901121372303,obse,soup_scene3,70,old
463,2.075812339782715,0.1267287886574617,obse,soup_scene3,70,old
464,2.0799994468688965,0.1264159089173558,obse,soup_scene3,70,old
465,2.0846195220947266,0.12425119243028543,obse,soup_scene3,70,old
466,2.0891292095184326,0.12425119243028543,obse,soup_scene3,70,old
467,2.093538522720337,0.12210798956873319,obse,soup_scene3,70,old
468,2.097703456878662,0.12210798956873319,obse,soup_scene3,70,old
469,2.1021499633789062,0.11894410580564369,obse,soup_scene3,70,old
470,2.1066510677337646,0.11894410580564369,obse,soup_scene3,70,old
471,2.1109464168548584,0.1165716322202833,obse,soup_scene3,70,old
472,2.1151444911956787,0.1165716322202833,obse,soup_scene3,70,old
473,2.119290351867676,0.1165716322202833,obse,soup_scene3,70,old
474,2.12394118309021,0.11400670480692741,obse,soup_scene3,70,old
475,2.128176689147949,0.11388669423921685,obse,soup_scene3,70,old
476,2.132688283920288,0.11067395951205641,obse,soup_scene3,70,old
477,2.1369214057922363,0.12168975875738121,obse,soup_scene3,70,old
478,2.14115571975708,0.12168975875738121,obse,soup_scene3,70,old
479,2.1455094814300537,0.11939588763467453,obse,soup_scene3,70,old
480,2.1499481201171875,0.12055024592924025,obse,soup_scene3,70,old
481,2.1544225215911865,0.11636447595340818,obse,soup_scene3,70,old
482,2.1586551666259766,0.11636447595340818,obse,soup_scene3,70,old
483,2.163191318511963,0.11591607965086123,obse,soup_scene3,70,old
484,2.1674718856811523,0.11351474225840404,obse,soup_scene3,70,old
485,2.172034978866577,0.11392636555294501,obse,soup_scene3,70,old
486,2.1762356758117676,0.10742238545771907,obse,soup_scene3,70,old
487,2.180375576019287,0.10742238545771907,obse,soup_scene3,70,old
488,2.1846299171447754,0.10742238545771907,obse,soup_scene3,70,old
489,2.1887753009796143,0.10742238545771907,obse,soup_scene3,70,old
490,2.193126678466797,0.1070502479033931,obse,soup_scene3,70,old
491,2.19744610786438,0.10474525679929009,obse,soup_scene3,70,old
492,2.2015342712402344,0.10474525679929009,obse,soup_scene3,70,old
493,2.206263542175293,0.10474525679929009,obse,soup_scene3,70,old
494,2.2104990482330322,0.10170579845822168,obse,soup_scene3,70,old
495,2.2147128582000732,0.10170579845822168,obse,soup_scene3,70,old
496,2.2191877365112305,0.09875472384546653,obse,soup_scene3,70,old
497,2.2240288257598877,0.11446622798567843,obse,soup_scene3,70,old
498,2.2284841537475586,0.11516484787431887,obse,soup_scene3,70,old
499,2.2327520847320557,0.11516484787431887,obse,soup_scene3,70,old
500,2.2370665073394775,0.11318642071273251,obse,soup_scene3,70,old
501,2.241392135620117,0.11318642071273251,obse,soup_scene3,70,old
502,2.2456681728363037,0.11194373295022983,obse,soup_scene3,70,old
503,2.250295877456665,0.11058179287230915,obse,soup_scene3,70,old
504,2.254791736602783,0.10773181776572896,obse,soup_scene3,70,old
505,2.25891375541687,0.10773181776572896,obse,soup_scene3,70,old
506,2.2634284496307373,0.1039649237977879,obse,soup_scene3,70,old
507,2.267824649810791,0.10066384152039472,obse,soup_scene3,70,old
508,2.2720255851745605,0.10066384152039472,obse,soup_scene3,70,old
509,2.2770798206329346,0.09131118322780986,obse,soup_scene3,70,old
510,2.2816123962402344,0.11584359485368843,obse,soup_scene3,70,old
511,2.28593111038208,0.11584359485368843,obse,soup_scene3,70,old
512,2.2906723022460938,0.1126907494094959,obse,soup_scene3,70,old
513,2.2955029010772705,0.10963312031506706,obse,soup_scene3,70,old
514,2.29986310005188,0.10761107540727262,obse,soup_scene3,70,old
515,2.304203510284424,0.10761107540727262,obse,soup_scene3,70,old
516,2.3086960315704346,0.10655452915203176,obse,soup_scene3,70,old
517,2.3129653930664062,0.10655452915203176,obse,soup_scene3,70,old
518,2.3175272941589355,0.10669129727345923,obse,soup_scene3,70,old
519,2.3217663764953613,0.10448159112187815,obse,soup_scene3,70,old
520,2.326320171356201,0.10243076866220652,obse,soup_scene3,70,old
521,2.3305115699768066,0.10243076866220652,obse,soup_scene3,70,old
522,2.335090160369873,0.1701925485586446,obse,soup_scene3,70,old
523,2.339682102203369,0.18565115493073592,obse,soup_scene3,70,old
524,2.3440165519714355,0.18446704847809808,obse,soup_scene3,70,old
525,2.3484158515930176,0.18446704847809808,obse,soup_scene3,70,old
526,2.352940082550049,0.1828888702307,obse,soup_scene3,70,old
527,2.356996774673462,0.1828888702307,obse,soup_scene3,70,old
528,2.3613579273223877,0.18141036693165816,obse,soup_scene3,70,old
529,2.365790605545044,0.18141036693165816,obse,soup_scene3,70,old
530,2.3702566623687744,0.1796632733782021,obse,soup_scene3,70,old
531,2.3745059967041016,0.1796632733782021,obse,soup_scene3,70,old
532,2.3791279792785645,0.17824933689308722,obse,soup_scene3,70,old
533,2.383568048477173,0.17724190610272078,obse,soup_scene3,70,old
534,2.3875865936279297,0.17724190610272078,obse,soup_scene3,70,old
535,2.3918261528015137,0.17731503220482944,obse,soup_scene3,70,old
536,2.3960413932800293,0.17702344769450437,obse,soup_scene3,70,old
537,2.400388717651367,0.17697642319345072,obse,soup_scene3,70,old
538,2.404958963394165,1.4143153023082558,obse,soup_scene3,70,old
539,2.4095802307128906,1.4167228158302612,obse,soup_scene3,70,old
540,2.414271116256714,1.4286396768257508,obse,soup_scene3,70,old
541,2.4187350273132324,1.4332762162659196,obse,soup_scene3,70,old
542,2.423318862915039,1.4332762162659196,obse,soup_scene3,70,old
543,2.427426338195801,1.4332762162659196,obse,soup_scene3,70,old
544,2.4317569732666016,1.4355451255201528,obse,soup_scene3,70,old
545,2.436220407485962,1.4385846819259924,obse,soup_scene3,70,old
546,2.440560817718506,1.4408613211792216,obse,soup_scene3,70,old
547,2.4447011947631836,1.4408666453142556,obse,soup_scene3,70,old
548,2.4489450454711914,1.4408666453142556,obse,soup_scene3,70,old
549,2.453080415725708,1.4408666453142556,obse,soup_scene3,70,old
550,2.4574320316314697,1.4425657061109785,obse,soup_scene3,70,old
551,2.461944103240967,1.4425657061109785,obse,soup_scene3,70,old
552,2.4664089679718018,1.4467778021292592,obse,soup_scene3,70,old
553,2.4704973697662354,1.4468563714612839,obse,soup_scene3,70,old
554,2.474703311920166,1.4489100308723184,obse,soup_scene3,70,old
555,2.47877836227417,1.4489100308723184,obse,soup_scene3,70,old
556,2.482980489730835,1.4511634591485543,obse,soup_scene3,70,old
557,2.4876046180725098,1.7582610133401997,obse,soup_scene3,70,old
558,2.492130756378174,1.760234190359375,obse,soup_scene3,70,old
559,2.4964513778686523,1.760234190359375,obse,soup_scene3,70,old
560,2.5008411407470703,1.760234190359375,obse,soup_scene3,70,old
561,2.50514817237854,1.7629399750358556,obse,soup_scene3,70,old
562,2.5097451210021973,1.7657899272718554,obse,soup_scene3,70,old
563,2.5141279697418213,1.7657899272718554,obse,soup_scene3,70,old
564,2.5188632011413574,1.7678419014952116,obse,soup_scene3,70,old
565,2.523196220397949,1.7678419014952116,obse,soup_scene3,70,old
566,2.527754545211792,1.7702046656508927,obse,soup_scene3,70,old
567,2.5318658351898193,1.7702046656508927,obse,soup_scene3,70,old
568,2.5362696647644043,1.7771704860247501,obse,soup_scene3,70,old
569,2.5408148765563965,1.7771704860247501,obse,soup_scene3,70,old
570,2.5454416275024414,1.8482032334277059,obse,soup_scene3,70,old
571,2.5500590801239014,1.8572464644633306,obse,soup_scene3,70,old
572,2.5545504093170166,1.8630929342112277,obse,soup_scene3,70,old
573,2.5592408180236816,1.8675032914720784,obse,soup_scene3,70,old
574,2.5633704662323,1.8675032914720784,obse,soup_scene3,70,old
575,2.567934513092041,1.8687743577972669,obse,soup_scene3,70,old
576,2.5722498893737793,1.8687743577972669,obse,soup_scene3,70,old
577,2.5772500038146973,1.868713740324893,obse,soup_scene3,70,old
578,2.5815865993499756,1.8730880552585343,obse,soup_scene3,70,old
579,2.5861032009124756,1.8775856835020635,obse,soup_scene3,70,old
580,2.5902607440948486,1.8780130566320952,obse,soup_scene3,70,old
581,2.5946767330169678,1.8846606134015491,obse,soup_scene3,70,old
582,2.5989537239074707,1.8846606134015491,obse,soup_scene3,70,old
583,2.6032931804656982,1.8893546793200293,obse,soup_scene3,70,old
584,2.607583522796631,1.8893178156058195,obse,soup_scene3,70,old
585,2.612243890762329,1.886894482426056,obse,soup_scene3,70,old
586,2.6169240474700928,1.8978376315902261,obse,soup_scene3,70,old
587,2.6211533546447754,1.8978376315902261,obse,soup_scene3,70,old
588,2.625978946685791,1.9034166413367235,obse,soup_scene3,70,old
589,2.6303153038024902,1.9034166413367235,obse,soup_scene3,70,old
590,2.6347696781158447,1.908789939367727,obse,soup_scene3,70,old
591,2.639158010482788,1.908789939367727,obse,soup_scene3,70,old
592,2.6437015533447266,1.913505584977011,obse,soup_scene3,70,old
593,2.648005962371826,1.913505584977011,obse,soup_scene3,70,old
594,2.652499198913574,1.9203759599652361,obse,soup_scene3,70,old
595,2.656644821166992,1.9203592115745012,obse,soup_scene3,70,old
596,2.660940170288086,1.9249524784286702,obse,soup_scene3,70,old
597,2.66507625579834,1.9249524784286702,obse,soup_scene3,70,old
598,2.669273614883423,1.9249524784286702,obse,soup_scene3,70,old
599,2.6739699840545654,1.9467774517067085,obse,soup_scene3,70,old
600,2.6785383224487305,1.947274674375431,obse,soup_scene3,70,old
601,2.6830434799194336,1.95199904223662,obse,soup_scene3,70,old
602,2.6872944831848145,1.95199904223662,obse,soup_scene3,70,old
603,2.6916122436523438,1.9535168373803213,obse,soup_scene3,70,old
604,2.695836305618286,1.9535899271076373,obse,soup_scene3,70,old
605,2.700227975845337,1.9535022543111282,obse,soup_scene3,70,old
606,2.7045538425445557,1.9571714889881486,obse,soup_scene3,70,old
607,2.708937406539917,1.9571757286784246,obse,soup_scene3,70,old
608,2.713191509246826,1.9591943659699853,obse,soup_scene3,70,old
609,2.7177982330322266,1.9616790182860115,obse,soup_scene3,70,old
610,2.7219719886779785,1.9616790182860115,obse,soup_scene3,70,old
611,2.7265398502349854,1.963968502915614,obse,soup_scene3,70,old
612,2.7307040691375732,1.963968502915614,obse,soup_scene3,70,old
613,2.7350597381591797,1.9672645583160717,obse,soup_scene3,70,old
614,2.739319086074829,1.9672645583160717,obse,soup_scene3,70,old
615,2.7440319061279297,1.9501322890527206,obse,soup_scene3,70,old
616,2.748406410217285,1.9478625535576513,obse,soup_scene3,70,old
617,2.7527740001678467,1.9502436199908963,obse,soup_scene3,70,old
618,2.7568655014038086,1.9500047593348693,obse,soup_scene3,70,old
619,2.7611522674560547,1.9536303649571856,obse,soup_scene3,70,old
620,2.765275239944458,1.9539279357774935,obse,soup_scene3,70,old
621,2.7696046829223633,1.9586827714088753,obse,soup_scene3,70,old
622,2.7737209796905518,1.9584029711905735,obse,soup_scene3,70,old
623,2.77799654006958,1.9581848778795663,obse,soup_scene3,70,old
624,2.782240390777588,1.9581848778795663,obse,soup_scene3,70,old
625,2.786893844604492,1.9605374273840022,obse,soup_scene3,70,old
626,2.791088819503784,1.9607065047204078,obse,soup_scene3,70,old
627,2.795376777648926,1.9623547027452457,obse,soup_scene3,70,old
628,2.7995963096618652,1.9642457845471615,obse,soup_scene3,70,old
629,2.8039143085479736,1.9642457845471615,obse,soup_scene3,70,old
630,2.8083548545837402,1.9650806663928353,obse,soup_scene3,70,old
631,2.812567710876465,1.9600929546270258,obse,soup_scene3,70,old
632,2.8170809745788574,1.9614246974534129,obse,soup_scene3,70,old
633,2.821460485458374,1.9613717150768206,obse,soup_scene3,70,old
634,2.8257672786712646,1.9619901952263166,obse,soup_scene3,70,old
635,2.830019950866699,1.9619901952263166,obse,soup_scene3,70,old
636,2.8342995643615723,1.9635407835467003,obse,soup_scene3,70,old
637,2.838703155517578,1.9635407835467003,obse,soup_scene3,70,old
638,2.8435401916503906,1.9640158917099941,obse,soup_scene3,70,old
639,2.8476109504699707,1.9640158917099941,obse,soup_scene3,70,old
640,2.852134943008423,1.9647333391279456,obse,soup_scene3,70,old
641,2.8564538955688477,1.9646571541536122,obse,soup_scene3,70,old
642,2.86116099357605,1.9654576545946982,obse,soup_scene3,70,old
643,2.8663330078125,1.9654773601254623,obse,soup_scene3,70,old
644,2.8708033561706543,1.9456989269270242,obse,soup_scene3,70,old
645,2.8753466606140137,1.9456952933661862,obse,soup_scene3,70,old
646,2.880459785461426,1.9461752090830216,obse,soup_scene3,70,old
647,2.8851821422576904,1.9466888595320309,obse,soup_scene3,70,old
648,2.889458656311035,1.9466888595320309,obse,soup_scene3,70,old
649,2.894683361053467,1.9466537313796042,obse,soup_scene3,70,old
650,2.8995461463928223,1.9471098108364417,obse,soup_scene3,70,old
651,2.904313325881958,1.9480267310448036,obse,soup_scene3,70,old
652,2.908858299255371,1.9477363054482242,obse,soup_scene3,70,old
653,2.9135820865631104,1.948471784273342,obse,soup_scene3,70,old
654,2.918705940246582,1.948471784273342,obse,soup_scene3,70,old
655,2.9228994846343994,1.9493011390184452,obse,soup_scene3,70,old
656,2.9271106719970703,1.9493011390184452,obse,soup_scene3,70,old
657,2.931288003921509,1.9493011390184452,obse,soup_scene3,70,old
658,2.9356067180633545,1.950016907563933,obse,soup_scene3,70,old
659,2.9399967193603516,1.950016907563933,obse,soup_scene3,70,old
660,2.9444596767425537,1.9372278130552167,obse,soup_scene3,70,old
661,2.9488723278045654,1.935273897386976,obse,soup_scene3,70,old
662,2.9530274868011475,1.935273897386976,obse,soup_scene3,70,old
663,2.9574365615844727,1.9358921387808667,obse,soup_scene3,70,old
664,2.9615795612335205,1.9358921387808667,obse,soup_scene3,70,old
665,2.9659900665283203,1.935749190315501,obse,soup_scene3,70,old
666,2.9702184200286865,1.9359278779327256,obse,soup_scene3,70,old
667,2.974372386932373,1.9359278779327256,obse,soup_scene3,70,old
668,2.978642702102661,1.9359278779327256,obse,soup_scene3,70,old
669,2.982931137084961,1.9359650865318543,obse,soup_scene3,70,old
670,2.987248182296753,1.9359650865318543,obse,soup_scene3,70,old
671,2.99151349067688,1.9359650865318543,obse,soup_scene3,70,old
672,2.9960196018218994,1.9358857790400106,obse,soup_scene3,70,old
673,3.000469923019409,1.9358857790400106,obse,soup_scene3,70,old
674,3.004937171936035,1.9359916956459318,obse,soup_scene3,70,old
675,3.009752035140991,1.9094456292519457,obse,soup_scene3,70,old
676,3.014374256134033,1.9090797572736988,obse,soup_scene3,70,old
677,3.0186986923217773,1.9093478327004076,obse,soup_scene3,70,old
678,3.0230140686035156,1.9093478327004076,obse,soup_scene3,70,old
679,3.0276200771331787,1.9091402372456292,obse,soup_scene3,70,old
680,3.0320749282836914,1.9092066114580941,obse,soup_scene3,70,old
681,3.0361509323120117,1.9092066114580941,obse,soup_scene3,70,old
682,3.0406172275543213,1.9092383005882825,obse,soup_scene3,70,old
683,3.045405149459839,1.9095551791528589,obse,soup_scene3,70,old
684,3.050016403198242,1.9095551791528589,obse,soup_scene3,70,old
685,3.0548462867736816,1.9092641877620462,obse,soup_scene3,70,old
686,3.059199810028076,1.9093614753813912,obse,soup_scene3,70,old
687,3.0639545917510986,1.9093644174880358,obse,soup_scene3,70,old
688,3.0688159465789795,1.909205289585515,obse,soup_scene3,70,old
689,3.0735461711883545,1.8843562368276654,obse,soup_scene3,70,old
690,3.0782501697540283,1.8823777063615876,obse,soup_scene3,70,old
691,3.082888126373291,1.8824125713098536,obse,soup_scene3,70,old
692,3.087509870529175,1.8821734684264189,obse,soup_scene3,70,old
693,3.092003345489502,1.8828964366540457,obse,soup_scene3,70,old
694,3.0964043140411377,1.8826682636482426,obse,soup_scene3,70,old
695,3.1010024547576904,1.8834768893837999,obse,soup_scene3,70,old
696,3.105367660522461,1.8834768893837999,obse,soup_scene3,70,old
697,3.1101489067077637,1.8835274110848075,obse,soup_scene3,70,old
698,3.114591121673584,1.8835274110848075,obse,soup_scene3,70,old
699,3.1191697120666504,1.8825640364445906,obse,soup_scene3,70,old
700,3.1237940788269043,1.8832441410983363,obse,soup_scene3,70,old
701,3.1282310485839844,1.8832441410983363,obse,soup_scene3,70,old
702,3.132431983947754,1.8909014206785493,obse,soup_scene3,70,old
703,3.1367337703704834,1.8908386986328332,obse,soup_scene3,70,old
704,3.1415328979492188,1.8931833581634172,obse,soup_scene3,70,old
705,3.1460859775543213,1.8931833581634172,obse,soup_scene3,70,old
706,3.150524139404297,1.8938739207565827,obse,soup_scene3,70,old
707,3.154916763305664,1.894105244794121,obse,soup_scene3,70,old
708,3.1593618392944336,1.8940820854067735,obse,soup_scene3,70,old
709,3.1635584831237793,1.8940820854067735,obse,soup_scene3,70,old
710,3.1679227352142334,1.8940689471100975,obse,soup_scene3,70,old
711,3.1721909046173096,1.8940689471100975,obse,soup_scene3,70,old
712,3.1766207218170166,1.8936240772691069,obse,soup_scene3,70,old
713,3.1807682514190674,1.8936240772691069,obse,soup_scene3,70,old
714,3.1852304935455322,1.8940882114571589,obse,soup_scene3,70,old
715,3.189363718032837,1.8940882114571589,obse,soup_scene3,70,old
716,3.1937170028686523,1.8936394546796445,obse,soup_scene3,70,old
717,3.1980361938476562,1.8937594330250322,obse,soup_scene3,70,old
718,3.2023720741271973,1.8939805089601924,obse,soup_scene3,70,old
719,3.206618309020996,1.8826294270122277,obse,soup_scene3,70,old
720,3.210987091064453,1.8812464859502427,obse,soup_scene3,70,old
721,3.21523380279541,1.8811751675040473,obse,soup_scene3,70,old
722,3.2196404933929443,1.8811395786699094,obse,soup_scene3,70,old
723,3.223942995071411,1.881345253027151,obse,soup_scene3,70,old
724,3.228151798248291,1.881345253027151,obse,soup_scene3,70,old
725,3.232316732406616,1.881127108022907,obse,soup_scene3,70,old
726,3.2365574836730957,1.881127108022907,obse,soup_scene3,70,old
727,3.2408053874969482,1.8811248815884345,obse,soup_scene3,70,old
728,3.2451376914978027,1.8809743337319822,obse,soup_scene3,70,old
729,3.2494330406188965,1.8816070912378875,obse,soup_scene3,70,old
730,3.253587484359741,1.8815128590200985,obse,soup_scene3,70,old
731,3.2579329013824463,1.880855093276203,obse,soup_scene3,70,old
732,3.2622737884521484,1.880855093276203,obse,soup_scene3,70,old
733,3.2666401863098145,1.8811741849282648,obse,soup_scene3,70,old
734,3.2709622383117676,1.8811741849282648,obse,soup_scene3,70,old
735,3.275378465652466,1.874879292218334,obse,soup_scene3,70,old
736,3.279621124267578,1.874879292218334,obse,soup_scene3,70,old
737,3.284201145172119,1.8746741178197632,obse,soup_scene3,70,old
738,3.2881789207458496,1.8746741178197632,obse,soup_scene3,70,old
739,3.2924532890319824,1.8750432295825523,obse,soup_scene3,70,old
740,3.2963926792144775,1.8750432295825523,obse,soup_scene3,70,old
741,3.300654172897339,1.874247223632292,obse,soup_scene3,70,old
742,3.304555654525757,1.874247223632292,obse,soup_scene3,70,old
743,3.308661460876465,1.874247223632292,obse,soup_scene3,70,old
744,3.312751531600952,1.874452642441543,obse,soup_scene3,70,old
745,3.3172988891601562,1.8744840753075755,obse,soup_scene3,70,old
746,3.3214271068573,1.8745119181819965,obse,soup_scene3,70,old
747,3.3258237838745117,1.8744857010641789,obse,soup_scene3,70,old
748,3.3300201892852783,1.874486041974567,obse,soup_scene3,70,old
749,3.334259271621704,1.8790600875711954,obse,soup_scene3,70,old
750,3.338472604751587,1.8806006071948127,obse,soup_scene3,70,old
751,3.3428242206573486,1.8806589685857722,obse,soup_scene3,70,old
752,3.346968650817871,1.881112096913816,obse,soup_scene3,70,old
753,3.3515214920043945,1.8811644447939349,obse,soup_scene3,70,old
754,3.3556723594665527,1.8811688573863432,obse,soup_scene3,70,old
755,3.3599095344543457,1.8811688573863432,obse,soup_scene3,70,old
756,3.363945484161377,1.8811688573863432,obse,soup_scene3,70,old
757,3.368257999420166,1.8814699126094758,obse,soup_scene3,70,old
758,3.3724043369293213,1.8814699126094758,obse,soup_scene3,70,old
759,3.376678228378296,1.881235990243153,obse,soup_scene3,70,old
760,3.3807098865509033,1.881235990243153,obse,soup_scene3,70,old
761,3.385202169418335,1.8816290424664857,obse,soup_scene3,70,old
762,3.3892359733581543,1.8816290424664857,obse,soup_scene3,70,old
763,3.393733024597168,1.8816191150642871,obse,soup_scene3,70,old
764,3.3978657722473145,1.8820273220504544,obse,soup_scene3,70,old
765,3.4022443294525146,1.89599173327228,obse,soup_scene3,70,old
766,3.406557321548462,1.8958917334890797,obse,soup_scene3,70,old
767,3.410677671432495,1.8959089026530689,obse,soup_scene3,70,old
768,3.4149818420410156,1.8976280142126896,obse,soup_scene3,70,old
769,3.4191341400146484,1.8974400049547866,obse,soup_scene3,70,old
770,3.423513650894165,1.8979429338890537,obse,soup_scene3,70,old
771,3.4277400970458984,1.8979429338890537,obse,soup_scene3,70,old
772,3.4321322441101074,1.8989480089245583,obse,soup_scene3,70,old
773,3.4364778995513916,1.8989480089245583,obse,soup_scene3,70,old
774,3.440547227859497,1.8989480089245583,obse,soup_scene3,70,old
775,3.444941282272339,1.8996580498390678,obse,soup_scene3,70,old
776,3.4494123458862305,1.9001623296368682,obse,soup_scene3,70,old
777,3.454285144805908,1.9009430322838874,obse,soup_scene3,70,old
778,3.4593734741210938,1.9022208036655444,obse,soup_scene3,70,old
779,3.464432954788208,1.9022155794906213,obse,soup_scene3,70,old
780,3.4693689346313477,1.9034983488687782,obse,soup_scene3,70,old
781,3.474639415740967,1.9140268744126374,obse,soup_scene3,70,old
782,3.4795010089874268,1.915043324885997,obse,soup_scene3,70,old
783,3.484649658203125,1.9159045470919558,obse,soup_scene3,70,old
784,3.489790916442871,1.9175911321244672,obse,soup_scene3,70,old
785,3.4949097633361816,1.9180109756011112,obse,soup_scene3,70,old
786,3.4997007846832275,1.9180109756011112,obse,soup_scene3,70,old
787,3.5047237873077393,1.9190341326412985,obse,soup_scene3,70,old
788,3.5097970962524414,1.9200983911253982,obse,soup_scene3,70,old
789,3.5145421028137207,1.9200983911253982,obse,soup_scene3,70,old
790,3.5194976329803467,1.921100457334279,obse,soup_scene3,70,old
791,3.524268388748169,1.921084121365253,obse,soup_scene3,70,old
792,3.5289814472198486,1.9226721730825664,obse,soup_scene3,70,old
793,3.53389310836792,1.9240156498630367,obse,soup_scene3,70,old
794,3.5390026569366455,1.8960063161276977,obse,soup_scene3,70,old
795,3.5439469814300537,1.8976976249589033,obse,soup_scene3,70,old
796,3.548741102218628,1.8969662878617888,obse,soup_scene3,70,old
797,3.5538644790649414,1.8994671914046082,obse,soup_scene3,70,old
798,3.55863618850708,1.9018941012406552,obse,soup_scene3,70,old
799,3.563530683517456,1.9018941012406552,obse,soup_scene3,70,old
800,3.5684475898742676,1.9042563577507268,obse,soup_scene3,70,old
801,3.5732176303863525,1.9042563577507268,obse,soup_scene3,70,old
802,3.5776286125183105,1.9072911591491064,obse,soup_scene3,70,old
803,3.582050085067749,1.9072839380636475,obse,soup_scene3,70,old
804,3.586672782897949,1.9105473998431468,obse,soup_scene3,70,old
805,3.590926170349121,1.9101043241621423,obse,soup_scene3,70,old
806,3.5955450534820557,1.913301167641062,obse,soup_scene3,70,old
807,3.599874258041382,1.9161023267126716,obse,soup_scene3,70,old
808,3.604175567626953,1.9161023267126716,obse,soup_scene3,70,old
809,3.608765125274658,1.8960622823060214,obse,soup_scene3,70,old
810,3.613304376602173,1.8931195165702726,obse,soup_scene3,70,old
811,3.618079423904419,1.8958931213177401,obse,soup_scene3,70,old
812,3.6226587295532227,1.8958293023747759,obse,soup_scene3,70,old
813,3.6278281211853027,1.8988397737461575,obse,soup_scene3,70,old
814,3.632858991622925,1.8988681413741104,obse,soup_scene3,70,old
815,3.6378414630889893,1.902984700295377,obse,soup_scene3,70,old
816,3.642896890640259,1.9072538563603691,obse,soup_scene3,70,old
817,3.6479368209838867,1.9072538563603691,obse,soup_scene3,70,old
818,3.6530075073242188,1.909834959852368,obse,soup_scene3,70,old
819,3.6579670906066895,1.913666368020405,obse,soup_scene3,70,old
820,3.662538766860962,1.913666368020405,obse,soup_scene3,70,old
821,3.666959524154663,1.9172308969402316,obse,soup_scene3,70,old
822,3.671409845352173,1.9172308969402316,obse,soup_scene3,70,old
823,3.6761255264282227,1.9038001049704956,obse,soup_scene3,70,old
824,3.680262565612793,1.9024289686665343,obse,soup_scene3,70,old
825,3.685117244720459,1.9057828127823795,obse,soup_scene3,70,old
826,3.6894214153289795,1.9057828127823795,obse,soup_scene3,70,old
827,3.6940298080444336,1.909959606207269,obse,soup_scene3,70,old
828,3.698652982711792,1.9091813743724098,obse,soup_scene3,70,old
829,3.703608751296997,1.914526899801537,obse,soup_scene3,70,old
830,3.7079455852508545,1.920405742955123,obse,soup_scene3,70,old
831,3.71223783493042,1.920405742955123,obse,soup_scene3,70,old
832,3.716801643371582,1.920405742955123,obse,soup_scene3,70,old
833,3.7212162017822266,1.9256502164406892,obse,soup_scene3,70,old
834,3.725590944290161,1.9310929882734764,obse,soup_scene3,70,old
835,3.7297627925872803,1.9310929882734764,obse,soup_scene3,70,old
836,3.734165668487549,1.9365241039954142,obse,soup_scene3,70,old
837,3.738393783569336,1.6554453772681144,obse,soup_scene3,70,old
838,3.743271589279175,1.6450798122210837,obse,soup_scene3,70,old
839,3.747464179992676,1.6450798122210837,obse,soup_scene3,70,old
840,3.7520952224731445,1.6501293819288891,obse,soup_scene3,70,old
841,3.7566144466400146,1.6501293819288891,obse,soup_scene3,70,old
842,3.761079788208008,1.655044712588417,obse,soup_scene3,70,old
843,3.7653918266296387,1.6551074710580647,obse,soup_scene3,70,old
844,3.7698240280151367,1.6610557116769107,obse,soup_scene3,70,old
845,3.774125576019287,1.6610701628282825,obse,soup_scene3,70,old
846,3.778411626815796,1.665712167121352,obse,soup_scene3,70,old
847,3.7827870845794678,1.6706742780213188,obse,soup_scene3,70,old
848,3.7871952056884766,1.6706742780213188,obse,soup_scene3,70,old
849,3.791537046432495,1.6758764577901122,obse,soup_scene3,70,old
850,3.795863389968872,1.6758764577901122,obse,soup_scene3,70,old
851,3.8001201152801514,0.7158458300231221,obse,soup_scene3,70,old
852,3.8044075965881348,0.5771897395423631,obse,soup_scene3,70,old
853,3.8086624145507812,0.5816242166729397,obse,soup_scene3,70,old
854,3.8130252361297607,0.5547229706333479,obse,soup_scene3,70,old
855,3.817568063735962,0.5593894041622756,obse,soup_scene3,70,old
856,3.8217499256134033,0.5593894041622756,obse,soup_scene3,70,old
857,3.8266890048980713,0.5643397000086976,obse,soup_scene3,70,old
858,3.830702781677246,0.5643397000086976,obse,soup_scene3,70,old
859,3.8353476524353027,0.5692350009084652,obse,soup_scene3,70,old
860,3.83967924118042,0.5692350009084652,obse,soup_scene3,70,old
861,3.8441519737243652,0.5734860106220525,obse,soup_scene3,70,old
862,3.8486428260803223,0.5734860106220525,obse,soup_scene3,70,old
863,3.8536810874938965,0.5751023033854832,obse,soup_scene3,70,old
864,3.8587095737457275,0.575066417691156,obse,soup_scene3,70,old
865,3.86395001411438,0.5797186830214871,obse,soup_scene3,70,old
866,3.8688297271728516,0.14557377731315044,obse,soup_scene3,70,old
867,3.873586416244507,0.14526032092697497,obse,soup_scene3,70,old
868,3.8786277770996094,0.14228555654556294,obse,soup_scene3,70,old
869,3.8834807872772217,0.1458410559040839,obse,soup_scene3,70,old
870,3.8882923126220703,0.1458410559040839,obse,soup_scene3,70,old
871,3.8931686878204346,0.14899459904098755,obse,soup_scene3,70,old
872,3.8975942134857178,0.14899459904098755,obse,soup_scene3,70,old
873,3.902611017227173,0.15285179127359588,obse,soup_scene3,70,old
874,3.9075639247894287,0.15280590083341022,obse,soup_scene3,70,old
875,3.9125475883483887,0.15568123502714692,obse,soup_scene3,70,old
876,3.917518377304077,0.15870499265095692,obse,soup_scene3,70,old
877,3.922123432159424,0.15870499265095692,obse,soup_scene3,70,old
878,3.927060842514038,0.1622562012580789,obse,soup_scene3,70,old
879,3.931952714920044,0.2162624200000982,obse,soup_scene3,70,old
880,3.9369874000549316,0.22021228336264564,obse,soup_scene3,70,old
881,3.9419009685516357,0.23325642122195672,obse,soup_scene3,70,old
882,3.9466712474823,0.23325642122195672,obse,soup_scene3,70,old
883,3.9511280059814453,0.23707870222721314,obse,soup_scene3,70,old
884,3.955383777618408,0.23707870222721314,obse,soup_scene3,70,old
885,3.959657907485962,0.24140118049074485,obse,soup_scene3,70,old
886,3.9637818336486816,0.24140118049074485,obse,soup_scene3,70,old
887,3.968083381652832,0.24586930888899233,obse,soup_scene3,70,old
888,3.972247362136841,0.24586930888899233,obse,soup_scene3,70,old
889,3.976571798324585,0.2502264883893291,obse,soup_scene3,70,old
890,3.9807443618774414,0.2502264883893291,obse,soup_scene3,70,old
891,3.985820770263672,0.2544601533213552,obse,soup_scene3,70,old
892,3.990668773651123,0.2584523083191156,obse,soup_scene3,70,old
893,3.9954569339752197,0.2584523083191156,obse,soup_scene3,70,old
894,4.000394582748413,0.2620360337550977,obse,soup_scene3,70,old
895,4.005243539810181,0.2620360337550977,obse,soup_scene3,70,old
896,4.010342359542847,0.33984992324711205,obse,soup_scene3,70,old
897,4.015188694000244,0.3490063210865137,obse,soup_scene3,70,old
898,4.020105838775635,0.35379629412329877,obse,soup_scene3,70,old
899,4.025392055511475,0.35741174990271674,obse,soup_scene3,70,old
900,4.0300209522247314,0.35741174990271674,obse,soup_scene3,70,old
901,4.035207748413086,0.36130941314227677,obse,soup_scene3,70,old
902,4.03971791267395,0.36130941314227677,obse,soup_scene3,70,old
903,4.044671535491943,0.3653281018788052,obse,soup_scene3,70,old
904,4.049413681030273,0.36905614022237965,obse,soup_scene3,70,old
905,4.054344892501831,0.36905614022237965,obse,soup_scene3,70,old
906,4.059054136276245,0.37257938468414115,obse,soup_scene3,70,old
907,4.063662767410278,0.37257938468414115,obse,soup_scene3,70,old
908,4.068633794784546,0.37751119120636983,obse,soup_scene3,70,old
909,4.073521137237549,0.37762811270398006,obse,soup_scene3,70,old
910,4.07836389541626,0.3859466592860838,obse,soup_scene3,70,old
911,4.083441495895386,0.3892409806957889,obse,soup_scene3,70,old
912,4.087967157363892,0.3892894683746786,obse,soup_scene3,70,old
913,4.092987537384033,0.3928627498452447,obse,soup_scene3,70,old
914,4.097799062728882,0.3928627498452447,obse,soup_scene3,70,old
915,4.102552175521851,0.39576688075087196,obse,soup_scene3,70,old
916,4.1070098876953125,0.3956678754687012,obse,soup_scene3,70,old
917,4.110952615737915,0.3956678754687012,obse,soup_scene3,70,old
918,4.115389347076416,0.39717918859634826,obse,soup_scene3,70,old
919,4.1198203563690186,0.3974852133896269,obse,soup_scene3,70,old
920,4.123879671096802,0.40001401059702435,obse,soup_scene3,70,old
921,4.128297328948975,0.40143203928335863,obse,soup_scene3,70,old
922,4.132280588150024,0.40143203928335863,obse,soup_scene3,70,old
923,4.136798620223999,0.40143203928335863,obse,soup_scene3,70,old
924,4.141075611114502,0.7107918672873177,obse,soup_scene3,70,old
925,4.145354270935059,0.7127436957706009,obse,soup_scene3,70,old
926,4.1497721672058105,0.7848683193492476,obse,soup_scene3,70,old
927,4.153984308242798,0.7858245996797083,obse,soup_scene3,70,old
928,4.158353805541992,0.7862175578656906,obse,soup_scene3,70,old
929,4.16266131401062,0.7875336423422182,obse,soup_scene3,70,old
930,4.1668829917907715,0.7875336423422182,obse,soup_scene3,70,old
931,4.17274808883667,0.7875336423422182,obse,soup_scene3,70,old
932,4.178113222122192,0.7885287591048563,obse,soup_scene3,70,old
933,4.182555198669434,0.7884750822348393,obse,soup_scene3,70,old
934,4.186913728713989,0.7902725524062363,obse,soup_scene3,70,old
935,4.191312074661255,0.7902725524062363,obse,soup_scene3,70,old
936,4.195587873458862,0.7902451274830344,obse,soup_scene3,70,old
937,4.199751138687134,0.7917652929514295,obse,soup_scene3,70,old
938,4.203803300857544,0.7917652929514295,obse,soup_scene3,70,old
939,4.208525896072388,1.240064980770064,obse,soup_scene3,70,old
940,4.212707757949829,1.240064980770064,obse,soup_scene3,70,old
941,4.217284917831421,1.2416017776220334,obse,soup_scene3,70,old
942,4.221630096435547,1.2419524546226905,obse,soup_scene3,70,old
943,4.225791931152344,1.243606262154154,obse,soup_scene3,70,old
944,4.230231761932373,1.243606262154154,obse,soup_scene3,70,old
945,4.234679698944092,1.2447683081155083,obse,soup_scene3,70,old
946,4.238877534866333,1.2447683081155083,obse,soup_scene3,70,old
947,4.243315696716309,1.2446812089272739,obse,soup_scene3,70,old
948,4.247994661331177,1.2461541449462503,obse,soup_scene3,70,old
949,4.252646207809448,1.2481817753617124,obse,soup_scene3,70,old
950,4.257341623306274,1.2491985365671938,obse,soup_scene3,70,old
951,4.26211142539978,1.251549664221682,obse,soup_scene3,70,old
952,4.266629457473755,1.2526531333060273,obse,soup_scene3,70,old
953,4.270876169204712,1.612060458118292,obse,soup_scene3,70,old
954,4.27571964263916,1.6258197219727337,obse,soup_scene3,70,old
955,4.280358076095581,1.6269832383627931,obse,soup_scene3,70,old
956,4.28478217124939,1.628462152512654,obse,soup_scene3,70,old
957,4.288956165313721,1.628462152512654,obse,soup_scene3,70,old
958,4.293490409851074,1.629351803160694,obse,soup_scene3,70,old
959,4.297552108764648,1.629351803160694,obse,soup_scene3,70,old
960,4.302053689956665,1.6303480721180248,obse,soup_scene3,70,old
961,4.306512832641602,1.6302886742498488,obse,soup_scene3,70,old
962,4.311208963394165,1.631253402571718,obse,soup_scene3,70,old
963,4.315392255783081,1.631253402571718,obse,soup_scene3,70,old
964,4.3200976848602295,1.6321124809779028,obse,soup_scene3,70,old
965,4.324301481246948,1.633427153760373,obse,soup_scene3,70,old
966,4.328623294830322,1.633427153760373,obse,soup_scene3,70,old
967,4.332770109176636,1.633394484279317,obse,soup_scene3,70,old
968,4.3372204303741455,1.6344844019969074,obse,soup_scene3,70,old
969,4.341505765914917,1.6356970118876828,obse,soup_scene3,70,old
970,4.346178293228149,1.7364036924183897,obse,soup_scene3,70,old
971,4.350613832473755,1.7377567122727713,obse,soup_scene3,70,old
972,4.354767799377441,1.7401966442708685,obse,soup_scene3,70,old
973,4.3591790199279785,1.7406355779048701,obse,soup_scene3,70,old
974,4.36323618888855,1.7406355779048701,obse,soup_scene3,70,old
975,4.367635011672974,1.7419091920161611,obse,soup_scene3,70,old
976,4.371779441833496,1.7419091920161611,obse,soup_scene3,70,old
977,4.3761680126190186,1.7431026760574442,obse,soup_scene3,70,old
978,4.380881309509277,1.7431026760574442,obse,soup_scene3,70,old
979,4.385607004165649,1.7432329634714532,obse,soup_scene3,70,old
980,4.390075445175171,1.7432329634714532,obse,soup_scene3,70,old
981,4.394561529159546,1.7438932077662714,obse,soup_scene3,70,old
982,4.3989198207855225,1.7440785266782088,obse,soup_scene3,70,old
983,4.403482437133789,1.7446177080522998,obse,soup_scene3,70,old
984,4.407928943634033,1.7432703724558232,obse,soup_scene3,70,old
985,4.412431716918945,1.7429513295640986,obse,soup_scene3,70,old
986,4.417179107666016,1.741162784281319,obse,soup_scene3,70,old
987,4.421473979949951,1.741162784281319,obse,soup_scene3,70,old
988,4.425885915756226,1.7413014342698938,obse,soup_scene3,70,old
989,4.430201768875122,1.7413014342698938,obse,soup_scene3,70,old
990,4.434720277786255,1.7425177388532882,obse,soup_scene3,70,old
991,4.438987731933594,1.7425177388532882,obse,soup_scene3,70,old
992,4.443976879119873,1.7425587521716803,obse,soup_scene3,70,old
993,4.449126482009888,1.7431105580866435,obse,soup_scene3,70,old
994,4.453619003295898,1.7431105580866435,obse,soup_scene3,70,old
995,4.458137512207031,1.744486785120853,obse,soup_scene3,70,old
996,4.462655067443848,1.744486785120853,obse,soup_scene3,70,old
997,4.467418670654297,1.743581541902033,obse,soup_scene3,70,old
998,4.47223424911499,1.743581541902033,obse,soup_scene3,70,old
999,4.477182626724243,1.279857649496452,obse,soup_scene3,70,old
1000,4.482258081436157,1.246050033121178,obse,soup_scene3,70,old
1001,4.4871509075164795,1.2465184000570424,obse,soup_scene3,70,old
1002,4.492004156112671,1.2471710644557539,obse,soup_scene3,70,old
1003,4.496826648712158,1.2471710644557539,obse,soup_scene3,70,old
1004,4.501806020736694,1.2472435832374889,obse,soup_scene3,70,old
1005,4.506685495376587,1.2472435832374889,obse,soup_scene3,70,old
1006,4.511325359344482,1.247437565041471,obse,soup_scene3,70,old
1007,4.5167200565338135,1.2473063777689397,obse,soup_scene3,70,old
1008,4.521580457687378,1.2483550113147106,obse,soup_scene3,70,old
1009,4.526264429092407,1.2483550113147106,obse,soup_scene3,70,old
1010,4.531163692474365,1.2484749267840045,obse,soup_scene3,70,old
1011,4.535966873168945,1.2476789289314907,obse,soup_scene3,70,old
1012,4.540899038314819,1.2476789289314907,obse,soup_scene3,70,old
1013,4.545801162719727,1.2830311464712092,obse,soup_scene3,70,old
1014,4.550504446029663,1.292137077783381,obse,soup_scene3,70,old
1015,4.555429220199585,1.2916724605108962,obse,soup_scene3,70,old
1016,4.5600926876068115,1.2920920809279415,obse,soup_scene3,70,old
1017,4.564908266067505,1.2924482230014003,obse,soup_scene3,70,old
1018,4.569829225540161,1.2920826980057192,obse,soup_scene3,70,old
1019,4.574549674987793,1.2920826980057192,obse,soup_scene3,70,old
1020,4.5791497230529785,1.2920878725176184,obse,soup_scene3,70,old
1021,4.58401894569397,1.292423737258803,obse,soup_scene3,70,old
1022,4.588743448257446,1.2925482312122616,obse,soup_scene3,70,old
1023,4.593494415283203,1.2925846983235214,obse,soup_scene3,70,old
1024,4.598269701004028,1.2925846983235214,obse,soup_scene3,70,old
1025,4.603020906448364,1.2925846983235214,obse,soup_scene3,70,old
1026,4.607852458953857,1.2925299439595233,obse,soup_scene3,70,old
1027,4.612675666809082,1.8167650872268677,obse,soup_scene3,70,old
1028,4.61764931678772,1.8167370395227749,obse,soup_scene3,70,old
1029,4.62263035774231,1.8758319825457368,obse,soup_scene3,70,old
1030,4.627461194992065,1.8762088904967287,obse,soup_scene3,70,old
1031,4.632181406021118,1.8762088904967287,obse,soup_scene3,70,old
1032,4.637159585952759,1.876263508603164,obse,soup_scene3,70,old
1033,4.642023324966431,1.876263508603164,obse,soup_scene3,70,old
1034,4.646851301193237,1.8720716355898919,obse,soup_scene3,70,old
1035,4.6518285274505615,1.8720985751367092,obse,soup_scene3,70,old
1036,4.656704664230347,1.875722051145863,obse,soup_scene3,70,old
1037,4.661631345748901,1.8716735392430124,obse,soup_scene3,70,old
1038,4.667014837265015,1.8721993637643302,obse,soup_scene3,70,old
1039,4.67207932472229,1.8715398949155908,obse,soup_scene3,70,old
1040,4.676471710205078,1.8712429137342508,obse,soup_scene3,70,old
1041,4.680873155593872,1.8708062044785463,obse,soup_scene3,70,old
1042,4.685379505157471,1.8710392426793243,obse,soup_scene3,70,old
1043,4.689906597137451,1.3380161418233767,obse,soup_scene3,70,old
1044,4.694307804107666,1.31375473372338,obse,soup_scene3,70,old
1045,4.6985321044921875,1.3133596022572072,obse,soup_scene3,70,old
1046,4.7029218673706055,1.3132117579434557,obse,soup_scene3,70,old
1047,4.707135438919067,1.3131877098646532,obse,soup_scene3,70,old
1048,4.711474895477295,1.3127465243107563,obse,soup_scene3,70,old
1049,4.715936183929443,1.3124466707741655,obse,soup_scene3,70,old
1050,4.720319509506226,1.3124466707741655,obse,soup_scene3,70,old
1051,4.724735736846924,1.3122003421533406,obse,soup_scene3,70,old
1052,4.729740381240845,1.3122003421533406,obse,soup_scene3,70,old
1053,4.734698534011841,1.3128572348255443,obse,soup_scene3,70,old
1054,4.739460229873657,1.8074348534463407,obse,soup_scene3,70,old
1055,4.74441385269165,1.8882154355369187,obse,soup_scene3,70,old
1056,4.748859643936157,1.8882088785481637,obse,soup_scene3,70,old
1057,4.753313064575195,1.8899907606268105,obse,soup_scene3,70,old
1058,4.757770538330078,1.8913782431762232,obse,soup_scene3,70,old
1059,4.762213230133057,1.8913782431762232,obse,soup_scene3,70,old
1060,4.766863822937012,1.8936843844990838,obse,soup_scene3,70,old
1061,4.771833658218384,1.8936843844990838,obse,soup_scene3,70,old
1062,4.776775121688843,1.896134115761814,obse,soup_scene3,70,old
1063,4.781768560409546,1.896134115761814,obse,soup_scene3,70,old
1064,4.786888837814331,1.898328398435476,obse,soup_scene3,70,old
1065,4.791710376739502,1.899198859237247,obse,soup_scene3,70,old
1066,4.795987129211426,1.899198859237247,obse,soup_scene3,70,old
1067,4.800399303436279,1.9017127654639592,obse,soup_scene3,70,old
1068,4.804629802703857,1.9017127654639592,obse,soup_scene3,70,old
1069,4.809074401855469,1.3879515242207259,obse,soup_scene3,70,old
1070,4.813365936279297,1.3224081914991428,obse,soup_scene3,70,old
1071,4.817945957183838,1.3249226634662883,obse,soup_scene3,70,old
1072,4.822425842285156,1.3249226634662883,obse,soup_scene3,70,old
1073,4.827071905136108,1.3266602677106856,obse,soup_scene3,70,old
1074,4.831534147262573,1.3266602677106856,obse,soup_scene3,70,old
1075,4.835883140563965,1.3289327545576213,obse,soup_scene3,70,old
1076,4.840140104293823,1.3289572115192732,obse,soup_scene3,70,old
1077,4.84454870223999,1.3316749863019322,obse,soup_scene3,70,old
1078,4.848876714706421,1.3348599593285246,obse,soup_scene3,70,old
1079,4.8531293869018555,1.3348599593285246,obse,soup_scene3,70,old
1080,4.857294797897339,1.3711348894060058,obse,soup_scene3,70,old
1081,4.861749172210693,1.3711348894060058,obse,soup_scene3,70,old
1082,4.866062641143799,1.371106862195024,obse,soup_scene3,70,old
1083,4.870554447174072,1.371106862195024,obse,soup_scene3,70,old
1084,4.875054597854614,1.3714842127311333,obse,soup_scene3,70,old
1085,4.87962532043457,1.3714842127311333,obse,soup_scene3,70,old
1086,4.884207010269165,0.618072000001631,obse,soup_scene3,70,old
1087,4.8883376121521,0.618072000001631,obse,soup_scene3,70,old
1088,4.8925793170928955,0.6172635674765606,obse,soup_scene3,70,old
1089,4.896543502807617,0.6172635674765606,obse,soup_scene3,70,old
1090,4.9009552001953125,0.6205979156075587,obse,soup_scene3,70,old
1091,4.905357837677002,0.5810454656746314,obse,soup_scene3,70,old
1092,4.909759759902954,0.5600904863129453,obse,soup_scene3,70,old
1093,4.91401219367981,0.5596640775163898,obse,soup_scene3,70,old
1094,4.918560981750488,0.5793659301254809,obse,soup_scene3,70,old
1095,4.923075437545776,0.5793516197261265,obse,soup_scene3,70,old
1096,4.927531480789185,0.5786563253648368,obse,soup_scene3,70,old
1097,4.9318742752075195,0.5785989749483197,obse,soup_scene3,70,old
1098,4.9361724853515625,0.5792719609703013,obse,soup_scene3,70,old
1099,4.940335035324097,0.5794000668321699,obse,soup_scene3,70,old
1100,4.944814682006836,0.5967622135600706,obse,soup_scene3,70,old
1101,4.949244737625122,0.5967622135600706,obse,soup_scene3,70,old
1102,4.953843355178833,0.596232315255303,obse,soup_scene3,70,old
1103,4.958438158035278,0.5954945666286688,obse,soup_scene3,70,old
1104,4.962680816650391,0.5954945666286688,obse,soup_scene3,70,old
1105,4.967028617858887,0.5947390571995935,obse,soup_scene3,70,old
1106,4.971834421157837,0.5925424692988873,obse,soup_scene3,70,old
1107,4.976369142532349,0.5934594914543264,obse,soup_scene3,70,old
1108,4.980877161026001,0.5934594914543264,obse,soup_scene3,70,old
1109,4.985344648361206,0.5745558182609483,obse,soup_scene3,70,old
1110,4.989739656448364,0.5746442260377143,obse,soup_scene3,70,old
1111,4.994714975357056,0.5747785814506323,obse,soup_scene3,70,old
1112,4.9994354248046875,0.5743693696827317,obse,soup_scene3,70,old
1113,5.0038909912109375,0.5743693696827317,obse,soup_scene3,70,old
1114,5.008875846862793,0.5929867673776122,obse,soup_scene3,70,old
1115,5.013119697570801,0.5929867673776122,obse,soup_scene3,70,old
1116,5.0175206661224365,0.7030155130968239,obse,soup_scene3,70,old
1117,5.021655321121216,0.7146181710107191,obse,soup_scene3,70,old
1118,5.0261921882629395,0.6956870389425116,obse,soup_scene3,70,old
1119,5.03039813041687,0.6956870389425116,obse,soup_scene3,70,old
1120,5.034897565841675,0.7130031513007794,obse,soup_scene3,70,old
1121,5.0392067432403564,0.7121729472558999,obse,soup_scene3,70,old
1122,5.043790817260742,0.6943837190639317,obse,soup_scene3,70,old
1123,5.048192501068115,0.6942837232379083,obse,soup_scene3,70,old
1124,5.05271577835083,0.6950898385940356,obse,soup_scene3,70,old
1125,5.056949853897095,0.6949785649489802,obse,soup_scene3,70,old
1126,5.0614259243011475,0.6950090499443647,obse,soup_scene3,70,old
1127,5.0659050941467285,0.6950090499443647,obse,soup_scene3,70,old
1128,5.0713114738464355,0.6954437545268755,obse,soup_scene3,70,old
1129,5.075913667678833,0.8646620550115333,obse,soup_scene3,70,old
1130,5.080334901809692,0.8817634864312804,obse,soup_scene3,70,old
1131,5.085114002227783,0.8817130914090682,obse,soup_scene3,70,old
1132,5.089593410491943,0.8817130914090682,obse,soup_scene3,70,old
1133,5.0943028926849365,0.8821638881895584,obse,soup_scene3,70,old
1134,5.102374076843262,0.8822169731630187,obse,soup_scene3,70,old
1135,5.107428789138794,0.8819919630966955,obse,soup_scene3,70,old
1136,5.113112926483154,0.8819919630966955,obse,soup_scene3,70,old
1137,5.118189573287964,0.88230473694223,obse,soup_scene3,70,old
1138,5.1228251457214355,0.88230473694223,obse,soup_scene3,70,old
1139,5.128131866455078,0.8819112206585348,obse,soup_scene3,70,old
1140,5.133080005645752,0.8828713532514167,obse,soup_scene3,70,old
1141,5.137983322143555,0.8828713532514167,obse,soup_scene3,70,old
1142,5.14305305480957,0.48405106166831996,obse,soup_scene3,70,old
1143,5.147764682769775,0.48396662132303614,obse,soup_scene3,70,old
1144,5.152165651321411,0.46272775602125804,obse,soup_scene3,70,old
1145,5.156261205673218,0.46272775602125804,obse,soup_scene3,70,old
1146,5.160598039627075,0.4629902812441397,obse,soup_scene3,70,old
1147,5.164970397949219,0.46334917136815634,obse,soup_scene3,70,old
1148,5.1692140102386475,0.48484141038290535,obse,soup_scene3,70,old
1149,5.1737682819366455,0.4838226013209746,obse,soup_scene3,70,old
1150,5.177997589111328,0.46168641519309783,obse,soup_scene3,70,old
1151,5.182199716567993,0.46313695692774126,obse,soup_scene3,70,old
1152,5.186423063278198,0.4633552731442639,obse,soup_scene3,70,old
1153,5.190452814102173,0.4618748059640529,obse,soup_scene3,70,old
1154,5.194958686828613,0.46146364050223193,obse,soup_scene3,70,old
1155,5.199042320251465,0.4624278882170273,obse,soup_scene3,70,old
1156,5.203384160995483,0.462406899704204,obse,soup_scene3,70,old
1157,5.208020448684692,0.5760301512518212,obse,soup_scene3,70,old
1158,5.212911128997803,0.5845410015812057,obse,soup_scene3,70,old
1159,5.217823505401611,0.5843452594287712,obse,soup_scene3,70,old
1160,5.222663164138794,0.5843452594287712,obse,soup_scene3,70,old
1161,5.22748589515686,0.5836043217192759,obse,soup_scene3,70,old
1162,5.232569932937622,0.5841163724637614,obse,soup_scene3,70,old
1163,5.237419366836548,0.5841163724637614,obse,soup_scene3,70,old
1164,5.242279052734375,0.5839046088950951,obse,soup_scene3,70,old
1165,5.246906757354736,0.5839046088950951,obse,soup_scene3,70,old
1166,5.251575946807861,0.5837115478652306,obse,soup_scene3,70,old
1167,5.25581955909729,0.5837115478652306,obse,soup_scene3,70,old
1168,5.260351181030273,0.5830957552144669,obse,soup_scene3,70,old
1169,5.26456618309021,0.5829980037105912,obse,soup_scene3,70,old
1170,5.269375324249268,0.5826945014570503,obse,soup_scene3,70,old
1171,5.273858547210693,0.3616862718118999,obse,soup_scene3,70,old
1172,5.278367519378662,0.3370622084007975,obse,soup_scene3,70,old
1173,5.282783269882202,0.3379721516097964,obse,soup_scene3,70,old
1174,5.287275075912476,0.3392171418648609,obse,soup_scene3,70,old
1175,5.291828870773315,0.3390683357774614,obse,soup_scene3,70,old
1176,5.296178102493286,0.3390683357774614,obse,soup_scene3,70,old
1177,5.301122188568115,0.33882406003692106,obse,soup_scene3,70,old
1178,5.306529760360718,0.33896848923465295,obse,soup_scene3,70,old
1179,5.312899112701416,0.3383662764223661,obse,soup_scene3,70,old
1180,5.319567918777466,0.3381102821186819,obse,soup_scene3,70,old
1181,5.324926376342773,0.3380042708502451,obse,soup_scene3,70,old
1182,5.329105377197266,0.3380042708502451,obse,soup_scene3,70,old
1183,5.333426475524902,0.338385977836449,obse,soup_scene3,70,old
1184,5.337483882904053,0.338385977836449,obse,soup_scene3,70,old
1185,5.342478275299072,0.33897138849408065,obse,soup_scene3,70,old
1186,5.348756790161133,0.3690343594540755,obse,soup_scene3,70,old
1187,5.35344386100769,0.3685491502530449,obse,soup_scene3,70,old
1188,5.357848405838013,0.36987862965013846,obse,soup_scene3,70,old
1189,5.362178564071655,0.37034950644624115,obse,soup_scene3,70,old
1190,5.366600751876831,0.3700655320208015,obse,soup_scene3,70,old
1191,5.370807409286499,0.3700655320208015,obse,soup_scene3,70,old
1192,5.374960660934448,0.3702775187503587,obse,soup_scene3,70,old
1193,5.379084825515747,0.3716403601935569,obse,soup_scene3,70,old
1194,5.383729696273804,0.3714350156890708,obse,soup_scene3,70,old
1195,5.3879547119140625,0.3721294423035467,obse,soup_scene3,70,old
1196,5.393634080886841,0.37231599799613485,obse,soup_scene3,70,old
1197,5.39793586730957,0.37185800638242505,obse,soup_scene3,70,old
1198,5.402216672897339,0.37185800638242505,obse,soup_scene3,70,old
1199,5.406574726104736,0.3941692762676541,obse,soup_scene3,70,old
1200,5.410874128341675,0.39912287264232027,obse,soup_scene3,70,old
1201,5.415306329727173,0.39856270655029,obse,soup_scene3,70,old
1202,5.419431924819946,0.39856270655029,obse,soup_scene3,70,old
1203,5.423721551895142,0.3988488282734812,obse,soup_scene3,70,old
1204,5.427949905395508,0.39888655400442874,obse,soup_scene3,70,old
1205,5.432339906692505,0.39888655400442874,obse,soup_scene3,70,old
1206,5.436387538909912,0.3988528445453863,obse,soup_scene3,70,old
1207,5.4405035972595215,0.3991261904623364,obse,soup_scene3,70,old
1208,5.444711685180664,0.3991261904623364,obse,soup_scene3,70,old
1209,5.4491472244262695,0.39820208591829753,obse,soup_scene3,70,old
1210,5.453545093536377,0.39820208591829753,obse,soup_scene3,70,old
1211,5.457960367202759,0.3983193703175256,obse,soup_scene3,70,old
1212,5.462571144104004,0.39826752938170046,obse,soup_scene3,70,old
1213,5.467747688293457,0.39956369243437273,obse,soup_scene3,70,old
1214,5.47464919090271,0.399262821068917,obse,soup_scene3,70,old
1215,5.481445789337158,0.4286474505084816,obse,soup_scene3,70,old
1216,5.48708176612854,0.4300565561795071,obse,soup_scene3,70,old
1217,5.4915783405303955,0.43058224819231833,obse,soup_scene3,70,old
1218,5.498353481292725,0.4313289437840238,obse,soup_scene3,70,old
1219,5.5029988288879395,0.4307170308154692,obse,soup_scene3,70,old
1220,5.5073418617248535,0.4296767575732837,obse,soup_scene3,70,old
1221,5.511816024780273,0.4296767575732837,obse,soup_scene3,70,old
1222,5.516119718551636,0.4305931835087566,obse,soup_scene3,70,old
1223,5.520506858825684,0.43023584678195553,obse,soup_scene3,70,old
1224,5.524793386459351,0.43073494013176017,obse,soup_scene3,70,old
1225,5.5290586948394775,0.43073494013176017,obse,soup_scene3,70,old
1226,5.534141540527344,0.4321157463516328,obse,soup_scene3,70,old
1227,5.538319110870361,0.4321157463516328,obse,soup_scene3,70,old
1228,5.542735815048218,0.427223169588156,obse,soup_scene3,70,old
1229,5.547004222869873,0.4269638794353351,obse,soup_scene3,70,old
1230,5.551563262939453,0.4268372312235113,obse,soup_scene3,70,old
1231,5.555774211883545,0.4268372312235113,obse,soup_scene3,70,old
1232,5.560153007507324,0.4267269870504725,obse,soup_scene3,70,old
1233,5.564351797103882,0.4267269870504725,obse,soup_scene3,70,old
1234,5.569445371627808,0.42571886263422487,obse,soup_scene3,70,old
1235,5.573932647705078,0.42695839291194143,obse,soup_scene3,70,old
1236,5.578250885009766,0.42695839291194143,obse,soup_scene3,70,old
1237,5.582744836807251,0.42614025524854865,obse,soup_scene3,70,old
1238,5.587388038635254,0.42614025524854865,obse,soup_scene3,70,old
1239,5.5918378829956055,0.4269226265291579,obse,soup_scene3,70,old
1240,5.596136808395386,0.4269226265291579,obse,soup_scene3,70,old
1241,5.60071325302124,0.42711064389452286,obse,soup_scene3,70,old
1242,5.60498309135437,0.4214278765076277,obse,soup_scene3,70,old
1243,5.60957670211792,0.421496926347059,obse,soup_scene3,70,old
1244,5.614025115966797,0.421274418099348,obse,soup_scene3,70,old
1245,5.6188061237335205,0.42153435655486887,obse,soup_scene3,70,old
1246,5.6229939460754395,0.42153435655486887,obse,soup_scene3,70,old
1247,5.62756872177124,0.42280264392976513,obse,soup_scene3,70,old
1248,5.631857395172119,0.42243109100787096,obse,soup_scene3,70,old
1249,5.636789083480835,0.4202422319078022,obse,soup_scene3,70,old
1250,5.641201734542847,0.4204434343011587,obse,soup_scene3,70,old
1251,5.645597457885742,0.4209730422251893,obse,soup_scene3,70,old
1252,5.650065898895264,0.42145215024436156,obse,soup_scene3,70,old
1253,5.654379606246948,0.42145215024436156,obse,soup_scene3,70,old
1254,5.659114837646484,0.42116818599115674,obse,soup_scene3,70,old
1255,5.66327428817749,0.42116818599115674,obse,soup_scene3,70,old
1256,5.66785454750061,0.4215254401070935,obse,soup_scene3,70,old
1257,5.672218322753906,0.5574561782161763,obse,soup_scene3,70,old
1258,5.676677227020264,0.5722047787768817,obse,soup_scene3,70,old
1259,5.68084454536438,0.5722047787768817,obse,soup_scene3,70,old
1260,5.685436487197876,0.5723086740833356,obse,soup_scene3,70,old
1261,5.689719200134277,0.5723086740833356,obse,soup_scene3,70,old
1262,5.694032430648804,0.5707024566923143,obse,soup_scene3,70,old
1263,5.698454856872559,0.5707024566923143,obse,soup_scene3,70,old
1264,5.703051805496216,0.5696166941983619,obse,soup_scene3,70,old
1265,5.707529067993164,0.5696646428385178,obse,soup_scene3,70,old
1266,5.711690425872803,0.5696646428385178,obse,soup_scene3,70,old
1267,5.715977907180786,0.5696646428385178,obse,soup_scene3,70,old
1268,5.72024941444397,0.5703602739797158,obse,soup_scene3,70,old
1269,5.724624156951904,0.5703602739797158,obse,soup_scene3,70,old
1270,5.728789567947388,0.5703602739797158,obse,soup_scene3,70,old
1271,5.7329912185668945,0.5703602739797158,obse,soup_scene3,70,old
1272,5.737460613250732,0.3052163981054854,obse,soup_scene3,70,old
1273,5.741632461547852,0.3052163981054854,obse,soup_scene3,70,old
1274,5.7459681034088135,0.3050091689831204,obse,soup_scene3,70,old
1275,5.750382900238037,0.2709864071634398,obse,soup_scene3,70,old
1276,5.7547926902771,0.2711250314658359,obse,soup_scene3,70,old
1277,5.7590625286102295,0.2711250314658359,obse,soup_scene3,70,old
1278,5.763254642486572,0.2711250314658359,obse,soup_scene3,70,old
1279,5.767507314682007,0.2723894414748732,obse,soup_scene3,70,old
1280,5.771855592727661,0.2723894414748732,obse,soup_scene3,70,old
1281,5.7765138149261475,0.2717823836115821,obse,soup_scene3,70,old
1282,5.781491041183472,0.2717823836115821,obse,soup_scene3,70,old
1283,5.786581993103027,0.2708730957117651,obse,soup_scene3,70,old
1284,5.791487216949463,0.2708730957117651,obse,soup_scene3,70,old
1285,5.796686410903931,0.2708730957117651,obse,soup_scene3,70,old
1286,5.801442384719849,0.27037083486959795,obse,soup_scene3,70,old
1287,5.806440353393555,0.27037083486959795,obse,soup_scene3,70,old
1288,5.811329126358032,0.2857361115090017,obse,soup_scene3,70,old
1289,5.81623911857605,0.2887282151438448,obse,soup_scene3,70,old
1290,5.821270942687988,0.28861190142102056,obse,soup_scene3,70,old
1291,5.825962066650391,0.2893418991141121,obse,soup_scene3,70,old
1292,5.83062481880188,0.2893418991141121,obse,soup_scene3,70,old
1293,5.835432767868042,0.2891419654248106,obse,soup_scene3,70,old
1294,5.840460300445557,0.2891419654248106,obse,soup_scene3,70,old
1295,5.8454625606536865,0.2893230453153566,obse,soup_scene3,70,old
1296,5.850614547729492,0.2893923447795007,obse,soup_scene3,70,old
1297,5.855979681015015,0.3095647251696252,obse,soup_scene3,70,old
1298,5.8609395027160645,0.2896975199684023,obse,soup_scene3,70,old
1299,5.865403890609741,0.2896975199684023,obse,soup_scene3,70,old
1300,5.870137691497803,0.2895063305774323,obse,soup_scene3,70,old
1301,5.875553607940674,0.28839097421367504,obse,soup_scene3,70,old
1302,5.880054235458374,0.3362982274739,obse,soup_scene3,70,old
1303,5.8846495151519775,0.33779554686022134,obse,soup_scene3,70,old
1304,5.889915943145752,0.3390112396674255,obse,soup_scene3,70,old
1305,5.894496202468872,0.33870560381292747,obse,soup_scene3,70,old
1306,5.8986899852752686,0.3380192409119274,obse,soup_scene3,70,old
1307,5.903170347213745,0.3378264918230394,obse,soup_scene3,70,old
1308,5.907870769500732,0.3384905607706668,obse,soup_scene3,70,old
1309,5.912248134613037,0.3384905607706668,obse,soup_scene3,70,old
1310,5.916908264160156,0.3375317443667689,obse,soup_scene3,70,old
1311,5.921165466308594,0.3375317443667689,obse,soup_scene3,70,old
1312,5.926032543182373,0.33749023515553234,obse,soup_scene3,70,old
1313,5.93030858039856,0.33749023515553234,obse,soup_scene3,70,old
1314,5.934888601303101,0.3378410560344726,obse,soup_scene3,70,old
1315,5.939289331436157,0.3378410560344726,obse,soup_scene3,70,old
1316,5.943867206573486,0.3381602005733736,obse,soup_scene3,70,old
1317,5.948364019393921,0.39327746219475973,obse,soup_scene3,70,old
1318,5.95279598236084,0.3990789484826526,obse,soup_scene3,70,old
1319,5.957375764846802,0.39923879403104146,obse,soup_scene3,70,old
1320,5.962341785430908,0.3981676687416158,obse,soup_scene3,70,old
1321,5.966773748397827,0.39810286972988174,obse,soup_scene3,70,old
1322,5.971092939376831,0.39814598516700456,obse,soup_scene3,70,old
1323,5.975585460662842,0.3980976536003383,obse,soup_scene3,70,old
1324,5.980424642562866,0.3980976536003383,obse,soup_scene3,70,old
1325,5.98502254486084,0.3989809125600379,obse,soup_scene3,70,old
1326,5.989341735839844,0.39893673342626007,obse,soup_scene3,70,old
1327,5.994516134262085,0.39870080313868456,obse,soup_scene3,70,old
1328,5.998688220977783,0.3985399756555656,obse,soup_scene3,70,old
1329,6.003142595291138,0.39857823962783756,obse,soup_scene3,70,old
1330,6.007517576217651,0.39841741198445546,obse,soup_scene3,70,old
1331,6.012515306472778,0.3639007077066413,obse,soup_scene3,70,old
1332,6.0173115730285645,0.3647604561543313,obse,soup_scene3,70,old
1333,6.021576404571533,0.36427330415880393,obse,soup_scene3,70,old
1334,6.026258230209351,0.3644772688523787,obse,soup_scene3,70,old
1335,6.03051495552063,0.3644772688523787,obse,soup_scene3,70,old
1336,6.035123825073242,0.3647691989657077,obse,soup_scene3,70,old
1337,6.0393455028533936,0.3647691989657077,obse,soup_scene3,70,old
1338,6.043860912322998,0.36333845449121155,obse,soup_scene3,70,old
1339,6.048462390899658,0.36333845449121155,obse,soup_scene3,70,old
1340,6.052967071533203,0.36291666398171757,obse,soup_scene3,70,old
1341,6.0571818351745605,0.3633159531960011,obse,soup_scene3,70,old
1342,6.061171293258667,0.3633159531960011,obse,soup_scene3,70,old
1343,6.06537938117981,0.3633159531960011,obse,soup_scene3,70,old
1344,6.069488525390625,0.3635575196048036,obse,soup_scene3,70,old
1345,6.073639154434204,0.3629125995018526,obse,soup_scene3,70,old
1346,6.0783281326293945,0.3629343956430756,obse,soup_scene3,70,old
1347,6.082869529724121,0.3635293454458163,obse,soup_scene3,70,old
1348,6.0871992111206055,0.3632527977631566,obse,soup_scene3,70,old
1349,6.0917747020721436,0.36321816394727874,obse,soup_scene3,70,old
1350,6.096095085144043,0.36321816394727874,obse,soup_scene3,70,old
1351,6.1007301807403564,0.3637507281212633,obse,soup_scene3,70,old
1352,6.105072736740112,0.3637507281212633,obse,soup_scene3,70,old
1353,6.1096673011779785,0.36429428297779365,obse,soup_scene3,70,old
1354,6.114649772644043,0.36491121069052,obse,soup_scene3,70,old
1355,6.119256496429443,0.3655541664640097,obse,soup_scene3,70,old
1356,6.123431205749512,0.3653730485462905,obse,soup_scene3,70,old
1357,6.127883195877075,0.36540737528970735,obse,soup_scene3,70,old
1358,6.132084846496582,0.365815447026423,obse,soup_scene3,70,old
1359,6.136517524719238,0.36510904562698,obse,soup_scene3,70,old
1360,6.1407859325408936,0.36522186327251227,obse,soup_scene3,70,old
1361,6.145321607589722,0.45776825073084515,obse,soup_scene3,70,old
1362,6.149739503860474,0.4569746367966756,obse,soup_scene3,70,old
1363,6.154026031494141,0.4597391236881666,obse,soup_scene3,70,old
1364,6.158397912979126,0.4604651233611566,obse,soup_scene3,70,old
1365,6.162778615951538,0.4606167898798386,obse,soup_scene3,70,old
1366,6.167173862457275,0.46178869198608163,obse,soup_scene3,70,old
1367,6.171437978744507,0.46178869198608163,obse,soup_scene3,70,old
1368,6.175948619842529,0.4610489578228906,obse,soup_scene3,70,old
1369,6.1800243854522705,0.4610489578228906,obse,soup_scene3,70,old
1370,6.184505939483643,0.46190194807457075,obse,soup_scene3,70,old
1371,6.1888816356658936,0.46190194807457075,obse,soup_scene3,70,old
1372,6.193446159362793,0.46130190274443367,obse,soup_scene3,70,old
1373,6.197629690170288,0.46130190274443367,obse,soup_scene3,70,old
1374,6.202133417129517,0.4611651148204464,obse,soup_scene3,70,old
1375,6.206552267074585,0.25927644653778464,obse,soup_scene3,70,old
1376,6.210949420928955,0.23763547075583358,obse,soup_scene3,70,old
1377,6.2153332233428955,0.236570337416118,obse,soup_scene3,70,old
1378,6.219851493835449,0.23867279523467969,obse,soup_scene3,70,old
1379,6.224247694015503,0.23899951867841973,obse,soup_scene3,70,old
1380,6.228734970092773,0.24041435744591264,obse,soup_scene3,70,old
1381,6.233068943023682,0.24062407322059662,obse,soup_scene3,70,old
1382,6.23752760887146,0.24062407322059662,obse,soup_scene3,70,old
1383,6.241968393325806,0.24032149254755336,obse,soup_scene3,70,old
1384,6.246248006820679,0.24032149254755336,obse,soup_scene3,70,old
1385,6.250972747802734,0.24062217992350654,obse,soup_scene3,70,old
1386,6.255212068557739,0.24062217992350654,obse,soup_scene3,70,old
1387,6.25970983505249,0.240201145467469,obse,soup_scene3,70,old
1388,6.26392674446106,0.240201145467469,obse,soup_scene3,70,old
1389,6.26854944229126,0.22085110849704634,obse,soup_scene3,70,old
1390,6.2731850147247314,0.2205084847603038,obse,soup_scene3,70,old
1391,6.27765154838562,0.219806005007609,obse,soup_scene3,70,old
1392,6.282121181488037,0.2197748605244422,obse,soup_scene3,70,old
1393,6.286603689193726,0.2202240026650833,obse,soup_scene3,70,old
1394,6.291281700134277,0.2195789499163625,obse,soup_scene3,70,old
1395,6.295619249343872,0.2195789499163625,obse,soup_scene3,70,old
1396,6.300127267837524,0.21893251416089113,obse,soup_scene3,70,old
1397,6.304498910903931,0.21893251416089113,obse,soup_scene3,70,old
1398,6.308990478515625,0.2197106362012853,obse,soup_scene3,70,old
1399,6.313172817230225,0.2197106362012853,obse,soup_scene3,70,old
1400,6.3177385330200195,0.2225678369290346,obse,soup_scene3,70,old
1401,6.322080850601196,0.2225678369290346,obse,soup_scene3,70,old
1402,6.326653003692627,0.22297922496719425,obse,soup_scene3,70,old
1403,6.330802917480469,0.22297922496719425,obse,soup_scene3,70,old
1404,6.335245370864868,0.3895526408936692,obse,soup_scene3,70,old
1405,6.33964204788208,0.389589811534316,obse,soup_scene3,70,old
1406,6.344090461730957,0.39686519223667693,obse,soup_scene3,70,old
1407,6.348290205001831,0.39686519223667693,obse,soup_scene3,70,old
1408,6.3529722690582275,0.3941923055050397,obse,soup_scene3,70,old
1409,6.357294321060181,0.3941923055050397,obse,soup_scene3,70,old
1410,6.3617212772369385,0.3934453042940491,obse,soup_scene3,70,old
1411,6.366079568862915,0.39369503894650965,obse,soup_scene3,70,old
1412,6.370452404022217,0.39369503894650965,obse,soup_scene3,70,old
1413,6.374788999557495,0.39369503894650965,obse,soup_scene3,70,old
1414,6.379240989685059,0.39423771390938683,obse,soup_scene3,70,old
1415,6.383638381958008,0.39479941697355636,obse,soup_scene3,70,old
1416,6.388165473937988,0.39479941697355636,obse,soup_scene3,70,old
1417,6.392752170562744,0.3946640196835026,obse,soup_scene3,70,old
1418,6.396887302398682,0.3946640196835026,obse,soup_scene3,70,old
1419,6.4014892578125,0.3950069960464109,obse,soup_scene3,70,old
1420,6.405664682388306,0.3950069960464109,obse,soup_scene3,70,old
1421,6.410799026489258,0.5031666373620074,obse,soup_scene3,70,old
1422,6.415341377258301,0.5034434117136573,obse,soup_scene3,70,old
1423,6.420302867889404,0.5068612489977409,obse,soup_scene3,70,old
1424,6.42496919631958,0.5047647675030937,obse,soup_scene3,70,old
1425,6.429901838302612,0.5047647675030937,obse,soup_scene3,70,old
1426,6.434491395950317,0.5044867372689114,obse,soup_scene3,70,old
1427,6.439003229141235,0.5044867372689114,obse,soup_scene3,70,old
1428,6.443562746047974,0.5044976872234221,obse,soup_scene3,70,old
1429,6.4479992389678955,0.5045089318028612,obse,soup_scene3,70,old
1430,6.4525909423828125,0.5045089318028612,obse,soup_scene3,70,old
1431,6.4569761753082275,0.5059164775052408,obse,soup_scene3,70,old
1432,6.461633682250977,0.5062402181439789,obse,soup_scene3,70,old
1433,6.465968132019043,0.5063605142356833,obse,soup_scene3,70,old
1434,6.470362186431885,0.5063605142356833,obse,soup_scene3,70,old
1435,6.475590705871582,0.5057180402867935,obse,soup_scene3,70,old
1436,6.480381488800049,0.5078504687048269,obse,soup_scene3,70,old
1437,6.484989404678345,0.5086580854717037,obse,soup_scene3,70,old
1438,6.489961862564087,0.5086580854717037,obse,soup_scene3,70,old
1439,6.495206832885742,0.5083987578457687,obse,soup_scene3,70,old
1440,6.5001890659332275,0.5081906594901621,obse,soup_scene3,70,old
1441,6.504894495010376,0.5081906594901621,obse,soup_scene3,70,old
1442,6.509999513626099,0.5070357242948655,obse,soup_scene3,70,old
1443,6.514760732650757,0.5070357242948655,obse,soup_scene3,70,old
1444,6.519967555999756,0.5289573876647191,obse,soup_scene3,70,old
1445,6.524060964584351,0.5289573876647191,obse,soup_scene3,70,old
1446,6.52833890914917,0.5087106541816778,obse,soup_scene3,70,old
1447,6.532411336898804,0.5087106541816778,obse,soup_scene3,70,old
1448,6.5365495681762695,0.5086698789987146,obse,soup_scene3,70,old
1449,6.5408172607421875,0.5088854155842067,obse,soup_scene3,70,old
1450,6.545491456985474,0.4920181567315472,obse,soup_scene3,70,old
1451,6.549987077713013,0.4919873714148193,obse,soup_scene3,70,old
1452,6.5544114112854,0.5180344373515551,obse,soup_scene3,70,old
1453,6.559196710586548,0.5158862312655498,obse,soup_scene3,70,old
1454,6.563455820083618,0.5159312450869831,obse,soup_scene3,70,old
1455,6.567896842956543,0.5161140746222634,obse,soup_scene3,70,old
1456,6.572483777999878,0.51612741409724,obse,soup_scene3,70,old
1457,6.577070951461792,0.5103379210209255,obse,soup_scene3,70,old
1458,6.581815719604492,0.5102196949617005,obse,soup_scene3,70,old
1459,6.586255073547363,0.5102196949617005,obse,soup_scene3,70,old
1460,6.5910046100616455,0.5102196949617005,obse,soup_scene3,70,old
1461,6.595510005950928,0.5118416302114607,obse,soup_scene3,70,old
1462,6.599930047988892,0.5117952311942421,obse,soup_scene3,70,old
1463,6.604475975036621,0.5117952311942421,obse,soup_scene3,70,old
1464,6.609081745147705,0.46633815601437045,obse,soup_scene3,70,old
1465,6.613557577133179,0.45090150296270026,obse,soup_scene3,70,old
1466,6.61801290512085,0.43152387101224626,obse,soup_scene3,70,old
1467,6.622740268707275,0.43152387101224626,obse,soup_scene3,70,old
1468,6.627430200576782,0.42820874851202406,obse,soup_scene3,70,old
1469,6.631868362426758,0.44637881204116353,obse,soup_scene3,70,old
1470,6.636423349380493,0.44637881204116353,obse,soup_scene3,70,old
1471,6.640662431716919,0.44637881204116353,obse,soup_scene3,70,old
1472,6.64501953125,0.4471436269599085,obse,soup_scene3,70,old
1473,6.6498026847839355,0.4471574642585741,obse,soup_scene3,70,old
1474,6.654409170150757,0.447815803935888,obse,soup_scene3,70,old
1475,6.659075975418091,0.45015233837130075,obse,soup_scene3,70,old
1476,6.663869857788086,0.4502963464673256,obse,soup_scene3,70,old
1477,6.668883800506592,0.45020946979254245,obse,soup_scene3,70,old
1478,6.673614263534546,0.4513532914865673,obse,soup_scene3,70,old
1479,6.678474187850952,0.2987921828577779,obse,soup_scene3,70,old
1480,6.683475971221924,0.2913579479736892,obse,soup_scene3,70,old
1481,6.68820333480835,0.29179152692790017,obse,soup_scene3,70,old
1482,6.693169832229614,0.2928983387476324,obse,soup_scene3,70,old
1483,6.697608232498169,0.2928983387476324,obse,soup_scene3,70,old
1484,6.70233941078186,0.29338188495128475,obse,soup_scene3,70,old
1485,6.7065589427948,0.29338188495128475,obse,soup_scene3,70,old
1486,6.711381673812866,0.29355392251402934,obse,soup_scene3,70,old
1487,6.7158896923065186,0.2943800679253753,obse,soup_scene3,70,old
1488,6.720590353012085,0.2925244110639843,obse,soup_scene3,70,old
1489,6.725176572799683,0.29255651046644093,obse,soup_scene3,70,old
1490,6.72970986366272,0.2931601246908306,obse,soup_scene3,70,old
1491,6.734363555908203,0.2944421200170486,obse,soup_scene3,70,old
1492,6.738706588745117,0.2944421200170486,obse,soup_scene3,70,old
1493,6.743394374847412,0.29566937496421375,obse,soup_scene3,70,old
1494,6.748233795166016,0.29566937496421375,obse,soup_scene3,70,old
1495,6.75280237197876,0.2961841809115246,obse,soup_scene3,70,old
1496,6.756960153579712,0.29614421699798404,obse,soup_scene3,70,old
1497,6.761153697967529,0.2951004488438931,obse,soup_scene3,70,old
1498,6.765315294265747,0.2948578161981427,obse,soup_scene3,70,old
1499,6.769449949264526,0.2948578161981427,obse,soup_scene3,70,old
1500,6.773695707321167,0.2948342078783399,obse,soup_scene3,70,old
1501,6.7786712646484375,0.4324062660629056,obse,soup_scene3,70,old
1502,6.783527374267578,0.433896700307456,obse,soup_scene3,70,old
1503,6.788157939910889,0.433896700307456,obse,soup_scene3,70,old
1504,6.793363332748413,0.4369281564470509,obse,soup_scene3,70,old
1505,6.798494815826416,0.4369281564470509,obse,soup_scene3,70,old
1506,6.803433656692505,0.43686169207795006,obse,soup_scene3,70,old
1507,6.8080644607543945,0.4370775649273044,obse,soup_scene3,70,old
1508,6.812449216842651,0.4363256361378633,obse,soup_scene3,70,old
1509,6.8173863887786865,0.43457248249661173,obse,soup_scene3,70,old
1510,6.8224475383758545,0.776143984427872,obse,soup_scene3,70,old
1511,6.82748818397522,0.8116297235487369,obse,soup_scene3,70,old
1512,6.831934690475464,0.8122755635879707,obse,soup_scene3,70,old
1513,6.836402893066406,0.8111319568085735,obse,soup_scene3,70,old
1514,6.8408074378967285,0.8111319568085735,obse,soup_scene3,70,old
1515,6.845507383346558,0.8108037870238884,obse,soup_scene3,70,old
1516,6.850073337554932,0.8114892832859839,obse,soup_scene3,70,old
1517,6.854244947433472,0.8114892832859839,obse,soup_scene3,70,old
1518,6.858807802200317,0.813398936770322,obse,soup_scene3,70,old
1519,6.863152027130127,0.813398936770322,obse,soup_scene3,70,old
1520,6.867645025253296,0.8141096654661046,obse,soup_scene3,70,old
1521,6.871973991394043,0.8141333985636442,obse,soup_scene3,70,old
1522,6.876419305801392,0.8140217371292893,obse,soup_scene3,70,old
1523,6.880911827087402,0.8140217371292893,obse,soup_scene3,70,old
1524,6.886070013046265,0.7014691859159047,obse,soup_scene3,70,old
1525,6.890899658203125,0.7015862150543937,obse,soup_scene3,70,old
1526,6.89544939994812,0.6994538087712582,obse,soup_scene3,70,old
1527,6.89994478225708,0.6996852956426682,obse,soup_scene3,70,old
1528,6.904357433319092,0.6996852956426682,obse,soup_scene3,70,old
1529,6.908979654312134,0.702482576092044,obse,soup_scene3,70,old
1530,6.913315296173096,0.702482576092044,obse,soup_scene3,70,old
1531,6.917429685592651,0.702482576092044,obse,soup_scene3,70,old
1532,6.921709775924683,0.7019428245574734,obse,soup_scene3,70,old
1533,6.925930976867676,0.7019428245574734,obse,soup_scene3,70,old
1534,6.9307684898376465,0.7024609722878298,obse,soup_scene3,70,old
1535,6.935532808303833,0.7024609722878298,obse,soup_scene3,70,old
1536,6.94050145149231,0.7015099690048192,obse,soup_scene3,70,old
1537,6.945322275161743,0.48287081347146243,obse,soup_scene3,70,old
1538,6.950074672698975,0.483725332746106,obse,soup_scene3,70,old
1539,6.954722881317139,0.4836814913638171,obse,soup_scene3,70,old
1540,6.9597978591918945,0.47778440129907784,obse,soup_scene3,70,old
1541,6.964494705200195,0.47835845030457663,obse,soup_scene3,70,old
1542,6.96946120262146,0.4783283915497306,obse,soup_scene3,70,old
1543,6.974199056625366,0.4770243744779859,obse,soup_scene3,70,old
1544,6.978673219680786,0.4770243744779859,obse,soup_scene3,70,old
1545,6.983354091644287,0.47908192671612954,obse,soup_scene3,70,old
1546,6.987936973571777,0.48020019811346465,obse,soup_scene3,70,old
1547,6.992461681365967,0.48020019811346465,obse,soup_scene3,70,old
1548,6.996751308441162,0.48020019811346465,obse,soup_scene3,70,old
1549,7.000975847244263,0.48020019811346465,obse,soup_scene3,70,old
1550,7.006303310394287,0.4807462287924669,obse,soup_scene3,70,old
1551,7.011163949966431,0.3488180652419431,obse,soup_scene3,70,old
1552,7.016287326812744,0.3486462458542951,obse,soup_scene3,70,old
1553,7.021158933639526,0.3419059655338811,obse,soup_scene3,70,old
1554,7.025867938995361,0.343081793859074,obse,soup_scene3,70,old
1555,7.030026197433472,0.343081793859074,obse,soup_scene3,70,old
1556,7.034595012664795,0.3430971031095483,obse,soup_scene3,70,old
1557,7.038836717605591,0.34242279287794714,obse,soup_scene3,70,old
1558,7.043133974075317,0.34242279287794714,obse,soup_scene3,70,old
1559,7.0474841594696045,0.34334459519771576,obse,soup_scene3,70,old
1560,7.052704811096191,0.34354663809431896,obse,soup_scene3,70,old
1561,7.057536602020264,0.34192511974375406,obse,soup_scene3,70,old
1562,7.062484502792358,0.34176376782840706,obse,soup_scene3,70,old
1563,7.067306756973267,0.3427002324613497,obse,soup_scene3,70,old
1564,7.072256803512573,0.3429714029928084,obse,soup_scene3,70,old
1565,7.0771002769470215,0.4352046939204567,obse,soup_scene3,70,old
1566,7.081592559814453,0.43599289598253793,obse,soup_scene3,70,old
1567,7.0861194133758545,0.4369008736892762,obse,soup_scene3,70,old
1568,7.0906102657318115,0.4379453780384352,obse,soup_scene3,70,old
1569,7.0950868129730225,0.4379453780384352,obse,soup_scene3,70,old
1570,7.099355936050415,0.43823921360739365,obse,soup_scene3,70,old
1571,7.103642702102661,0.43823921360739365,obse,soup_scene3,70,old
1572,7.108233690261841,0.43790123448488666,obse,soup_scene3,70,old
1573,7.113113164901733,0.43790123448488666,obse,soup_scene3,70,old
1574,7.118169784545898,0.4384715077501878,obse,soup_scene3,70,old
1575,7.123095512390137,0.4384715077501878,obse,soup_scene3,70,old
1576,7.127562522888184,0.43782994798508634,obse,soup_scene3,70,old
1577,7.132047176361084,0.4382525665182798,obse,soup_scene3,70,old
1578,7.136443138122559,0.4385356550344718,obse,soup_scene3,70,old
1579,7.140726327896118,0.438164583192132,obse,soup_scene3,70,old
1580,7.1451780796051025,0.43861907949751966,obse,soup_scene3,70,old
1581,7.14958930015564,0.43760161159127386,obse,soup_scene3,70,old
1582,7.15394926071167,0.4763741909499945,obse,soup_scene3,70,old
1583,7.158252954483032,0.4766954545076651,obse,soup_scene3,70,old
1584,7.163070917129517,0.4776783843252354,obse,soup_scene3,70,old
1585,7.167858600616455,0.478192870440506,obse,soup_scene3,70,old
1586,7.172208070755005,0.478192870440506,obse,soup_scene3,70,old
1587,7.176668405532837,0.478838765311233,obse,soup_scene3,70,old
1588,7.18101954460144,0.478838765311233,obse,soup_scene3,70,old
1589,7.185602903366089,0.47851659430808596,obse,soup_scene3,70,old
1590,7.189849853515625,0.47871833399632296,obse,soup_scene3,70,old
1591,7.194766283035278,0.4792617081931906,obse,soup_scene3,70,old
1592,7.199794054031372,0.4790458027923528,obse,soup_scene3,70,old
1593,7.204785346984863,0.5714803369454453,obse,soup_scene3,70,old
1594,7.209664344787598,0.5833488422697022,obse,soup_scene3,70,old
1595,7.214381217956543,0.5833488422697022,obse,soup_scene3,70,old
1596,7.219301700592041,0.5831890887118079,obse,soup_scene3,70,old
1597,7.223817348480225,0.5844960941207575,obse,soup_scene3,70,old
1598,7.227982521057129,0.5844960941207575,obse,soup_scene3,70,old
1599,7.232852935791016,0.5844408729502881,obse,soup_scene3,70,old
1600,7.236872673034668,0.5842511768187333,obse,soup_scene3,70,old
1601,7.241490602493286,0.5844223100770961,obse,soup_scene3,70,old
1602,7.2457664012908936,0.5844223100770961,obse,soup_scene3,70,old
1603,7.250117540359497,0.584703312876586,obse,soup_scene3,70,old
1604,7.25436806678772,0.584703312876586,obse,soup_scene3,70,old
1605,7.258824348449707,0.5842955183761528,obse,soup_scene3,70,old
1606,7.263437509536743,0.5842955183761528,obse,soup_scene3,70,old
1607,7.268313884735107,0.5851441021492383,obse,soup_scene3,70,old
1608,7.2729456424713135,0.5849954539905432,obse,soup_scene3,70,old
1609,7.277658224105835,0.5849954539905432,obse,soup_scene3,70,old
1610,7.282176971435547,0.5701356147316843,obse,soup_scene3,70,old
1611,7.286897897720337,0.5694836457612712,obse,soup_scene3,70,old
1612,7.291375637054443,0.5700657392163382,obse,soup_scene3,70,old
1613,7.295810699462891,0.5700657392163382,obse,soup_scene3,70,old
1614,7.300317287445068,0.5700003152014291,obse,soup_scene3,70,old
1615,7.304702997207642,0.5700003152014291,obse,soup_scene3,70,old
1616,7.3093461990356445,0.569617280419107,obse,soup_scene3,70,old
1617,7.313748836517334,0.569617280419107,obse,soup_scene3,70,old
1618,7.31822943687439,0.5699050782747643,obse,soup_scene3,70,old
1619,7.32261323928833,0.5697699404378106,obse,soup_scene3,70,old
1620,7.327190160751343,0.5695142028686209,obse,soup_scene3,70,old
1621,7.331689119338989,0.5697670165314556,obse,soup_scene3,70,old
1622,7.3359880447387695,0.5697670165314556,obse,soup_scene3,70,old
1623,7.340261459350586,0.5689969036081305,obse,soup_scene3,70,old
1624,7.3446197509765625,0.5683117103593016,obse,soup_scene3,70,old
1625,7.348977327346802,0.5682690365628563,obse,soup_scene3,70,old
1626,7.353398561477661,0.5684789948511308,obse,soup_scene3,70,old
1627,7.357614994049072,0.5682853217398518,obse,soup_scene3,70,old
1628,7.361937761306763,0.5682853217398518,obse,soup_scene3,70,old
1629,7.366334438323975,0.5683365124351405,obse,soup_scene3,70,old
1630,7.370426654815674,0.5683365124351405,obse,soup_scene3,70,old
1631,7.375043869018555,0.5684759805967863,obse,soup_scene3,70,old
1632,7.379234790802002,0.5684759805967863,obse,soup_scene3,70,old
1633,7.383671998977661,0.5681795544364975,obse,soup_scene3,70,old
1634,7.387867450714111,0.5681795544364975,obse,soup_scene3,70,old
1635,7.392470359802246,0.5685095202984797,obse,soup_scene3,70,old
1636,7.396546125411987,0.5685095202984797,obse,soup_scene3,70,old
1637,7.40099573135376,0.5682684679302322,obse,soup_scene3,70,old
1638,7.405192613601685,0.5682684679302322,obse,soup_scene3,70,old
1639,7.4097230434417725,0.5685724078723872,obse,soup_scene3,70,old
1640,7.413937091827393,0.5685724078723872,obse,soup_scene3,70,old
1641,7.4186742305755615,0.5682655810723474,obse,soup_scene3,70,old
1642,7.422894477844238,0.5683259164376323,obse,soup_scene3,70,old
1643,7.427258253097534,0.5688216713886042,obse,soup_scene3,70,old
1644,7.431512355804443,0.5688216713886042,obse,soup_scene3,70,old
1645,7.435842514038086,0.5684349510413876,obse,soup_scene3,70,old
1646,7.440220355987549,0.5310380525821324,obse,soup_scene3,70,old
1647,7.444728136062622,0.5292907599424234,obse,soup_scene3,70,old
1648,7.449213743209839,0.5288168486153193,obse,soup_scene3,70,old
1649,7.453458786010742,0.5288168486153193,obse,soup_scene3,70,old
1650,7.457754850387573,0.5287070417982249,obse,soup_scene3,70,old
1651,7.461977958679199,0.5287070417982249,obse,soup_scene3,70,old
1652,7.4662628173828125,0.5287725879803249,obse,soup_scene3,70,old
1653,7.470469951629639,0.5287725879803249,obse,soup_scene3,70,old
1654,7.474897623062134,0.5286059623934852,obse,soup_scene3,70,old
1655,7.479063510894775,0.5286059623934852,obse,soup_scene3,70,old
1656,7.483407258987427,0.5287132540450858,obse,soup_scene3,70,old
1657,7.487695693969727,0.5287132540450858,obse,soup_scene3,70,old
1658,7.492108106613159,0.5069601842865872,obse,soup_scene3,70,old
1659,7.496320962905884,0.5037121975964258,obse,soup_scene3,70,old
1660,7.500788927078247,0.5037053044066729,obse,soup_scene3,70,old
1661,7.504887819290161,0.5037053044066729,obse,soup_scene3,70,old
1662,7.509369850158691,0.5033093213465193,obse,soup_scene3,70,old
1663,7.513521671295166,0.5033093213465193,obse,soup_scene3,70,old
1664,7.517950057983398,0.5037885500869572,obse,soup_scene3,70,old
1665,7.522076845169067,0.5037885500869572,obse,soup_scene3,70,old
1666,7.526693344116211,0.5033495680400258,obse,soup_scene3,70,old
1667,7.531007289886475,0.5033495680400258,obse,soup_scene3,70,old
1668,7.535496473312378,0.504068845043566,obse,soup_scene3,70,old
1669,7.539686679840088,0.504068845043566,obse,soup_scene3,70,old
1670,7.544113397598267,0.5034622564475821,obse,soup_scene3,70,old
1671,7.548554182052612,0.47315378153482396,obse,soup_scene3,70,old
1672,7.552973508834839,0.46981157861666833,obse,soup_scene3,70,old
1673,7.5573341846466064,0.4687951963866923,obse,soup_scene3,70,old
1674,7.561767101287842,0.46886090900031907,obse,soup_scene3,70,old
1675,7.566184997558594,0.469450002998158,obse,soup_scene3,70,old
1676,7.570586919784546,0.469450002998158,obse,soup_scene3,70,old
1677,7.57503867149353,0.46977126678326575,obse,soup_scene3,70,old
1678,7.579359531402588,0.46977126678326575,obse,soup_scene3,70,old
1679,7.584142446517944,0.46911411399363584,obse,soup_scene3,70,old
1680,7.5882346630096436,0.46911411399363584,obse,soup_scene3,70,old
1681,7.5927324295043945,0.46969666442368935,obse,soup_scene3,70,old
1682,7.597071409225464,0.46969666442368935,obse,soup_scene3,70,old
1683,7.601686954498291,0.46980979322129074,obse,soup_scene3,70,old
1684,7.606175184249878,0.5242909356958437,obse,soup_scene3,70,old
1685,7.610792875289917,0.5303433179916934,obse,soup_scene3,70,old
1686,7.615210771560669,0.5303174302484156,obse,soup_scene3,70,old
1687,7.619505405426025,0.5303862922429369,obse,soup_scene3,70,old
1688,7.623814105987549,0.5303862922429369,obse,soup_scene3,70,old
1689,7.6279706954956055,0.5303073986537284,obse,soup_scene3,70,old
1690,7.632309436798096,0.5304621391912838,obse,soup_scene3,70,old
1691,7.636953830718994,0.530471210420849,obse,soup_scene3,70,old
1692,7.641328573226929,0.5301564791363216,obse,soup_scene3,70,old
1693,7.6460044384002686,0.5301564791363216,obse,soup_scene3,70,old
1694,7.650861740112305,0.5308760883870848,obse,soup_scene3,70,old
1695,7.65496301651001,0.5308760883870848,obse,soup_scene3,70,old
1696,7.659661769866943,0.5301716018896739,obse,soup_scene3,70,old
1697,7.663812637329102,0.5301716018896739,obse,soup_scene3,70,old
1698,7.6682422161102295,0.5296981045018235,obse,soup_scene3,70,old
1699,7.6724629402160645,0.503215604795635,obse,soup_scene3,70,old
1700,7.677169561386108,0.500169630254207,obse,soup_scene3,70,old
1701,7.681746244430542,0.500169630254207,obse,soup_scene3,70,old
1702,7.686274766921997,0.5009006087995992,obse,soup_scene3,70,old
1703,7.690491199493408,0.5009006087995992,obse,soup_scene3,70,old
1704,7.695119380950928,0.5010040447264392,obse,soup_scene3,70,old
1705,7.699528694152832,0.5004126161582196,obse,soup_scene3,70,old
1706,7.7039711475372314,0.5004126161582196,obse,soup_scene3,70,old
1707,7.708393096923828,0.5005841514136747,obse,soup_scene3,70,old
1708,7.712841510772705,0.5005841514136747,obse,soup_scene3,70,old
1709,7.716996669769287,0.5005841514136747,obse,soup_scene3,70,old
1710,7.7212793827056885,0.5011599772578851,obse,soup_scene3,70,old
1711,7.725515842437744,0.5011599772578851,obse,soup_scene3,70,old
1712,7.72990870475769,0.5007754374302498,obse,soup_scene3,70,old
1713,7.734183073043823,0.5002384654494821,obse,soup_scene3,70,old
1714,7.73888897895813,0.5185855936311305,obse,soup_scene3,70,old
1715,7.743306398391724,0.5176049013710855,obse,soup_scene3,70,old
1716,7.747870445251465,0.5201640158580318,obse,soup_scene3,70,old
1717,7.752211332321167,0.5201640158580318,obse,soup_scene3,70,old
1718,7.756751537322998,0.5193388124165086,obse,soup_scene3,70,old
1719,7.7609827518463135,0.5193388124165086,obse,soup_scene3,70,old
1720,7.765267372131348,0.5194860625263801,obse,soup_scene3,70,old
1721,7.769452810287476,0.5183547068199389,obse,soup_scene3,70,old
1722,7.773930549621582,0.5183547068199389,obse,soup_scene3,70,old
1723,7.77819561958313,0.5183547068199389,obse,soup_scene3,70,old
1724,7.782638788223267,0.5183547068199389,obse,soup_scene3,70,old
1725,7.787198066711426,0.517934548185438,obse,soup_scene3,70,old
1726,7.791593790054321,0.517695250826811,obse,soup_scene3,70,old
1727,7.795936346054077,0.517695250826811,obse,soup_scene3,70,old
1728,7.800231695175171,0.517695250826811,obse,soup_scene3,70,old
1729,7.804627180099487,0.5174625284772291,obse,soup_scene3,70,old
1730,7.808933258056641,0.5174625284772291,obse,soup_scene3,70,old
1731,7.813247919082642,0.5510128753790935,obse,soup_scene3,70,old
1732,7.8177080154418945,0.5510128753790935,obse,soup_scene3,70,old
1733,7.82219123840332,0.5515017598991524,obse,soup_scene3,70,old
1734,7.8264641761779785,0.5548283382269843,obse,soup_scene3,70,old
1735,7.830971717834473,0.5547447097579782,obse,soup_scene3,70,old
1736,7.835340261459351,0.5547447097579782,obse,soup_scene3,70,old
1737,7.839704990386963,0.5547850378535857,obse,soup_scene3,70,old
1738,7.844292163848877,0.5538607978928473,obse,soup_scene3,70,old
1739,7.848851442337036,0.5538607978928473,obse,soup_scene3,70,old
1740,7.853489875793457,0.5534204972323562,obse,soup_scene3,70,old
1741,7.857843637466431,0.5526342204303827,obse,soup_scene3,70,old
1742,7.862623929977417,0.561315549118926,obse,soup_scene3,70,old
1743,7.867141962051392,0.5605769123648491,obse,soup_scene3,70,old
1744,7.8716089725494385,0.5605174818814573,obse,soup_scene3,70,old
1745,7.876178503036499,0.5602626623883347,obse,soup_scene3,70,old
1746,7.880574941635132,0.6067918560988319,obse,soup_scene3,70,old
1747,7.885639667510986,0.6087928815397026,obse,soup_scene3,70,old
1748,7.890159845352173,0.6067101811444546,obse,soup_scene3,70,old
1749,7.894659996032715,0.605427490412988,obse,soup_scene3,70,old
1750,7.899376392364502,0.605840456041627,obse,soup_scene3,70,old
1751,7.904133081436157,0.5747514161606617,obse,soup_scene3,70,old
1752,7.909022808074951,0.588241223104359,obse,soup_scene3,70,old
1753,7.913512468338013,0.588241223104359,obse,soup_scene3,70,old
1754,7.9183349609375,0.6004088932076608,obse,soup_scene3,70,old
1755,7.92249870300293,0.6004088932076608,obse,soup_scene3,70,old
1756,7.927526235580444,0.5985932794865323,obse,soup_scene3,70,old
1757,7.93183970451355,0.5985146346742618,obse,soup_scene3,70,old
1758,7.93635892868042,0.5972802265750692,obse,soup_scene3,70,old
1759,7.940683603286743,0.5976805911369016,obse,soup_scene3,70,old
1760,7.945200681686401,0.5982172205921322,obse,soup_scene3,70,old
1761,7.949727535247803,0.5968910916764062,obse,soup_scene3,70,old
1762,7.954206943511963,0.5968910916764062,obse,soup_scene3,70,old
1763,7.958658456802368,0.59683567799514,obse,soup_scene3,70,old
1764,7.963349342346191,0.4669852286436883,obse,soup_scene3,70,old
1765,7.968057632446289,0.4651790519990071,obse,soup_scene3,70,old
1766,7.9723734855651855,0.4605190555954046,obse,soup_scene3,70,old
1767,7.977090835571289,0.4377297067832541,obse,soup_scene3,70,old
1768,7.9813010692596436,0.43781576966406593,obse,soup_scene3,70,old
1769,7.985992193222046,0.4599665281197525,obse,soup_scene3,70,old
1770,7.9904093742370605,0.45986756012255203,obse,soup_scene3,70,old
1771,7.994937896728516,0.43665339400702136,obse,soup_scene3,70,old
1772,7.999487400054932,0.4596244336591407,obse,soup_scene3,70,old
1773,8.003808975219727,0.4596244336591407,obse,soup_scene3,70,old
1774,8.008251190185547,0.4353780525527261,obse,soup_scene3,70,old
1775,8.01233720779419,0.4353780525527261,obse,soup_scene3,70,old
1776,8.016858577728271,0.4333399140601084,obse,soup_scene3,70,old
1777,8.021179676055908,0.4333399140601084,obse,soup_scene3,70,old
1778,8.025655746459961,0.338006280381433,obse,soup_scene3,70,old
1779,8.030242919921875,0.3214169902942851,obse,soup_scene3,70,old
1780,8.034960985183716,0.3006083428167251,obse,soup_scene3,70,old
1781,8.039058923721313,0.3006083428167251,obse,soup_scene3,70,old
1782,8.04371190071106,0.32092293102901503,obse,soup_scene3,70,old
1783,8.048465967178345,0.3212693469519104,obse,soup_scene3,70,old
1784,8.052809476852417,0.2995086693497171,obse,soup_scene3,70,old
1785,8.057104110717773,0.29881955811098176,obse,soup_scene3,70,old
1786,8.061517715454102,0.29881955811098176,obse,soup_scene3,70,old
1787,8.066014051437378,0.29857353983482826,obse,soup_scene3,70,old
1788,8.070180177688599,0.29857353983482826,obse,soup_scene3,70,old
1789,8.0744309425354,0.3055030575264757,obse,soup_scene3,70,old
1790,8.07888412475586,0.3256725744545154,obse,soup_scene3,70,old
1791,8.083405017852783,0.3047974745459392,obse,soup_scene3,70,old
1792,8.08747911453247,0.3047974745459392,obse,soup_scene3,70,old
1793,8.091874361038208,0.3228023353696423,obse,soup_scene3,70,old
1794,8.095919370651245,0.3228023353696423,obse,soup_scene3,70,old
1795,8.100145816802979,0.30588084138746924,obse,soup_scene3,70,old
1796,8.10413932800293,0.30588084138746924,obse,soup_scene3,70,old
1797,8.108976125717163,0.305425108392436,obse,soup_scene3,70,old
1798,8.113068580627441,0.305425108392436,obse,soup_scene3,70,old
1799,8.117435216903687,0.305425108392436,obse,soup_scene3,70,old
1800,8.121734619140625,0.3046632712471211,obse,soup_scene3,70,old
1801,8.126024723052979,0.3046632712471211,obse,soup_scene3,70,old
1802,8.130258321762085,0.30503204699342074,obse,soup_scene3,70,old
1803,8.134441614151001,0.322197163073696,obse,soup_scene3,70,old
1804,8.138765096664429,0.322197163073696,obse,soup_scene3,70,old
1805,8.142960786819458,0.38262181760324604,obse,soup_scene3,70,old
1806,8.14790678024292,0.37269486336794544,obse,soup_scene3,70,old
1807,8.153018712997437,0.3892963582204899,obse,soup_scene3,70,old
1808,8.157919645309448,0.39014192582084567,obse,soup_scene3,70,old
1809,8.162633895874023,0.39014192582084567,obse,soup_scene3,70,old
1810,8.167551040649414,0.37297801109781953,obse,soup_scene3,70,old
1811,8.172317266464233,0.37297801109781953,obse,soup_scene3,70,old
1812,8.176840543746948,0.3717468725961066,obse,soup_scene3,70,old
1813,8.18106484413147,0.3717468725961066,obse,soup_scene3,70,old
1814,8.185955286026001,0.37205772045692526,obse,soup_scene3,70,old
1815,8.191131353378296,0.37205772045692526,obse,soup_scene3,70,old
1816,8.196004867553711,0.38985347525472414,obse,soup_scene3,70,old
1817,8.20083498954773,0.38985347525472414,obse,soup_scene3,70,old
1818,8.20538067817688,0.38995454084658754,obse,soup_scene3,70,old
1819,8.21020770072937,0.3716343242290355,obse,soup_scene3,70,old
1820,8.214921712875366,0.3716343242290355,obse,soup_scene3,70,old
1821,8.22000002861023,0.5534211590117842,obse,soup_scene3,70,old
1822,8.224836826324463,0.5940306893839116,obse,soup_scene3,70,old
1823,8.229897499084473,0.5722909092297936,obse,soup_scene3,70,old
1824,8.234760046005249,0.5823737076189184,obse,soup_scene3,70,old
1825,8.239793062210083,0.6059237932633565,obse,soup_scene3,70,old
1826,8.2444589138031,0.6059237932633565,obse,soup_scene3,70,old
1827,8.24927568435669,0.6059237932633565,obse,soup_scene3,70,old
1828,8.254078388214111,0.5825037540716221,obse,soup_scene3,70,old
1829,8.258806705474854,0.6062035543310315,obse,soup_scene3,70,old
1830,8.263327836990356,0.5821885834241488,obse,soup_scene3,70,old
1831,8.267956018447876,0.603166498564347,obse,soup_scene3,70,old
1832,8.272493839263916,0.5803052337115469,obse,soup_scene3,70,old
1833,8.277225017547607,0.6036561569527953,obse,soup_scene3,70,old
1834,8.281877517700195,0.5550225347146862,obse,soup_scene3,70,old
1835,8.28672981262207,0.5270634054856859,obse,soup_scene3,70,old
1836,8.2915620803833,0.5516977447421535,obse,soup_scene3,70,old
1837,8.296088933944702,0.5269757698091437,obse,soup_scene3,70,old
1838,8.301196575164795,0.5501329242910418,obse,soup_scene3,70,old
1839,8.306443452835083,0.5501329242910418,obse,soup_scene3,70,old
1840,8.311434507369995,0.527122113785734,obse,soup_scene3,70,old
1841,8.31606149673462,0.5517668793197633,obse,soup_scene3,70,old
1842,8.32041335105896,0.5517668793197633,obse,soup_scene3,70,old
1843,8.324885129928589,0.5274209567524163,obse,soup_scene3,70,old
1844,8.329290628433228,0.5274209567524163,obse,soup_scene3,70,old
1845,8.33369779586792,0.5511407510572227,obse,soup_scene3,70,old
1846,8.338080406188965,0.5511407510572227,obse,soup_scene3,70,old
1847,8.342378377914429,0.5265771621612925,obse,soup_scene3,70,old
1848,8.346829414367676,0.25174333902140217,obse,soup_scene3,70,old
1849,8.35188341140747,0.26912606524455723,obse,soup_scene3,70,old
1850,8.356929540634155,0.24977660993709092,obse,soup_scene3,70,old
1851,8.361351251602173,0.23290078034075018,obse,soup_scene3,70,old
1852,8.365560293197632,0.23258062721130665,obse,soup_scene3,70,old
1853,8.369903087615967,0.2515742810714264,obse,soup_scene3,70,old
1854,8.374154329299927,0.25155161962602796,obse,soup_scene3,70,old
1855,8.378526449203491,0.23314040034602876,obse,soup_scene3,70,old
1856,8.382891178131104,0.23246773583737407,obse,soup_scene3,70,old
1857,8.387413263320923,0.23195314888397167,obse,soup_scene3,70,old
1858,8.39188838005066,0.24980811900076832,obse,soup_scene3,70,old
1859,8.396140336990356,0.24980811900076832,obse,soup_scene3,70,old
1860,8.400625705718994,0.23332254089093646,obse,soup_scene3,70,old
1861,8.404808044433594,0.23332254089093646,obse,soup_scene3,70,old
1862,8.409392595291138,0.25094571116204045,obse,soup_scene3,70,old
1863,8.413614988327026,0.26481242010972705,obse,soup_scene3,70,old
1864,8.418670892715454,0.25181300372857374,obse,soup_scene3,70,old
1865,8.423657655715942,0.2517481274896456,obse,soup_scene3,70,old
1866,8.428424596786499,0.26632710018248235,obse,soup_scene3,70,old
1867,8.432962417602539,0.2523914468427387,obse,soup_scene3,70,old
1868,8.437167882919312,0.2523914468427387,obse,soup_scene3,70,old
1869,8.441399097442627,0.2658617678646247,obse,soup_scene3,70,old
1870,8.445573806762695,0.2658617678646247,obse,soup_scene3,70,old
1871,8.449994564056396,0.2523905792254463,obse,soup_scene3,70,old
1872,8.45427656173706,0.2523905792254463,obse,soup_scene3,70,old
1873,8.459080219268799,0.26613872616666856,obse,soup_scene3,70,old
1874,8.463858366012573,0.26613872616666856,obse,soup_scene3,70,old
1875,8.469105243682861,0.2526565469269152,obse,soup_scene3,70,old
1876,8.473901987075806,0.4066201649457331,obse,soup_scene3,70,old
1877,8.478600263595581,0.4462464934554666,obse,soup_scene3,70,old
1878,8.483335494995117,0.426182619576841,obse,soup_scene3,70,old
1879,8.487800121307373,0.426182619576841,obse,soup_scene3,70,old
1880,8.492546558380127,0.4263388130821031,obse,soup_scene3,70,old
1881,8.497277975082397,0.4465393248673009,obse,soup_scene3,70,old
1882,8.502086877822876,0.4267709946786952,obse,soup_scene3,70,old
1883,8.506471157073975,0.42672009154567403,obse,soup_scene3,70,old
1884,8.511420488357544,0.44654775597453855,obse,soup_scene3,70,old
1885,8.515971660614014,0.4263706593975733,obse,soup_scene3,70,old
1886,8.520288944244385,0.4263706593975733,obse,soup_scene3,70,old
1887,8.524608135223389,0.4483727302016626,obse,soup_scene3,70,old
1888,8.52933144569397,0.4483727302016626,obse,soup_scene3,70,old
1889,8.534242630004883,0.4264540882023041,obse,soup_scene3,70,old
1890,8.53890609741211,0.4264540882023041,obse,soup_scene3,70,old
1891,8.543954372406006,0.4461983073023633,obse,soup_scene3,70,old
1892,8.548905611038208,0.44564901790179673,obse,soup_scene3,70,old
1893,8.553454160690308,0.4260265520904615,obse,soup_scene3,70,old
1894,8.557871103286743,0.564216909878903,obse,soup_scene3,70,old
1895,8.562477111816406,0.574446831224565,obse,soup_scene3,70,old
1896,8.567262172698975,0.5510254412232124,obse,soup_scene3,70,old
1897,8.571904182434082,0.5510254412232124,obse,soup_scene3,70,old
1898,8.576889038085938,0.5753361930160057,obse,soup_scene3,70,old
1899,8.581080675125122,0.5753144249813456,obse,soup_scene3,70,old
1900,8.585794448852539,0.5516563401609829,obse,soup_scene3,70,old
1901,8.590009927749634,0.5516646697706419,obse,soup_scene3,70,old
1902,8.59463906288147,0.5747404841094309,obse,soup_scene3,70,old
1903,8.599104166030884,0.5522708917232396,obse,soup_scene3,70,old
1904,8.603467226028442,0.5522708917232396,obse,soup_scene3,70,old
1905,8.607864141464233,0.5732181607363005,obse,soup_scene3,70,old
1906,8.612190008163452,0.5732181607363005,obse,soup_scene3,70,old
1907,8.616700649261475,1.075084506102784,obse,soup_scene3,70,old
1908,8.621184825897217,1.1599870558005971,obse,soup_scene3,70,old
1909,8.625673770904541,1.1882583225612535,obse,soup_scene3,70,old
1910,8.630077362060547,1.1882583225612535,obse,soup_scene3,70,old
1911,8.634488105773926,1.1597787242962552,obse,soup_scene3,70,old
1912,8.638898134231567,1.1597787242962552,obse,soup_scene3,70,old
1913,8.6435387134552,1.188985298804364,obse,soup_scene3,70,old
1914,8.647797584533691,1.1890186044872495,obse,soup_scene3,70,old
1915,8.652337312698364,1.159374481182847,obse,soup_scene3,70,old
1916,8.656696081161499,1.1890955662192901,obse,soup_scene3,70,old
1917,8.662606239318848,1.1890955662192901,obse,soup_scene3,70,old
1918,8.667024850845337,1.1595616252394318,obse,soup_scene3,70,old
1919,8.671413660049438,1.1595616252394318,obse,soup_scene3,70,old
1920,8.67615795135498,1.1877982472935313,obse,soup_scene3,70,old
1921,8.680466413497925,0.7210781683199426,obse,soup_scene3,70,old
1922,8.684932708740234,0.645580171616951,obse,soup_scene3,70,old
1923,8.689013957977295,0.6454293800886556,obse,soup_scene3,70,old
1924,8.693351745605469,0.6797127621451603,obse,soup_scene3,70,old
1925,8.697421073913574,0.6797127621451603,obse,soup_scene3,70,old
1926,8.704085350036621,0.6456346604128179,obse,soup_scene3,70,old
1927,8.709096431732178,0.6798654161715425,obse,soup_scene3,70,old
1928,8.713557243347168,0.6798654161715425,obse,soup_scene3,70,old
1929,8.718911170959473,0.6460460048745372,obse,soup_scene3,70,old
1930,8.72320032119751,0.6457604461083788,obse,soup_scene3,70,old
1931,8.72757887840271,0.6798937136267194,obse,soup_scene3,70,old
1932,8.731987714767456,0.645219749552511,obse,soup_scene3,70,old
1933,8.736361503601074,0.645219749552511,obse,soup_scene3,70,old
1934,8.741772890090942,0.6787287674408489,obse,soup_scene3,70,old
1935,8.745970964431763,0.6787287674408489,obse,soup_scene3,70,old
1936,8.750577449798584,0.24826694356103096,obse,soup_scene3,70,old
1937,8.75468897819519,0.23021550757113465,obse,soup_scene3,70,old
1938,8.758937120437622,0.24941092103080953,obse,soup_scene3,70,old
1939,8.762923240661621,0.24941092103080953,obse,soup_scene3,70,old
1940,8.767120361328125,0.23104572909987406,obse,soup_scene3,70,old
1941,8.771124839782715,0.23104572909987406,obse,soup_scene3,70,old
1942,8.776025295257568,0.20956767643732527,obse,soup_scene3,70,old
1943,8.780191898345947,0.20956767643732527,obse,soup_scene3,70,old
1944,8.78473448753357,0.19961819747841866,obse,soup_scene3,70,old
1945,8.78885531425476,0.19961819747841866,obse,soup_scene3,70,old
1946,8.793400287628174,0.20973150392334816,obse,soup_scene3,70,old
1947,8.797669410705566,0.20973150392334816,obse,soup_scene3,70,old
1948,8.802741289138794,0.19903701590344755,obse,soup_scene3,70,old
1949,8.807472229003906,0.20698659566651592,obse,soup_scene3,70,old
1950,8.8121178150177,0.2067574895709166,obse,soup_scene3,70,old
1951,8.8170645236969,0.1966208709344657,obse,soup_scene3,70,old
1952,8.82192349433899,0.1966208709344657,obse,soup_scene3,70,old
1953,8.826942205429077,0.20839306012352077,obse,soup_scene3,70,old
1954,8.832033634185791,0.20849888479874945,obse,soup_scene3,70,old
1955,8.836672067642212,0.19670904189216154,obse,soup_scene3,70,old
1956,8.841760158538818,0.19669770967084824,obse,soup_scene3,70,old
1957,8.846405029296875,0.2069170701323997,obse,soup_scene3,70,old
1958,8.851576566696167,0.19634809465575975,obse,soup_scene3,70,old
1959,8.856546640396118,0.20688810168880917,obse,soup_scene3,70,old
1960,8.861419439315796,0.20688810168880917,obse,soup_scene3,70,old
1961,8.86614441871643,0.19670782143380403,obse,soup_scene3,70,old
1962,8.870950937271118,0.19670782143380403,obse,soup_scene3,70,old
1963,8.87582778930664,0.16543303137538035,obse,soup_scene3,70,old
1964,8.880703687667847,0.16168927579332762,obse,soup_scene3,70,old
1965,8.885728359222412,0.15654211437479312,obse,soup_scene3,70,old
1966,8.890693426132202,0.1606029624284583,obse,soup_scene3,70,old
1967,8.895352840423584,0.1606029624284583,obse,soup_scene3,70,old
1968,8.900293827056885,0.1571378928560271,obse,soup_scene3,70,old
1969,8.90511441230774,0.1571378928560271,obse,soup_scene3,70,old
1970,8.909759283065796,0.15955386481392736,obse,soup_scene3,70,old
1971,8.914637804031372,0.15958008575324806,obse,soup_scene3,70,old
1972,8.918821334838867,0.15958008575324806,obse,soup_scene3,70,old
1973,8.923346996307373,0.1564130860824224,obse,soup_scene3,70,old
1974,8.927354335784912,0.1564130860824224,obse,soup_scene3,70,old
1975,8.931714057922363,0.15672543700067218,obse,soup_scene3,70,old
1976,8.935949325561523,0.15958652499826498,obse,soup_scene3,70,old
1977,8.940961122512817,0.2732550693898726,obse,soup_scene3,70,old
1978,8.945827007293701,0.2734328701772395,obse,soup_scene3,70,old
1979,8.950742721557617,0.26977748201164276,obse,soup_scene3,70,old
1980,8.95494270324707,0.2691630105208094,obse,soup_scene3,70,old
1981,8.959208726882935,0.2848935578463744,obse,soup_scene3,70,old
1982,8.963474750518799,0.2848935578463744,obse,soup_scene3,70,old
1983,8.967674970626831,0.2686393091974349,obse,soup_scene3,70,old
1984,8.97194790840149,0.2686393091974349,obse,soup_scene3,70,old
1985,8.976223230361938,0.2686393091974349,obse,soup_scene3,70,old
1986,8.980427026748657,0.2686483505601595,obse,soup_scene3,70,old
1987,8.985001802444458,0.284522321903733,obse,soup_scene3,70,old
1988,8.989330053329468,0.2693120036614331,obse,soup_scene3,70,old
1989,8.993735074996948,0.26938068050617736,obse,soup_scene3,70,old
1990,8.99859094619751,0.26957355843234204,obse,soup_scene3,70,old
1991,9.003227472305298,0.28448116644356813,obse,soup_scene3,70,old
1992,9.007386207580566,0.28448116644356813,obse,soup_scene3,70,old
1993,9.011885404586792,0.26991738035213325,obse,soup_scene3,70,old
1994,9.016284704208374,0.26991738035213325,obse,soup_scene3,70,old
1995,9.020797729492188,0.2835764438899834,obse,soup_scene3,70,old
1996,9.02551007270813,0.3274846595667178,obse,soup_scene3,70,old
1997,9.030141830444336,0.3274846595667178,obse,soup_scene3,70,old
1998,9.034883737564087,0.3096509921037683,obse,soup_scene3,70,old
1999,9.039593935012817,0.3096509921037683,obse,soup_scene3,70,old
2000,9.0444917678833,0.31065801457722725,obse,soup_scene3,70,old
2001,9.049474000930786,0.3288892406092826,obse,soup_scene3,70,old
2002,9.05434250831604,0.3114409324929253,obse,soup_scene3,70,old
2003,9.058973550796509,0.3302858080760056,obse,soup_scene3,70,old
2004,9.063499689102173,0.31002187666496145,obse,soup_scene3,70,old
2005,9.06794285774231,0.3302054403548532,obse,soup_scene3,70,old
2006,9.072486877441406,0.3099614806189843,obse,soup_scene3,70,old
2007,9.078031539916992,0.3104525380874858,obse,soup_scene3,70,old
2008,9.08347773551941,0.3302702756897538,obse,soup_scene3,70,old
2009,9.088400602340698,0.5798403179263656,obse,soup_scene3,70,old
2010,9.093385219573975,0.6051351243608267,obse,soup_scene3,70,old
2011,9.098375082015991,0.5835291537030636,obse,soup_scene3,70,old
2012,9.103455066680908,0.6062612841812884,obse,soup_scene3,70,old
2013,9.107954263687134,0.6061593768703163,obse,soup_scene3,70,old
2014,9.112892627716064,0.583269036467041,obse,soup_scene3,70,old
2015,9.117522716522217,0.6065696271705019,obse,soup_scene3,70,old
2016,9.121926307678223,0.6065696271705019,obse,soup_scene3,70,old
2017,9.126670360565186,0.583939982432489,obse,soup_scene3,70,old
2018,9.131093978881836,0.5843390419947841,obse,soup_scene3,70,old
2019,9.135730028152466,0.5844512190225232,obse,soup_scene3,70,old
2020,9.14044451713562,0.5840552064352239,obse,soup_scene3,70,old
2021,9.144977569580078,0.37310218354238045,obse,soup_scene3,70,old
2022,9.149540901184082,0.37273258310791013,obse,soup_scene3,70,old
2023,9.154110193252563,0.3623447464795974,obse,soup_scene3,70,old
2024,9.158946514129639,0.3816981431692289,obse,soup_scene3,70,old
2025,9.163661003112793,0.3816981431692289,obse,soup_scene3,70,old
2026,9.168310642242432,0.36248986586646864,obse,soup_scene3,70,old
2027,9.17271876335144,0.36248986586646864,obse,soup_scene3,70,old
2028,9.177099704742432,0.3586002786324251,obse,soup_scene3,70,old
2029,9.181743144989014,0.35879695481909163,obse,soup_scene3,70,old
2030,9.186339855194092,0.3587845319075087,obse,soup_scene3,70,old
2031,9.19079852104187,0.3590949985815882,obse,soup_scene3,70,old
2032,9.195286273956299,0.3590949985815882,obse,soup_scene3,70,old
2033,9.19983196258545,0.3589282127417363,obse,soup_scene3,70,old
2034,9.204169750213623,0.3589282127417363,obse,soup_scene3,70,old
2035,9.208658456802368,0.35908168014551983,obse,soup_scene3,70,old
2036,9.213880777359009,0.35908168014551983,obse,soup_scene3,70,old
2037,9.218587875366211,0.3590584221848656,obse,soup_scene3,70,old
2038,9.2227942943573,0.3590584221848656,obse,soup_scene3,70,old
2039,9.227438926696777,0.11667208998087886,obse,soup_scene3,70,old
2040,9.232360601425171,0.11316290187883929,obse,soup_scene3,70,old
2041,9.236656188964844,0.11316290187883929,obse,soup_scene3,70,old
2042,9.240865468978882,0.12020684160202695,obse,soup_scene3,70,old
2043,9.245245456695557,0.12020684160202695,obse,soup_scene3,70,old
2044,9.249962329864502,0.12055600406885884,obse,soup_scene3,70,old
2045,9.254600048065186,0.12061507552758097,obse,soup_scene3,70,old
2046,9.259679794311523,0.12018779137398242,obse,soup_scene3,70,old
2047,9.264302492141724,0.12018779137398242,obse,soup_scene3,70,old
2048,9.269689083099365,0.12071295387453321,obse,soup_scene3,70,old
2049,9.273965120315552,0.12072940866912124,obse,soup_scene3,70,old
2050,9.278365850448608,0.12072940866912124,obse,soup_scene3,70,old
2051,9.283698797225952,0.12098637491740892,obse,soup_scene3,70,old
2052,9.288189888000488,0.14941685608825997,obse,soup_scene3,70,old
2053,9.293156147003174,0.14878908586669995,obse,soup_scene3,70,old
2054,9.298004627227783,0.14984609032905885,obse,soup_scene3,70,old
2055,9.303147554397583,0.14962971323329208,obse,soup_scene3,70,old
2056,9.307775497436523,0.14951766313648177,obse,soup_scene3,70,old
2057,9.312541484832764,0.14951766313648177,obse,soup_scene3,70,old
2058,9.317445516586304,0.1487542914790498,obse,soup_scene3,70,old
2059,9.322423219680786,0.1487542914790498,obse,soup_scene3,70,old
2060,9.327039957046509,0.1487542914790498,obse,soup_scene3,70,old
2061,9.331954002380371,0.14567182122131145,obse,soup_scene3,70,old
2062,9.336513996124268,0.14567182122131145,obse,soup_scene3,70,old
2063,9.341386795043945,0.1491367900226666,obse,soup_scene3,70,old
2064,9.3462655544281,0.1491367900226666,obse,soup_scene3,70,old
2065,9.35118842124939,0.1284198749523509,obse,soup_scene3,70,old
2066,9.355776309967041,0.12525818043512707,obse,soup_scene3,70,old
2067,9.360061168670654,0.12551123071319834,obse,soup_scene3,70,old
2068,9.364105224609375,0.12571294377151127,obse,soup_scene3,70,old
2069,9.368498802185059,0.12496879158512947,obse,soup_scene3,70,old
2070,9.372920989990234,0.12484418031251562,obse,soup_scene3,70,old
2071,9.377820491790771,0.12512651774525158,obse,soup_scene3,70,old
2072,9.382667541503906,0.12525296504111844,obse,soup_scene3,70,old
2073,9.38700008392334,0.12525296504111844,obse,soup_scene3,70,old
2074,9.39138650894165,0.12488745672767709,obse,soup_scene3,70,old
2075,9.395814657211304,0.12488745672767709,obse,soup_scene3,70,old
2076,9.4002525806427,0.1246679782549986,obse,soup_scene3,70,old
2077,9.404562950134277,0.12445635003505691,obse,soup_scene3,70,old
2078,9.409113883972168,0.124469016959577,obse,soup_scene3,70,old
2079,9.413647651672363,0.19298584895999923,obse,soup_scene3,70,old
2080,9.418095350265503,0.206544018993943,obse,soup_scene3,70,old
2081,9.42241358757019,0.20635572064184626,obse,soup_scene3,70,old
2082,9.426873683929443,0.20402459536580506,obse,soup_scene3,70,old
2083,9.431140184402466,0.2068766543517452,obse,soup_scene3,70,old
2084,9.435561418533325,0.2068366935513787,obse,soup_scene3,70,old
2085,9.43984341621399,0.20725575385259656,obse,soup_scene3,70,old
2086,9.444308757781982,0.20725575385259656,obse,soup_scene3,70,old
2087,9.449030637741089,0.21036249212733923,obse,soup_scene3,70,old
2088,9.4533212184906,0.21036249212733923,obse,soup_scene3,70,old
2089,9.457595586776733,0.21036249212733923,obse,soup_scene3,70,old
2090,9.46217393875122,0.21087336254001504,obse,soup_scene3,70,old
2091,9.466739177703857,0.21075513393223647,obse,soup_scene3,70,old
2092,9.47119927406311,0.21097845781131885,obse,soup_scene3,70,old
2093,9.476387739181519,0.2103097804819047,obse,soup_scene3,70,old
2094,9.481088399887085,0.2502115711228362,obse,soup_scene3,70,old
2095,9.485695838928223,0.24953582962278265,obse,soup_scene3,70,old
2096,9.490453004837036,0.25212828397333903,obse,soup_scene3,70,old
2097,9.494813680648804,0.25001726860705387,obse,soup_scene3,70,old
2098,9.499974489212036,0.2500136647266306,obse,soup_scene3,70,old
2099,9.505731582641602,0.2500136647266306,obse,soup_scene3,70,old
2100,9.511518001556396,0.2528464476841204,obse,soup_scene3,70,old
2101,9.517534494400024,0.25285926320556845,obse,soup_scene3,70,old
2102,9.523428201675415,0.25283506203999007,obse,soup_scene3,70,old
2103,9.529222965240479,0.2710735145583694,obse,soup_scene3,70,old
2104,9.534939289093018,0.25294153869920705,obse,soup_scene3,70,old
2105,9.540602445602417,0.252858606329406,obse,soup_scene3,70,old
2106,9.546362161636353,0.41724573230630113,obse,soup_scene3,70,old
2107,9.551130294799805,0.4178825227390728,obse,soup_scene3,70,old
2108,9.555453777313232,0.4178825227390728,obse,soup_scene3,70,old
2109,9.560261964797974,0.41750512971431875,obse,soup_scene3,70,old
2110,9.564455509185791,0.41760416147425383,obse,soup_scene3,70,old
2111,9.568944692611694,0.41757010019085156,obse,soup_scene3,70,old
2112,9.573726415634155,0.41763294716163285,obse,soup_scene3,70,old
2113,9.578643560409546,0.4204252205377784,obse,soup_scene3,70,old
2114,9.583244323730469,0.4188082244990865,obse,soup_scene3,70,old
2115,9.587860822677612,0.4188082244990865,obse,soup_scene3,70,old
2116,9.592432975769043,0.4213405420843117,obse,soup_scene3,70,old
2117,9.59683609008789,0.4213405420843117,obse,soup_scene3,70,old
2118,9.602322101593018,0.42119587343836395,obse,soup_scene3,70,old
2119,9.606796026229858,0.31050330666950354,obse,soup_scene3,70,old
2120,9.611524105072021,0.299533873598744,obse,soup_scene3,70,old
2121,9.616154432296753,0.2989541380227641,obse,soup_scene3,70,old
2122,9.62052869796753,0.2989541380227641,obse,soup_scene3,70,old
2123,9.62533712387085,0.29617581771528717,obse,soup_scene3,70,old
2124,9.630037546157837,0.29617581771528717,obse,soup_scene3,70,old
2125,9.634624004364014,0.29694530512411843,obse,soup_scene3,70,old
2126,9.638887405395508,0.29694530512411843,obse,soup_scene3,70,old
2127,9.64353346824646,0.2965552148754688,obse,soup_scene3,70,old
2128,9.648073673248291,0.29649536982792657,obse,soup_scene3,70,old
2129,9.65272569656372,0.2968791034031711,obse,soup_scene3,70,old
2130,9.6569983959198,0.2969146991635346,obse,soup_scene3,70,old
2131,9.661571264266968,0.29928049311040383,obse,soup_scene3,70,old
2132,9.666074514389038,0.29917861726724027,obse,soup_scene3,70,old
2133,9.670447826385498,0.29917861726724027,obse,soup_scene3,70,old
2134,9.675087690353394,0.10248947868091864,obse,soup_scene3,70,old
2135,9.67960786819458,0.09909040786921466,obse,soup_scene3,70,old
2136,9.684394121170044,0.09802962323418599,obse,soup_scene3,70,old
2137,9.688578367233276,0.09802962323418599,obse,soup_scene3,70,old
2138,9.69293737411499,0.0956757262883457,obse,soup_scene3,70,old
2139,9.69711685180664,0.0956757262883457,obse,soup_scene3,70,old
2140,9.7015860080719,0.0956694553795179,obse,soup_scene3,70,old
2141,9.705875158309937,0.0956694553795179,obse,soup_scene3,70,old
2142,9.710852146148682,0.09600456989220693,obse,soup_scene3,70,old
2143,9.715275287628174,0.09597658581971831,obse,soup_scene3,70,old
2144,9.721194505691528,0.09607932382138612,obse,soup_scene3,70,old
2145,9.725838899612427,0.09601949785325838,obse,soup_scene3,70,old
2146,9.730056762695312,0.09601949785325838,obse,soup_scene3,70,old
2147,9.735449314117432,0.0965796743770662,obse,soup_scene3,70,old
2148,9.739912509918213,0.09621086227783744,obse,soup_scene3,70,old
2149,9.744472980499268,0.10326120409273563,obse,soup_scene3,70,old
2150,9.749138832092285,0.10562697113389204,obse,soup_scene3,70,old
2151,9.753696918487549,0.10621274845081136,obse,soup_scene3,70,old
2152,9.75839352607727,0.10623034424972551,obse,soup_scene3,70,old
2153,9.762903213500977,0.10563274701116512,obse,soup_scene3,70,old
2154,9.767509937286377,0.10350267569030883,obse,soup_scene3,70,old
2155,9.771866798400879,0.10350267569030883,obse,soup_scene3,70,old
2156,9.77786135673523,0.1030287596939842,obse,soup_scene3,70,old
2157,9.782285213470459,0.10423350535986273,obse,soup_scene3,70,old
2158,9.78676176071167,0.10423350535986273,obse,soup_scene3,70,old
2159,9.79164743423462,0.10406462650582554,obse,soup_scene3,70,old
2160,9.795969247817993,0.10406462650582554,obse,soup_scene3,70,old
2161,9.800512313842773,0.10724779236733843,obse,soup_scene3,70,old
2162,9.804657697677612,0.10724779236733843,obse,soup_scene3,70,old
2163,9.809296607971191,0.10724486418438109,obse,soup_scene3,70,old
2164,9.81334114074707,0.10724486418438109,obse,soup_scene3,70,old
2165,9.818115949630737,0.10434976990499831,obse,soup_scene3,70,old
2166,9.822572469711304,0.1218364452211673,obse,soup_scene3,70,old
2167,9.827004432678223,0.12373820633289305,obse,soup_scene3,70,old
2168,9.831274509429932,0.12379671066545922,obse,soup_scene3,70,old
2169,9.835892677307129,0.12277422566886444,obse,soup_scene3,70,old
2170,9.840140581130981,0.1227861113168086,obse,soup_scene3,70,old
2171,9.844730854034424,0.12262147948522066,obse,soup_scene3,70,old
2172,9.849135160446167,0.12256502468407762,obse,soup_scene3,70,old
2173,9.853605031967163,0.12257986848288237,obse,soup_scene3,70,old
2174,9.858112335205078,0.12278634384750738,obse,soup_scene3,70,old
2175,9.862426280975342,0.12278634384750738,obse,soup_scene3,70,old
2176,9.866861343383789,0.12408785903581365,obse,soup_scene3,70,old
2177,9.871131181716919,0.12408785903581365,obse,soup_scene3,70,old
2178,9.875848770141602,0.16137294254020462,obse,soup_scene3,70,old
2179,9.880348205566406,0.1704063343333225,obse,soup_scene3,70,old
2180,9.88503360748291,0.17178913514053792,obse,soup_scene3,70,old
2181,9.889391660690308,0.17178913514053792,obse,soup_scene3,70,old
2182,9.893948078155518,0.17418033958369827,obse,soup_scene3,70,old
2183,9.898424625396729,0.1742866707692991,obse,soup_scene3,70,old
2184,9.902757406234741,0.1714021876208247,obse,soup_scene3,70,old
2185,9.907041072845459,0.17070473352402554,obse,soup_scene3,70,old
2186,9.911314010620117,0.17070473352402554,obse,soup_scene3,70,old
2187,9.915756702423096,0.1700788742179669,obse,soup_scene3,70,old
2188,9.920222043991089,0.1700788742179669,obse,soup_scene3,70,old
2189,9.924670934677124,0.17049889462183565,obse,soup_scene3,70,old
2190,9.929140329360962,0.17049889462183565,obse,soup_scene3,70,old
2191,9.933676481246948,0.17014507593895886,obse,soup_scene3,70,old
2192,9.938032388687134,0.26550122180998587,obse,soup_scene3,70,old
2193,9.942476749420166,0.26611786147607186,obse,soup_scene3,70,old
2194,9.947038173675537,0.27601440417387874,obse,soup_scene3,70,old
2195,9.95222806930542,0.2756603159358531,obse,soup_scene3,70,old
2196,9.956533908843994,0.27626616937954857,obse,soup_scene3,70,old
2197,9.960972309112549,0.2763021770212567,obse,soup_scene3,70,old
2198,9.965069770812988,0.27623497883195675,obse,soup_scene3,70,old
2199,9.969603300094604,0.27635786960122205,obse,soup_scene3,70,old
2200,9.973941564559937,0.2764471523941496,obse,soup_scene3,70,old
2201,9.978848457336426,0.2767911853877825,obse,soup_scene3,70,old
2202,9.98342251777649,0.2743422704843026,obse,soup_scene3,70,old
2203,9.987855434417725,0.2743422704843026,obse,soup_scene3,70,old
2204,9.992545127868652,0.2742789606938615,obse,soup_scene3,70,old
2205,9.996775388717651,0.2742789606938615,obse,soup_scene3,70,old
2206,10.001315355300903,0.27355975248190534,obse,soup_scene3,70,old
2207,10.005531311035156,0.23036118161070288,obse,soup_scene3,70,old
2208,10.010140180587769,0.2254059062153858,obse,soup_scene3,70,old
2209,10.014565229415894,0.22497324865999135,obse,soup_scene3,70,old
2210,10.019094228744507,0.22537600698377594,obse,soup_scene3,70,old
2211,10.023355484008789,0.22534269513163638,obse,soup_scene3,70,old
2212,10.028150081634521,0.22601112389113787,obse,soup_scene3,70,old
2213,10.032418012619019,0.22592719519799798,obse,soup_scene3,70,old
2214,10.036802530288696,0.22606824882352927,obse,soup_scene3,70,old
2215,10.041134119033813,0.22598956279075913,obse,soup_scene3,70,old
2216,10.045575618743896,0.22598956279075913,obse,soup_scene3,70,old
2217,10.05004072189331,0.22634460411244897,obse,soup_scene3,70,old
2218,10.054367065429688,0.22634460411244897,obse,soup_scene3,70,old
2219,10.059107780456543,0.22621456535755646,obse,soup_scene3,70,old
2220,10.06337022781372,0.22621456535755646,obse,soup_scene3,70,old
2221,10.068210124969482,0.225874346959096,obse,soup_scene3,70,old
2222,10.0726900100708,0.1884919477940833,obse,soup_scene3,70,old
2223,10.077379941940308,0.18442596379970178,obse,soup_scene3,70,old
2224,10.081756114959717,0.18442596379970178,obse,soup_scene3,70,old
2225,10.086375713348389,0.18495694547053657,obse,soup_scene3,70,old
2226,10.090938568115234,0.1849555336733927,obse,soup_scene3,70,old
2227,10.095125913619995,0.1849555336733927,obse,soup_scene3,70,old
2228,10.099733591079712,0.184958851207892,obse,soup_scene3,70,old
2229,10.104006290435791,0.184958851207892,obse,soup_scene3,70,old
2230,10.108709812164307,0.18744548786677087,obse,soup_scene3,70,old
2231,10.113642454147339,0.18744548786677087,obse,soup_scene3,70,old
2232,10.11880612373352,0.18759847581724218,obse,soup_scene3,70,old
2233,10.123528003692627,0.18759847581724218,obse,soup_scene3,70,old
2234,10.128746509552002,0.1866343769310263,obse,soup_scene3,70,old
2235,10.133756160736084,0.1866343769310263,obse,soup_scene3,70,old
2236,10.138877391815186,0.18723977416452636,obse,soup_scene3,70,old
2237,10.143417596817017,0.09955461454948474,obse,soup_scene3,70,old
2238,10.147958278656006,0.09955461454948474,obse,soup_scene3,70,old
2239,10.15277910232544,0.0995010959798356,obse,soup_scene3,70,old
2240,10.157427549362183,0.10097785513831882,obse,soup_scene3,70,old
2241,10.161834955215454,0.10106208309369756,obse,soup_scene3,70,old
2242,10.16623568534851,0.09868892693291446,obse,soup_scene3,70,old
2243,10.170435667037964,0.09868892693291446,obse,soup_scene3,70,old
2244,10.17490005493164,0.09832536012393595,obse,soup_scene3,70,old
2245,10.179180383682251,0.09832536012393595,obse,soup_scene3,70,old
2246,10.183907747268677,0.09818699818438158,obse,soup_scene3,70,old
2247,10.188125848770142,0.09818699818438158,obse,soup_scene3,70,old
2248,10.192755937576294,0.10236370373222964,obse,soup_scene3,70,old
2249,10.197103023529053,0.10236370373222964,obse,soup_scene3,70,old
2250,10.20140814781189,0.10211899452580886,obse,soup_scene3,70,old
2251,10.205683708190918,0.10320389804597892,obse,soup_scene3,70,old
2252,10.210053443908691,0.10542791682518755,obse,soup_scene3,70,old
2253,10.214649438858032,0.10209578113328104,obse,soup_scene3,70,old
2254,10.219240427017212,0.10355446719946342,obse,soup_scene3,70,old
2255,10.223406553268433,0.10476236752509262,obse,soup_scene3,70,old
2256,10.227515697479248,0.10476236752509262,obse,soup_scene3,70,old
2257,10.232066869735718,0.10433397979590273,obse,soup_scene3,70,old
2258,10.23645806312561,0.10728174930388114,obse,soup_scene3,70,old
2259,10.240726470947266,0.10728174930388114,obse,soup_scene3,70,old
2260,10.245238542556763,0.10429837349973398,obse,soup_scene3,70,old
2261,10.249622106552124,0.10429837349973398,obse,soup_scene3,70,old
2262,10.253721952438354,0.10470245462317428,obse,soup_scene3,70,old
2263,10.258296489715576,0.10359566015955905,obse,soup_scene3,70,old
2264,10.26303505897522,0.10340219066013566,obse,soup_scene3,70,old
2265,10.267587661743164,0.10399876130407075,obse,soup_scene3,70,old
2266,10.272591829299927,0.18981283495840287,obse,soup_scene3,70,old
2267,10.277170419692993,0.18998389915802802,obse,soup_scene3,70,old
2268,10.28187870979309,0.19391860158309898,obse,soup_scene3,70,old
2269,10.286585569381714,0.1961949253400296,obse,soup_scene3,70,old
2270,10.29120397567749,0.1967614285055775,obse,soup_scene3,70,old
2271,10.295830011367798,0.19681015911839217,obse,soup_scene3,70,old
2272,10.300357818603516,0.21240165698857222,obse,soup_scene3,70,old
2273,10.304605484008789,0.21240165698857222,obse,soup_scene3,70,old
2274,10.30919861793518,0.194294776011464,obse,soup_scene3,70,old
2275,10.313452959060669,0.194294776011464,obse,soup_scene3,70,old
2276,10.317920684814453,0.19480816210356544,obse,soup_scene3,70,old
2277,10.322074890136719,0.19480816210356544,obse,soup_scene3,70,old
2278,10.326834917068481,0.19448055755385582,obse,soup_scene3,70,old
2279,10.331270217895508,0.19447813745482814,obse,soup_scene3,70,old
2280,10.335739374160767,0.19471189157773336,obse,soup_scene3,70,old
2281,10.34005880355835,0.16863639770154618,obse,soup_scene3,70,old
2282,10.34462308883667,0.166520238806751,obse,soup_scene3,70,old
2283,10.349074840545654,0.16624416389272675,obse,soup_scene3,70,old
2284,10.353488206863403,0.16624416389272675,obse,soup_scene3,70,old
2285,10.358041048049927,0.1664398339626234,obse,soup_scene3,70,old
2286,10.362372159957886,0.1664398339626234,obse,soup_scene3,70,old
2287,10.366843461990356,0.16643908556648213,obse,soup_scene3,70,old
2288,10.371148109436035,0.16643908556648213,obse,soup_scene3,70,old
2289,10.375738620758057,0.16676830730979653,obse,soup_scene3,70,old
2290,10.379876852035522,0.16676830730979653,obse,soup_scene3,70,old
2291,10.384782075881958,0.1670270337886834,obse,soup_scene3,70,old
2292,10.388991117477417,0.1670270337886834,obse,soup_scene3,70,old
2293,10.393492460250854,0.1668840741189523,obse,soup_scene3,70,old
2294,10.397957801818848,0.1668840741189523,obse,soup_scene3,70,old
2295,10.402450799942017,0.16675460465410322,obse,soup_scene3,70,old
2296,10.407029390335083,0.29082978661269104,obse,soup_scene3,70,old
2297,10.41182827949524,0.30793992031826994,obse,soup_scene3,70,old
2298,10.416382789611816,0.30822007783009814,obse,soup_scene3,70,old
2299,10.420868158340454,0.30822007783009814,obse,soup_scene3,70,old
2300,10.425515413284302,0.30910271859010907,obse,soup_scene3,70,old
2301,10.429988622665405,0.30910271859010907,obse,soup_scene3,70,old
2302,10.434974431991577,0.30954674446481023,obse,soup_scene3,70,old
2303,10.439337968826294,0.30942680381775406,obse,soup_scene3,70,old
2304,10.443714618682861,0.3096211113832322,obse,soup_scene3,70,old
2305,10.448003768920898,0.3096211113832322,obse,soup_scene3,70,old
2306,10.452522039413452,0.30946756377304874,obse,soup_scene3,70,old
2307,10.456880331039429,0.3098129267322592,obse,soup_scene3,70,old
2308,10.461324691772461,0.3098129267322592,obse,soup_scene3,70,old
2309,10.465718746185303,0.30995844469613426,obse,soup_scene3,70,old
2310,10.470133304595947,0.30995844469613426,obse,soup_scene3,70,old
2311,10.474459409713745,0.2630627773342883,obse,soup_scene3,70,old
2312,10.47893476486206,0.2585278875714683,obse,soup_scene3,70,old
2313,10.483474731445312,0.25909833463372406,obse,soup_scene3,70,old
2314,10.48772144317627,0.25909833463372406,obse,soup_scene3,70,old
2315,10.49219274520874,0.25905591309542725,obse,soup_scene3,70,old
2316,10.496443033218384,0.25905591309542725,obse,soup_scene3,70,old
2317,10.501075983047485,0.25948733310699745,obse,soup_scene3,70,old
2318,10.505286693572998,0.25948733310699745,obse,soup_scene3,70,old
2319,10.509801149368286,0.2598456025137206,obse,soup_scene3,70,old
2320,10.513986825942993,0.2598456025137206,obse,soup_scene3,70,old
2321,10.518779754638672,0.2593648613662273,obse,soup_scene3,70,old
2322,10.523578643798828,0.2593648613662273,obse,soup_scene3,70,old
2323,10.528595924377441,0.2592098422970833,obse,soup_scene3,70,old
2324,10.53273606300354,0.2592098422970833,obse,soup_scene3,70,old
2325,10.537330627441406,0.25926523261691825,obse,soup_scene3,70,old
2326,10.541945695877075,0.12776580429214696,obse,soup_scene3,70,old
2327,10.546153545379639,0.12776580429214696,obse,soup_scene3,70,old
2328,10.550702810287476,0.12700083230590853,obse,soup_scene3,70,old
2329,10.555330753326416,0.12187180246111613,obse,soup_scene3,70,old
2330,10.55996036529541,0.12285722353581949,obse,soup_scene3,70,old
2331,10.564392328262329,0.12265062020044099,obse,soup_scene3,70,old
2332,10.56884217262268,0.12260828369695907,obse,soup_scene3,70,old
2333,10.57328462600708,0.12289271326072893,obse,soup_scene3,70,old
2334,10.577946424484253,0.12275960304123475,obse,soup_scene3,70,old
2335,10.582484722137451,0.12275960304123475,obse,soup_scene3,70,old
2336,10.587226867675781,0.12261765364988164,obse,soup_scene3,70,old
2337,10.591511487960815,0.12220174902887325,obse,soup_scene3,70,old
2338,10.596356391906738,0.122275901823282,obse,soup_scene3,70,old
2339,10.600694417953491,0.12244368254663308,obse,soup_scene3,70,old
2340,10.604894161224365,0.12244368254663308,obse,soup_scene3,70,old
2341,10.60906720161438,0.12244368254663308,obse,soup_scene3,70,old
2342,10.613395929336548,0.09733026091089776,obse,soup_scene3,70,old
2343,10.617941856384277,0.09610699398382806,obse,soup_scene3,70,old
2344,10.622087478637695,0.09610699398382806,obse,soup_scene3,70,old
2345,10.62653923034668,0.09670418940688653,obse,soup_scene3,70,old
2346,10.63082218170166,0.0977820484482266,obse,soup_scene3,70,old
2347,10.635194540023804,0.09787867504390843,obse,soup_scene3,70,old
2348,10.639743089675903,0.09787867504390843,obse,soup_scene3,70,old
2349,10.643917322158813,0.09770757320159298,obse,soup_scene3,70,old
2350,10.648198366165161,0.09797622785609823,obse,soup_scene3,70,old
2351,10.652677536010742,0.09797622785609823,obse,soup_scene3,70,old
2352,10.65683102607727,0.09797622785609823,obse,soup_scene3,70,old
2353,10.661348104476929,0.09814822470422192,obse,soup_scene3,70,old
2354,10.665696859359741,0.09814691694845071,obse,soup_scene3,70,old
2355,10.670038223266602,0.09814691694845071,obse,soup_scene3,70,old
2356,10.674790620803833,0.09827700649956804,obse,soup_scene3,70,old
2357,10.67925477027893,0.09831979229770475,obse,soup_scene3,70,old
2358,10.683805465698242,0.12250247475625048,obse,soup_scene3,70,old
2359,10.688482522964478,0.12799615754500376,obse,soup_scene3,70,old
2360,10.692950963973999,0.12839606689094946,obse,soup_scene3,70,old
2361,10.697692394256592,0.128386044228387,obse,soup_scene3,70,old
2362,10.702219486236572,0.12834979929240198,obse,soup_scene3,70,old
2363,10.706793308258057,0.12817119360642037,obse,soup_scene3,70,old
2364,10.711334943771362,0.12827235489058592,obse,soup_scene3,70,old
2365,10.715742349624634,0.1279590622382543,obse,soup_scene3,70,old
2366,10.720133066177368,0.1279590622382543,obse,soup_scene3,70,old
2367,10.724587202072144,0.12831952586237313,obse,soup_scene3,70,old
2368,10.72879958152771,0.12831952586237313,obse,soup_scene3,70,old
2369,10.733164072036743,0.13024738666046354,obse,soup_scene3,70,old
2370,10.737413167953491,0.13024738666046354,obse,soup_scene3,70,old
2371,10.74191689491272,0.13001674351276218,obse,soup_scene3,70,old
2372,10.746116399765015,0.2730321442077464,obse,soup_scene3,70,old
2373,10.750749111175537,0.28684722635109927,obse,soup_scene3,70,old
2374,10.75525450706482,0.28684722635109927,obse,soup_scene3,70,old
2375,10.759758949279785,0.28683628129049216,obse,soup_scene3,70,old
2376,10.763947486877441,0.28683628129049216,obse,soup_scene3,70,old
2377,10.768246173858643,0.2864898125622706,obse,soup_scene3,70,old
2378,10.772618532180786,0.28690557023111435,obse,soup_scene3,70,old
2379,10.77706503868103,0.28718693151894836,obse,soup_scene3,70,old
2380,10.781602621078491,0.2871977724919176,obse,soup_scene3,70,old
2381,10.786131620407104,0.2869466228088067,obse,soup_scene3,70,old
2382,10.790573835372925,0.28765252414348474,obse,soup_scene3,70,old
2383,10.794894695281982,0.28765252414348474,obse,soup_scene3,70,old
2384,10.799232721328735,0.28783044709978894,obse,soup_scene3,70,old
2385,10.803502798080444,0.28783044709978894,obse,soup_scene3,70,old
2386,10.807747840881348,0.2878554577024387,obse,soup_scene3,70,old
2387,10.812368154525757,0.20269242220119935,obse,soup_scene3,70,old
2388,10.816867113113403,0.17866409443220246,obse,soup_scene3,70,old
2389,10.821407079696655,0.17791122117928476,obse,soup_scene3,70,old
2390,10.825891017913818,0.17777931525658142,obse,soup_scene3,70,old
2391,10.830106019973755,0.17777931525658142,obse,soup_scene3,70,old
2392,10.834697961807251,0.1777501476827439,obse,soup_scene3,70,old
2393,10.838736534118652,0.1777501476827439,obse,soup_scene3,70,old
2394,10.843425512313843,0.17795044703203683,obse,soup_scene3,70,old
2395,10.84747576713562,0.17795044703203683,obse,soup_scene3,70,old
2396,10.85204029083252,0.17866974733677082,obse,soup_scene3,70,old
2397,10.856362581253052,0.1785554111430674,obse,soup_scene3,70,old
2398,10.860816478729248,0.17928936017780348,obse,soup_scene3,70,old
2399,10.865049600601196,0.17922737056143392,obse,soup_scene3,70,old
2400,10.86954951286316,0.17936881056303128,obse,soup_scene3,70,old
2401,10.874028444290161,0.23220605485855028,obse,soup_scene3,70,old
2402,10.878395080566406,0.23820002854903904,obse,soup_scene3,70,old
2403,10.882968425750732,0.23819675317377592,obse,soup_scene3,70,old
2404,10.887227058410645,0.23819675317377592,obse,soup_scene3,70,old
2405,10.891692876815796,0.23815291057904775,obse,soup_scene3,70,old
2406,10.895977973937988,0.23815291057904775,obse,soup_scene3,70,old
2407,10.900458812713623,0.23821932346261301,obse,soup_scene3,70,old
2408,10.904572248458862,0.23821932346261301,obse,soup_scene3,70,old
2409,10.909042119979858,0.23922056570550623,obse,soup_scene3,70,old
2410,10.9136643409729,0.23922056570550623,obse,soup_scene3,70,old
2411,10.918179988861084,0.2392255302639928,obse,soup_scene3,70,old
2412,10.92247724533081,0.23918618476253525,obse,soup_scene3,70,old
2413,10.926793813705444,0.23870002969861823,obse,soup_scene3,70,old
2414,10.931005954742432,0.23875392073375473,obse,soup_scene3,70,old
2415,10.935450315475464,0.23856190249348225,obse,soup_scene3,70,old
2416,10.939498662948608,0.23856190249348225,obse,soup_scene3,70,old
2417,10.943924188613892,0.2390188233887521,obse,soup_scene3,70,old
2418,10.948562145233154,0.17762756798917712,obse,soup_scene3,70,old
2419,10.952912330627441,0.1752593105582112,obse,soup_scene3,70,old
2420,10.957225322723389,0.17566713918129734,obse,soup_scene3,70,old
2421,10.961633205413818,0.17566713918129734,obse,soup_scene3,70,old
2422,10.966099739074707,0.17502546724936077,obse,soup_scene3,70,old
2423,10.97043251991272,0.17502546724936077,obse,soup_scene3,70,old
2424,10.974782943725586,0.17535807909056322,obse,soup_scene3,70,old
2425,10.979084968566895,0.17535807909056322,obse,soup_scene3,70,old
2426,10.983619213104248,0.1757355497709662,obse,soup_scene3,70,old
2427,10.987783432006836,0.1757355497709662,obse,soup_scene3,70,old
2428,10.992327213287354,0.17603954524015028,obse,soup_scene3,70,old
2429,10.996487855911255,0.17603954524015028,obse,soup_scene3,70,old
2430,11.001019477844238,0.1755713383663385,obse,soup_scene3,70,old
2431,11.00537633895874,0.11390239901008305,obse,soup_scene3,70,old
2432,11.009812831878662,0.10936445927887706,obse,soup_scene3,70,old
2433,11.01443600654602,0.10951663237886082,obse,soup_scene3,70,old
2434,11.018832206726074,0.10981626655847218,obse,soup_scene3,70,old
2435,11.02318525314331,0.10990112511672745,obse,soup_scene3,70,old
2436,11.027539491653442,0.11037848895677185,obse,soup_scene3,70,old
2437,11.031822919845581,0.11041976329744461,obse,soup_scene3,70,old
2438,11.036162853240967,0.11022232745527429,obse,soup_scene3,70,old
2439,11.040487051010132,0.11141677922058162,obse,soup_scene3,70,old
2440,11.044829607009888,0.11141677922058162,obse,soup_scene3,70,old
2441,11.049372673034668,0.11153135676883984,obse,soup_scene3,70,old
2442,11.05383825302124,0.11153135676883984,obse,soup_scene3,70,old
2443,11.05819845199585,0.1116384407654382,obse,soup_scene3,70,old
2444,11.062779426574707,0.11051203969722284,obse,soup_scene3,70,old
2445,11.067288875579834,0.1108087995719115,obse,soup_scene3,70,old
2446,11.071571588516235,0.1108087995719115,obse,soup_scene3,70,old
2447,11.076306104660034,0.11091372387706164,obse,soup_scene3,70,old
2448,11.08075761795044,0.24345203060222725,obse,soup_scene3,70,old
2449,11.085341691970825,0.2578875408766658,obse,soup_scene3,70,old
2450,11.08948016166687,0.2576155150447556,obse,soup_scene3,70,old
2451,11.09384298324585,0.2578659729080994,obse,soup_scene3,70,old
2452,11.098102569580078,0.2578659729080994,obse,soup_scene3,70,old
2453,11.102609634399414,0.2584292453877604,obse,soup_scene3,70,old
2454,11.106899499893188,0.25978483931272905,obse,soup_scene3,70,old
2455,11.111345767974854,0.25978483931272905,obse,soup_scene3,70,old
2456,11.115763425827026,0.2593293113079821,obse,soup_scene3,70,old
2457,11.120105028152466,0.2593293113079821,obse,soup_scene3,70,old
2458,11.124515771865845,0.25931197613243817,obse,soup_scene3,70,old
2459,11.128821849822998,0.25894068624575894,obse,soup_scene3,70,old
2460,11.133199691772461,0.2585548473980174,obse,soup_scene3,70,old
2461,11.137529373168945,0.2585548473980174,obse,soup_scene3,70,old
2462,11.142147541046143,0.20679361511016953,obse,soup_scene3,70,old
2463,11.146323680877686,0.20006620055528634,obse,soup_scene3,70,old
2464,11.150954723358154,0.22667496073728505,obse,soup_scene3,70,old
2465,11.156318426132202,0.2264782725329945,obse,soup_scene3,70,old
2466,11.160968780517578,0.20060500384003438,obse,soup_scene3,70,old
2467,11.165451526641846,0.20064569601671967,obse,soup_scene3,70,old
2468,11.17002534866333,0.20087400451539508,obse,soup_scene3,70,old
2469,11.174797296524048,0.20100532989852984,obse,soup_scene3,70,old
2470,11.179232358932495,0.20116073661026904,obse,soup_scene3,70,old
2471,11.18398380279541,0.20144411770821627,obse,soup_scene3,70,old
2472,11.188453912734985,0.20144411770821627,obse,soup_scene3,70,old
2473,11.193293333053589,0.2018358801158739,obse,soup_scene3,70,old
2474,11.197713851928711,0.2018358801158739,obse,soup_scene3,70,old
2475,11.202582120895386,0.20195873263006994,obse,soup_scene3,70,old
2476,11.2069730758667,0.3005497061872265,obse,soup_scene3,70,old
2477,11.21168851852417,0.3128609087622453,obse,soup_scene3,70,old
2478,11.216295719146729,0.31289192021224527,obse,soup_scene3,70,old
2479,11.221057415008545,0.31299275623164174,obse,soup_scene3,70,old
2480,11.225782871246338,0.31339348099191566,obse,soup_scene3,70,old
2481,11.230721473693848,0.31339348099191566,obse,soup_scene3,70,old
2482,11.23537540435791,0.31393676938985093,obse,soup_scene3,70,old
2483,11.239715814590454,0.31374585485312995,obse,soup_scene3,70,old
2484,11.244218349456787,0.3143054447566934,obse,soup_scene3,70,old
2485,11.248787641525269,0.3142820752894764,obse,soup_scene3,70,old
2486,11.253211736679077,0.3141484420072806,obse,soup_scene3,70,old
2487,11.258424997329712,0.3140516412364329,obse,soup_scene3,70,old
2488,11.263448715209961,0.3140516412364329,obse,soup_scene3,70,old
2489,11.268582582473755,0.31422081281245834,obse,soup_scene3,70,old
2490,11.273777723312378,0.13822481163006706,obse,soup_scene3,70,old
2491,11.278886079788208,0.12291588166676032,obse,soup_scene3,70,old
2492,11.284255027770996,0.12274993263116728,obse,soup_scene3,70,old
2493,11.289305448532104,0.12274993263116728,obse,soup_scene3,70,old
2494,11.294489622116089,0.12284719119454063,obse,soup_scene3,70,old
2495,11.299458742141724,0.12324244708523699,obse,soup_scene3,70,old
2496,11.304604768753052,0.12324244708523699,obse,soup_scene3,70,old
2497,11.309911489486694,0.12308177112083074,obse,soup_scene3,70,old
2498,11.31499457359314,0.1231041718903966,obse,soup_scene3,70,old
2499,11.32020616531372,0.12412181546976972,obse,soup_scene3,70,old
2500,11.325135707855225,0.12412181546976972,obse,soup_scene3,70,old
2501,11.329955339431763,0.12316624290942406,obse,soup_scene3,70,old
2502,11.335000991821289,0.12313379718160429,obse,soup_scene3,70,old
2503,11.340053796768188,0.14155292969654618,obse,soup_scene3,70,old
2504,11.345075130462646,0.14490021185219534,obse,soup_scene3,70,old
2505,11.350132942199707,0.14516277403982364,obse,soup_scene3,70,old
2506,11.355328559875488,0.14719526465293983,obse,soup_scene3,70,old
2507,11.36040186882019,0.14707961347784443,obse,soup_scene3,70,old
2508,11.365509271621704,0.14826933875942747,obse,soup_scene3,70,old
2509,11.370458602905273,0.1481697383589703,obse,soup_scene3,70,old
2510,11.375187873840332,0.1482828418849002,obse,soup_scene3,70,old
2511,11.380366086959839,0.1482828418849002,obse,soup_scene3,70,old
2512,11.384757041931152,0.14819670191102996,obse,soup_scene3,70,old
2513,11.389479398727417,0.14823081389912318,obse,soup_scene3,70,old
2514,11.39391541481018,0.14703389457892288,obse,soup_scene3,70,old
2515,11.398185729980469,0.1474589458236764,obse,soup_scene3,70,old
2516,11.402482986450195,0.1474589458236764,obse,soup_scene3,70,old
2517,11.406870603561401,0.14848453108490822,obse,soup_scene3,70,old
2518,11.411218643188477,0.24986164248518636,obse,soup_scene3,70,old
2519,11.415424823760986,0.24986164248518636,obse,soup_scene3,70,old
2520,11.420258283615112,0.24988953565343414,obse,soup_scene3,70,old
2521,11.425334215164185,0.2552904583967987,obse,soup_scene3,70,old
2522,11.430342197418213,0.2548469642681282,obse,soup_scene3,70,old
2523,11.435370445251465,0.2548469642681282,obse,soup_scene3,70,old
2524,11.440471649169922,0.2545984487667013,obse,soup_scene3,70,old
2525,11.445552349090576,0.2545984487667013,obse,soup_scene3,70,old
2526,11.450493574142456,0.2537962662506451,obse,soup_scene3,70,old
2527,11.45543098449707,0.2537454676016684,obse,soup_scene3,70,old
2528,11.460778713226318,0.2548608878509976,obse,soup_scene3,70,old
2529,11.465952157974243,0.2549757352118419,obse,soup_scene3,70,old
2530,11.471297979354858,0.30372862140896123,obse,soup_scene3,70,old
2531,11.47657823562622,0.3085385647990074,obse,soup_scene3,70,old
2532,11.481628179550171,0.30920521706815707,obse,soup_scene3,70,old
2533,11.486533641815186,0.3108736056765749,obse,soup_scene3,70,old
2534,11.491194248199463,0.30913610950588755,obse,soup_scene3,70,old
2535,11.495925664901733,0.30992220158536876,obse,soup_scene3,70,old
2536,11.500592708587646,0.3105554691474778,obse,soup_scene3,70,old
2537,11.5053071975708,0.3106173190530242,obse,soup_scene3,70,old
2538,11.509877443313599,0.3109385626405628,obse,soup_scene3,70,old
2539,11.514551401138306,0.3106783058126843,obse,soup_scene3,70,old
2540,11.519092798233032,0.3114285761963902,obse,soup_scene3,70,old
2541,11.523603916168213,0.311529300858326,obse,soup_scene3,70,old
2542,11.528041362762451,0.311600878911783,obse,soup_scene3,70,old
2543,11.532436847686768,0.31169590713108064,obse,soup_scene3,70,old
2544,11.536834716796875,0.31169590713108064,obse,soup_scene3,70,old
2545,11.54145860671997,0.3115268526322262,obse,soup_scene3,70,old
2546,11.546252012252808,0.3115268526322262,obse,soup_scene3,70,old
2547,11.551502704620361,0.311873764222026,obse,soup_scene3,70,old
2548,11.556059122085571,0.21140766961827182,obse,soup_scene3,70,old
2549,11.560840129852295,0.20797018478968587,obse,soup_scene3,70,old
2550,11.565035820007324,0.20774193138462907,obse,soup_scene3,70,old
2551,11.569727182388306,0.2074751527221289,obse,soup_scene3,70,old
2552,11.574097394943237,0.20746601542696855,obse,soup_scene3,70,old
2553,11.578907489776611,0.20746360998810254,obse,soup_scene3,70,old
2554,11.583815813064575,0.20761783918520524,obse,soup_scene3,70,old
2555,11.588197946548462,0.20761783918520524,obse,soup_scene3,70,old
2556,11.59267807006836,0.20771876488839333,obse,soup_scene3,70,old
2557,11.596954345703125,0.20771876488839333,obse,soup_scene3,70,old
2558,11.601686716079712,0.20813980750015892,obse,soup_scene3,70,old
2559,11.605973958969116,0.20813980750015892,obse,soup_scene3,70,old
2560,11.610703945159912,0.20794870481483638,obse,soup_scene3,70,old
2561,11.615095615386963,0.20794870481483638,obse,soup_scene3,70,old
2562,11.619757652282715,0.20809786409108946,obse,soup_scene3,70,old
2563,11.624330997467041,0.20784560353004655,obse,soup_scene3,70,old
2564,11.629071474075317,0.18013215284838305,obse,soup_scene3,70,old
2565,11.63368558883667,0.17957878764922403,obse,soup_scene3,70,old
2566,11.637938499450684,0.17957878764922403,obse,soup_scene3,70,old
2567,11.642688512802124,0.1795236482251662,obse,soup_scene3,70,old
2568,11.646978616714478,0.1795236482251662,obse,soup_scene3,70,old
2569,11.651666402816772,0.17910029590674884,obse,soup_scene3,70,old
2570,11.65616512298584,0.17910029590674884,obse,soup_scene3,70,old
2571,11.660786151885986,0.17924930757794302,obse,soup_scene3,70,old
2572,11.66529631614685,0.17932841290382723,obse,soup_scene3,70,old
2573,11.669820785522461,0.1792101479372233,obse,soup_scene3,70,old
2574,11.674258947372437,0.1791409564919535,obse,soup_scene3,70,old
2575,11.678688049316406,0.1623651157420487,obse,soup_scene3,70,old
2576,11.683251142501831,0.16250493630320142,obse,soup_scene3,70,old
2577,11.687626838684082,0.16102016204299988,obse,soup_scene3,70,old
2578,11.69207239151001,0.16084561146115914,obse,soup_scene3,70,old
2579,11.696371793746948,0.16084561146115914,obse,soup_scene3,70,old
2580,11.700881958007812,0.16114349829571822,obse,soup_scene3,70,old
2581,11.705113887786865,0.16114349829571822,obse,soup_scene3,70,old
2582,11.709690809249878,0.16099330711860754,obse,soup_scene3,70,old
2583,11.713919878005981,0.16099330711860754,obse,soup_scene3,70,old
2584,11.71846342086792,0.160999196028009,obse,soup_scene3,70,old
2585,11.722606658935547,0.160999196028009,obse,soup_scene3,70,old
2586,11.72720456123352,0.16110083130678465,obse,soup_scene3,70,old
2587,11.731582403182983,0.16110083130678465,obse,soup_scene3,70,old
2588,11.735785722732544,0.16110083130678465,obse,soup_scene3,70,old
2589,11.74055027961731,0.1612165920236236,obse,soup_scene3,70,old
2590,11.745089769363403,0.20389021048741152,obse,soup_scene3,70,old
2591,11.74999451637268,0.2104439023584738,obse,soup_scene3,70,old
2592,11.754382848739624,0.2104439023584738,obse,soup_scene3,70,old
2593,11.758819580078125,0.2104439023584738,obse,soup_scene3,70,old
2594,11.763427257537842,0.2104900949862687,obse,soup_scene3,70,old
2595,11.768517971038818,0.2104900949862687,obse,soup_scene3,70,old
2596,11.77278733253479,0.2104900949862687,obse,soup_scene3,70,old
2597,11.777440309524536,0.2103560162073081,obse,soup_scene3,70,old
2598,11.781739950180054,0.2103560162073081,obse,soup_scene3,70,old
2599,11.786481618881226,0.2107572059851611,obse,soup_scene3,70,old
2600,11.790893793106079,0.2107572059851611,obse,soup_scene3,70,old
2601,11.79621434211731,0.2103330598938993,obse,soup_scene3,70,old
2602,11.800494194030762,0.2103330598938993,obse,soup_scene3,70,old
2603,11.80489706993103,0.21029231514541208,obse,soup_scene3,70,old
2604,11.80913496017456,0.21029231514541208,obse,soup_scene3,70,old
2605,11.81378698348999,0.1793840574852801,obse,soup_scene3,70,old
2606,11.819046974182129,0.17933538121434592,obse,soup_scene3,70,old
2607,11.823360681533813,0.17933538121434592,obse,soup_scene3,70,old
2608,11.828004360198975,0.17602624050996665,obse,soup_scene3,70,old
2609,11.832500219345093,0.17608094058665916,obse,soup_scene3,70,old
2610,11.836755514144897,0.17608094058665916,obse,soup_scene3,70,old
2611,11.841408729553223,0.17615657202675708,obse,soup_scene3,70,old
2612,11.845917224884033,0.17615657202675708,obse,soup_scene3,70,old
2613,11.85122036933899,0.17615657202675708,obse,soup_scene3,70,old
2614,11.856354475021362,0.17655018835979375,obse,soup_scene3,70,old
2615,11.860880374908447,0.17619220128318447,obse,soup_scene3,70,old
2616,11.865512132644653,0.17627328032838235,obse,soup_scene3,70,old
2617,11.870580196380615,0.1761858630558861,obse,soup_scene3,70,old
2618,11.875085353851318,0.19944995945948166,obse,soup_scene3,70,old
2619,11.879800796508789,0.20022234960222907,obse,soup_scene3,70,old
2620,11.884497880935669,0.19956249702609496,obse,soup_scene3,70,old
2621,11.889129400253296,0.19998906719147339,obse,soup_scene3,70,old
2622,11.893821001052856,0.1998920199040594,obse,soup_scene3,70,old
2623,11.898626565933228,0.2000907435510341,obse,soup_scene3,70,old
2624,11.903455972671509,0.20016155728228796,obse,soup_scene3,70,old
2625,11.908243894577026,0.20047613541856416,obse,soup_scene3,70,old
2626,11.912811756134033,0.20005091841618589,obse,soup_scene3,70,old
2627,11.917631149291992,0.19984846600464196,obse,soup_scene3,70,old
2628,11.92207384109497,0.1999167227162751,obse,soup_scene3,70,old
2629,11.926554679870605,0.19959629166084514,obse,soup_scene3,70,old
2630,11.930920600891113,0.19946586867295601,obse,soup_scene3,70,old
2631,11.935262680053711,0.19988430890841266,obse,soup_scene3,70,old
2632,11.939574003219604,0.17105524088440283,obse,soup_scene3,70,old
2633,11.944042682647705,0.16798271739970227,obse,soup_scene3,70,old
2634,11.948312997817993,0.1679434780551507,obse,soup_scene3,70,old
2635,11.952994108200073,0.16782890755356447,obse,soup_scene3,70,old
2636,11.957416772842407,0.167384492095706,obse,soup_scene3,70,old
2637,11.961781978607178,0.167384492095706,obse,soup_scene3,70,old
2638,11.966291904449463,0.1672722440418192,obse,soup_scene3,70,old
2639,11.970530986785889,0.1672722440418192,obse,soup_scene3,70,old
2640,11.974905967712402,0.1663395971261371,obse,soup_scene3,70,old
2641,11.979182958602905,0.1663395971261371,obse,soup_scene3,70,old
2642,11.983726501464844,0.16624096199074984,obse,soup_scene3,70,old
2643,11.98797869682312,0.16624096199074984,obse,soup_scene3,70,old
2644,11.992424726486206,0.16620907953426337,obse,soup_scene3,70,old
2645,11.99677038192749,0.16620907953426337,obse,soup_scene3,70,old
2646,12.001161813735962,0.16535701142439743,obse,soup_scene3,70,old
2647,12.005397081375122,0.20349010383114186,obse,soup_scene3,70,old
2648,12.010027885437012,0.20729996200763853,obse,soup_scene3,70,old
2649,12.014143228530884,0.20729996200763853,obse,soup_scene3,70,old
2650,12.01884913444519,0.20712052096142888,obse,soup_scene3,70,old
2651,12.023059844970703,0.20702390970547307,obse,soup_scene3,70,old
2652,12.027541637420654,0.20749855529606176,obse,soup_scene3,70,old
2653,12.031882047653198,0.2073301359616146,obse,soup_scene3,70,old
2654,12.036309719085693,0.20732353394892306,obse,soup_scene3,70,old
2655,12.040598154067993,0.2075798206513814,obse,soup_scene3,70,old
2656,12.044913053512573,0.2075798206513814,obse,soup_scene3,70,old
2657,12.049374341964722,0.20742979932351485,obse,soup_scene3,70,old
2658,12.053616046905518,0.20742979932351485,obse,soup_scene3,70,old
2659,12.059524774551392,0.20711233133275042,obse,soup_scene3,70,old
2660,12.06522274017334,0.20729296789594773,obse,soup_scene3,70,old
2661,12.06996488571167,0.20878657212423937,obse,soup_scene3,70,old
2662,12.074649095535278,0.18452497928715936,obse,soup_scene3,70,old
2663,12.07892370223999,0.1818256873162076,obse,soup_scene3,70,old
2664,12.083513498306274,0.17973411630742905,obse,soup_scene3,70,old
2665,12.088173866271973,0.17973411630742905,obse,soup_scene3,70,old
2666,12.092856645584106,0.179162750902216,obse,soup_scene3,70,old
2667,12.097067594528198,0.179162750902216,obse,soup_scene3,70,old
2668,12.101867914199829,0.17840617274436563,obse,soup_scene3,70,old
2669,12.106515884399414,0.17733343013653668,obse,soup_scene3,70,old
2670,12.111130475997925,0.17733343013653668,obse,soup_scene3,70,old
2671,12.115546464920044,0.17733343013653668,obse,soup_scene3,70,old
2672,12.12012529373169,0.17713786422126224,obse,soup_scene3,70,old
2673,12.124587297439575,0.17696605024201273,obse,soup_scene3,70,old
2674,12.129014015197754,0.17696605024201273,obse,soup_scene3,70,old
2675,12.133658170700073,0.17614349333541232,obse,soup_scene3,70,old
2676,12.1380774974823,0.17614349333541232,obse,soup_scene3,70,old
2677,12.142659425735474,0.20973909594767348,obse,soup_scene3,70,old
2678,12.14700174331665,0.21409146901820786,obse,soup_scene3,70,old
2679,12.151572465896606,0.21527605510357448,obse,soup_scene3,70,old
2680,12.155922651290894,0.21546092708774636,obse,soup_scene3,70,old
2681,12.16030740737915,0.2131705265411036,obse,soup_scene3,70,old
2682,12.164565801620483,0.2129791108496425,obse,soup_scene3,70,old
2683,12.168988943099976,0.21069098882539902,obse,soup_scene3,70,old
2684,12.173298120498657,0.21087575296135805,obse,soup_scene3,70,old
2685,12.17775559425354,0.20940745138937186,obse,soup_scene3,70,old
2686,12.182247638702393,0.20978101522561116,obse,soup_scene3,70,old
2687,12.18663763999939,0.20978101522561116,obse,soup_scene3,70,old
2688,12.190935611724854,0.2104137162007078,obse,soup_scene3,70,old
2689,12.195252656936646,0.2104137162007078,obse,soup_scene3,70,old
2690,12.199768304824829,0.2104521166318865,obse,soup_scene3,70,old
2691,12.204060077667236,0.2104521166318865,obse,soup_scene3,70,old
2692,12.208526849746704,0.26824117827515026,obse,soup_scene3,70,old
2693,12.212812185287476,0.27699965141198607,obse,soup_scene3,70,old
2694,12.21761417388916,0.2762744817361319,obse,soup_scene3,70,old
2695,12.222306728363037,0.2762744817361319,obse,soup_scene3,70,old
2696,12.226869821548462,0.27583187436658324,obse,soup_scene3,70,old
2697,12.231155157089233,0.27583187436658324,obse,soup_scene3,70,old
2698,12.235677719116211,0.27591396594319134,obse,soup_scene3,70,old
2699,12.239940166473389,0.27591396594319134,obse,soup_scene3,70,old
2700,12.244446754455566,0.27516661718021795,obse,soup_scene3,70,old
2701,12.248931169509888,0.2750490881355582,obse,soup_scene3,70,old
2702,12.253291606903076,0.2750490881355582,obse,soup_scene3,70,old
2703,12.257704734802246,0.2757853000517715,obse,soup_scene3,70,old
2704,12.262155294418335,0.2757853000517715,obse,soup_scene3,70,old
2705,12.266648054122925,0.2738305008460738,obse,soup_scene3,70,old
2706,12.27099895477295,0.2738305008460738,obse,soup_scene3,70,old
2707,12.275575399398804,0.12003357041772388,obse,soup_scene3,70,old
2708,12.279897928237915,0.10559213788122467,obse,soup_scene3,70,old
2709,12.284603118896484,0.10397182811753607,obse,soup_scene3,70,old
2710,12.288929224014282,0.10397182811753607,obse,soup_scene3,70,old
2711,12.293500185012817,0.10373561243377898,obse,soup_scene3,70,old
2712,12.29777455329895,0.10373561243377898,obse,soup_scene3,70,old
2713,12.302273035049438,0.10310292745565318,obse,soup_scene3,70,old
2714,12.3066987991333,0.10257678664541293,obse,soup_scene3,70,old
2715,12.311173915863037,0.10257678664541293,obse,soup_scene3,70,old
2716,12.315590858459473,0.10216640120088097,obse,soup_scene3,70,old
2717,12.32004714012146,0.10216640120088097,obse,soup_scene3,70,old
2718,12.324414730072021,0.10206554545926182,obse,soup_scene3,70,old
2719,12.328810214996338,0.10206554545926182,obse,soup_scene3,70,old
2720,12.333299398422241,0.1020379586879912,obse,soup_scene3,70,old
2721,12.337663412094116,0.1020379586879912,obse,soup_scene3,70,old
2722,12.342332124710083,0.1017840926488711,obse,soup_scene3,70,old
2723,12.346731662750244,0.2748840412239046,obse,soup_scene3,70,old
2724,12.35154676437378,0.29025398612140635,obse,soup_scene3,70,old
2725,12.356065511703491,0.2900777316717135,obse,soup_scene3,70,old
2726,12.360644340515137,0.29062992896747897,obse,soup_scene3,70,old
2727,12.364930152893066,0.29094744112179827,obse,soup_scene3,70,old
2728,12.36935544013977,0.29136210342828145,obse,soup_scene3,70,old
2729,12.373769521713257,0.2911390369398103,obse,soup_scene3,70,old
2730,12.378167629241943,0.2911390369398103,obse,soup_scene3,70,old
2731,12.382725715637207,0.291746589758001,obse,soup_scene3,70,old
2732,12.3871488571167,0.291746589758001,obse,soup_scene3,70,old
2733,12.391749143600464,0.29077091454701043,obse,soup_scene3,70,old
2734,12.396018743515015,0.29077091454701043,obse,soup_scene3,70,old
2735,12.400614738464355,0.2922750059938525,obse,soup_scene3,70,old
2736,12.404885530471802,0.2922750059938525,obse,soup_scene3,70,old
2737,12.409505844116211,0.29260295003025716,obse,soup_scene3,70,old
2738,12.413933038711548,0.37193165343700735,obse,soup_scene3,70,old
2739,12.418713569641113,0.3782998640516982,obse,soup_scene3,70,old
2740,12.423133850097656,0.3782998640516982,obse,soup_scene3,70,old
2741,12.427790403366089,0.3780415835427353,obse,soup_scene3,70,old
2742,12.43227219581604,0.37780408475919663,obse,soup_scene3,70,old
2743,12.436655521392822,0.37780408475919663,obse,soup_scene3,70,old
2744,12.441329956054688,0.37731675448612517,obse,soup_scene3,70,old
2745,12.445675611495972,0.37731675448612517,obse,soup_scene3,70,old
2746,12.451399087905884,0.37721920884594506,obse,soup_scene3,70,old
2747,12.45553207397461,0.3770661427585156,obse,soup_scene3,70,old
2748,12.460166692733765,0.37813632974608663,obse,soup_scene3,70,old
2749,12.464488744735718,0.37835713906389146,obse,soup_scene3,70,old
2750,12.468993186950684,0.379754123181212,obse,soup_scene3,70,old
2751,12.47356367111206,0.29794453802693666,obse,soup_scene3,70,old
2752,12.47816514968872,0.28568831135755174,obse,soup_scene3,70,old
2753,12.483909606933594,0.2852962657632597,obse,soup_scene3,70,old
2754,12.488246440887451,0.2852962657632597,obse,soup_scene3,70,old
2755,12.492867231369019,0.2840495912390025,obse,soup_scene3,70,old
2756,12.497089862823486,0.2840473860007119,obse,soup_scene3,70,old
2757,12.501666069030762,0.2843578309025084,obse,soup_scene3,70,old
2758,12.50582480430603,0.2843578309025084,obse,soup_scene3,70,old
2759,12.510546207427979,0.2844128908246991,obse,soup_scene3,70,old
2760,12.515273094177246,0.28503359828575736,obse,soup_scene3,70,old
2761,12.520118474960327,0.28503359828575736,obse,soup_scene3,70,old
2762,12.524399042129517,0.28503359828575736,obse,soup_scene3,70,old
2763,12.528858184814453,0.2858397024908933,obse,soup_scene3,70,old
2764,12.53311800956726,0.2858397024908933,obse,soup_scene3,70,old
2765,12.537513494491577,0.287328937110532,obse,soup_scene3,70,old
2766,12.541933536529541,0.287328937110532,obse,soup_scene3,70,old
2767,12.546305894851685,0.12924189804291714,obse,soup_scene3,70,old
2768,12.550869464874268,0.11359231242468838,obse,soup_scene3,70,old
2769,12.555165529251099,0.11359094702204035,obse,soup_scene3,70,old
2770,12.559545040130615,0.11272537459440189,obse,soup_scene3,70,old
2771,12.563804388046265,0.11272537459440189,obse,soup_scene3,70,old
2772,12.568371295928955,0.11234508836351223,obse,soup_scene3,70,old
2773,12.572556495666504,0.11234508836351223,obse,soup_scene3,70,old
2774,12.57701301574707,0.11227830193845058,obse,soup_scene3,70,old
2775,12.581494569778442,0.11227830193845058,obse,soup_scene3,70,old
2776,12.585829973220825,0.11169492027422231,obse,soup_scene3,70,old
2777,12.590428590774536,0.11267444009796707,obse,soup_scene3,70,old
2778,12.594692945480347,0.11267444009796707,obse,soup_scene3,70,old
2779,12.599170446395874,0.11428818235211419,obse,soup_scene3,70,old
2780,12.603632926940918,0.11428818235211419,obse,soup_scene3,70,old
2781,12.608075141906738,0.14801480995823046,obse,soup_scene3,70,old
2782,12.612815141677856,0.15362252821914127,obse,soup_scene3,70,old
2783,12.617436647415161,0.153803144437932,obse,soup_scene3,70,old
2784,12.621635913848877,0.15389927956357144,obse,soup_scene3,70,old
2785,12.625981330871582,0.15397209598930509,obse,soup_scene3,70,old
2786,12.63014531135559,0.15397209598930509,obse,soup_scene3,70,old
2787,12.634385585784912,0.15397209598930509,obse,soup_scene3,70,old
2788,12.639102220535278,0.15397209598930509,obse,soup_scene3,70,old
2789,12.64349102973938,0.15215538757551184,obse,soup_scene3,70,old
2790,12.647710084915161,0.15200474552401705,obse,soup_scene3,70,old
2791,12.652729034423828,0.15153423731629856,obse,soup_scene3,70,old
2792,12.657581090927124,0.15201122355545207,obse,soup_scene3,70,old
2793,12.662623167037964,0.1515384479630938,obse,soup_scene3,70,old
2794,12.66714358329773,0.15153108784851602,obse,soup_scene3,70,old
2795,12.671868324279785,0.1530864447904248,obse,soup_scene3,70,old
2796,12.676892042160034,0.154635841910232,obse,soup_scene3,70,old
2797,12.681743383407593,0.2659939074786654,obse,soup_scene3,70,old
2798,12.686450958251953,0.27367725735443965,obse,soup_scene3,70,old
2799,12.691104173660278,0.2734758650844702,obse,soup_scene3,70,old
2800,12.695345640182495,0.2734758650844702,obse,soup_scene3,70,old
2801,12.700291633605957,0.2732487766479855,obse,soup_scene3,70,old
2802,12.70531177520752,0.2736966687550962,obse,soup_scene3,70,old
2803,12.71038031578064,0.2738848157137356,obse,soup_scene3,70,old
2804,12.715481519699097,0.27585350338388814,obse,soup_scene3,70,old
2805,12.720483779907227,0.27585350338388814,obse,soup_scene3,70,old
2806,12.725663900375366,0.2751723931441111,obse,soup_scene3,70,old
2807,12.730662107467651,0.2751723931441111,obse,soup_scene3,70,old
2808,12.735777616500854,0.2753493568760396,obse,soup_scene3,70,old
2809,12.740714073181152,0.27617883724782477,obse,soup_scene3,70,old
2810,12.745763540267944,0.27617883724782477,obse,soup_scene3,70,old
2811,12.75083041191101,0.274993941166136,obse,soup_scene3,70,old
2812,12.755674123764038,0.274993941166136,obse,soup_scene3,70,old
2813,12.760836124420166,0.15894898158934276,obse,soup_scene3,70,old
2814,12.76589560508728,0.15897596485413645,obse,soup_scene3,70,old
2815,12.770898580551147,0.15443314984735515,obse,soup_scene3,70,old
2816,12.776021718978882,0.1543010771386112,obse,soup_scene3,70,old
2817,12.780990362167358,0.15351279866207124,obse,soup_scene3,70,old
2818,12.786126136779785,0.15444835224889278,obse,soup_scene3,70,old
2819,12.791154861450195,0.1552998492275197,obse,soup_scene3,70,old
2820,12.795972347259521,0.1552998492275197,obse,soup_scene3,70,old
2821,12.801076412200928,0.15527038312463393,obse,soup_scene3,70,old
2822,12.806174755096436,0.15527038312463393,obse,soup_scene3,70,old
2823,12.811733961105347,0.1649374957110799,obse,soup_scene3,70,old
2824,12.816233158111572,0.16513348676298878,obse,soup_scene3,70,old
2825,12.820555925369263,0.16678798048398394,obse,soup_scene3,70,old
2826,12.82516884803772,0.1664265144550963,obse,soup_scene3,70,old
2827,12.829726457595825,0.1664265144550963,obse,soup_scene3,70,old
2828,12.834649562835693,0.1655975143196615,obse,soup_scene3,70,old
2829,12.838786602020264,0.1655975143196615,obse,soup_scene3,70,old
2830,12.843318223953247,0.16712700773116362,obse,soup_scene3,70,old
2831,12.84766674041748,0.16712700773116362,obse,soup_scene3,70,old
2832,12.85220718383789,0.16699260673264063,obse,soup_scene3,70,old
2833,12.856422662734985,0.1673076441597259,obse,soup_scene3,70,old
2834,12.86073923110962,0.1673076441597259,obse,soup_scene3,70,old
2835,12.86503005027771,0.16725958645993674,obse,soup_scene3,70,old
2836,12.869444847106934,0.1669587529530243,obse,soup_scene3,70,old
2837,12.873768091201782,0.13743572306519874,obse,soup_scene3,70,old
2838,12.878260612487793,0.13201180584642938,obse,soup_scene3,70,old
2839,12.882870435714722,0.1314694594508982,obse,soup_scene3,70,old
2840,12.887158155441284,0.1314694594508982,obse,soup_scene3,70,old
2841,12.891557931900024,0.13279825137698312,obse,soup_scene3,70,old
2842,12.895852327346802,0.13279825137698312,obse,soup_scene3,70,old
2843,12.900362730026245,0.1318287382464783,obse,soup_scene3,70,old
2844,12.904584407806396,0.1318287382464783,obse,soup_scene3,70,old
2845,12.90894889831543,0.13292419434061653,obse,soup_scene3,70,old
2846,12.913320779800415,0.13292419434061653,obse,soup_scene3,70,old
2847,12.917922019958496,0.13251300365533242,obse,soup_scene3,70,old
2848,12.92225694656372,0.13251300365533242,obse,soup_scene3,70,old
2849,12.926614761352539,0.13222401164864328,obse,soup_scene3,70,old
2850,12.930943489074707,0.13222401164864328,obse,soup_scene3,70,old
2851,12.935339212417603,0.13226511979817063,obse,soup_scene3,70,old
2852,12.939733505249023,0.13176577519771357,obse,soup_scene3,70,old
2853,12.944191932678223,0.07881001911051219,obse,soup_scene3,70,old
2854,12.948363780975342,0.07881001911051219,obse,soup_scene3,70,old
2855,12.952947616577148,0.08141707498037305,obse,soup_scene3,70,old
2856,12.957200527191162,0.08141707498037305,obse,soup_scene3,70,old
2857,12.961845397949219,0.08099219889024792,obse,soup_scene3,70,old
2858,12.966065406799316,0.08099219889024792,obse,soup_scene3,70,old
2859,12.970570087432861,0.08120535497699102,obse,soup_scene3,70,old
2860,12.97497272491455,0.0820731211474249,obse,soup_scene3,70,old
2861,12.97926115989685,0.08200465193528923,obse,soup_scene3,70,old
2862,12.98389983177185,0.08208304134663914,obse,soup_scene3,70,old
2863,12.988262176513672,0.08171032016383666,obse,soup_scene3,70,old
2864,12.992396116256714,0.08171032016383666,obse,soup_scene3,70,old
2865,12.997227668762207,0.08190933119904312,obse,soup_scene3,70,old
2866,13.001493692398071,0.08226452940527265,obse,soup_scene3,70,old
2867,13.005816459655762,0.08226452940527265,obse,soup_scene3,70,old
2868,13.01001524925232,0.08249713074556812,obse,soup_scene3,70,old
2869,13.014269590377808,0.1196507455073469,obse,soup_scene3,70,old
2870,13.018615007400513,0.13824706719355698,obse,soup_scene3,70,old
2871,13.022925615310669,0.13832690575314055,obse,soup_scene3,70,old
2872,13.02743649482727,0.14846552888593884,obse,soup_scene3,70,old
2873,13.031556844711304,0.14846552888593884,obse,soup_scene3,70,old
2874,13.036060094833374,0.14779707559133934,obse,soup_scene3,70,old
2875,13.040236949920654,0.14779707559133934,obse,soup_scene3,70,old
2876,13.044833898544312,0.14799660170796308,obse,soup_scene3,70,old
2877,13.049421072006226,0.1479003022594659,obse,soup_scene3,70,old
2878,13.053909063339233,0.14899691740834467,obse,soup_scene3,70,old
2879,13.058270692825317,0.14927727636268023,obse,soup_scene3,70,old
2880,13.06274127960205,0.14932344536684614,obse,soup_scene3,70,old
2881,13.06731128692627,0.14914666145348218,obse,soup_scene3,70,old
2882,13.072059631347656,0.1489667243318436,obse,soup_scene3,70,old
2883,13.076718807220459,0.14177760494623615,obse,soup_scene3,70,old
2884,13.081475019454956,0.14117675253311912,obse,soup_scene3,70,old
2885,13.086345434188843,0.14118522227758235,obse,soup_scene3,70,old
2886,13.09124207496643,0.14127217532828693,obse,soup_scene3,70,old
2887,13.095600605010986,0.1410842791464226,obse,soup_scene3,70,old
2888,13.100037813186646,0.14251936276138905,obse,soup_scene3,70,old
2889,13.104415655136108,0.14251936276138905,obse,soup_scene3,70,old
2890,13.108974695205688,0.14313677711914174,obse,soup_scene3,70,old
2891,13.113158702850342,0.14313677711914174,obse,soup_scene3,70,old
2892,13.117934226989746,0.1435999818755721,obse,soup_scene3,70,old
2893,13.122205018997192,0.1435999818755721,obse,soup_scene3,70,old
2894,13.127116441726685,0.14193769731840222,obse,soup_scene3,70,old
2895,13.131387948989868,0.14207361159520376,obse,soup_scene3,70,old
2896,13.135952711105347,0.14179510409715865,obse,soup_scene3,70,old
2897,13.140342473983765,0.14076022799786148,obse,soup_scene3,70,old
2898,13.145114183425903,0.13999482372304975,obse,soup_scene3,70,old
2899,13.150076389312744,0.13972174095766302,obse,soup_scene3,70,old
2900,13.15435266494751,0.1397379874001631,obse,soup_scene3,70,old
2901,13.158857583999634,0.14053407735832435,obse,soup_scene3,70,old
2902,13.163124799728394,0.14053407735832435,obse,soup_scene3,70,old
2903,13.167725086212158,0.14114691785347874,obse,soup_scene3,70,old
2904,13.172001361846924,0.14114691785347874,obse,soup_scene3,70,old
2905,13.176494121551514,0.14171349949758394,obse,soup_scene3,70,old
2906,13.180997371673584,0.14264580840785873,obse,soup_scene3,70,old
2907,13.185550928115845,0.14264580840785873,obse,soup_scene3,70,old
2908,13.189982891082764,0.1427383536163644,obse,soup_scene3,70,old
2909,13.195523500442505,0.14179959613205903,obse,soup_scene3,70,old
2910,13.19995903968811,0.1409194566014712,obse,soup_scene3,70,old
2911,13.205061674118042,0.1409194566014712,obse,soup_scene3,70,old
2912,13.210763931274414,0.11248294635112481,obse,soup_scene3,70,old
2913,13.215363025665283,0.11247147993454602,obse,soup_scene3,70,old
2914,13.219871997833252,0.11266275033768426,obse,soup_scene3,70,old
2915,13.224364757537842,0.11337512367274952,obse,soup_scene3,70,old
2916,13.228703022003174,0.11337512367274952,obse,soup_scene3,70,old
2917,13.233316659927368,0.11315764415045058,obse,soup_scene3,70,old
2918,13.237846851348877,0.11309113164214031,obse,soup_scene3,70,old
2919,13.242535591125488,0.11334665118830306,obse,soup_scene3,70,old
2920,13.246907472610474,0.11334665118830306,obse,soup_scene3,70,old
2921,13.251501560211182,0.11325417900555465,obse,soup_scene3,70,old
2922,13.255890130996704,0.11346905509599174,obse,soup_scene3,70,old
2923,13.260588884353638,0.11276379761259685,obse,soup_scene3,70,old
2924,13.265002012252808,0.11239267716820726,obse,soup_scene3,70,old
2925,13.270183563232422,0.11239267716820726,obse,soup_scene3,70,old
2926,13.275478839874268,0.11255840960788076,obse,soup_scene3,70,old
2927,13.279787540435791,0.11255840960788076,obse,soup_scene3,70,old
2928,13.284427881240845,0.1125655311093214,obse,soup_scene3,70,old
2929,13.288753986358643,0.09335104036846713,obse,soup_scene3,70,old
2930,13.293551206588745,0.09430975136671953,obse,soup_scene3,70,old
2931,13.297851800918579,0.09430041564840193,obse,soup_scene3,70,old
2932,13.303157329559326,0.09317302571699328,obse,soup_scene3,70,old
2933,13.309873104095459,0.09393584326267082,obse,soup_scene3,70,old
2934,13.316596508026123,0.09350135624411522,obse,soup_scene3,70,old
2935,13.322256088256836,0.09350135624411522,obse,soup_scene3,70,old
2936,13.326668739318848,0.09196857074488239,obse,soup_scene3,70,old
2937,13.33082890510559,0.09196857074488239,obse,soup_scene3,70,old
2938,13.33702301979065,0.09179382198359858,obse,soup_scene3,70,old
2939,13.343341827392578,0.08613706142830783,obse,soup_scene3,70,old
2940,13.347901582717896,0.08695437205833963,obse,soup_scene3,70,old
2941,13.352368116378784,0.08667349889954244,obse,soup_scene3,70,old
2942,13.356699466705322,0.08659216834949754,obse,soup_scene3,70,old
2943,13.361110210418701,0.08741842644054915,obse,soup_scene3,70,old
2944,13.365436553955078,0.08777168689917804,obse,soup_scene3,70,old
2945,13.369940042495728,0.08763933589719888,obse,soup_scene3,70,old
2946,13.374497413635254,0.08560829748202689,obse,soup_scene3,70,old
2947,13.378775596618652,0.08560829748202689,obse,soup_scene3,70,old
2948,13.383427858352661,0.08553437383613081,obse,soup_scene3,70,old
2949,13.387670993804932,0.08553437383613081,obse,soup_scene3,70,old
2950,13.392176628112793,0.08512764924959254,obse,soup_scene3,70,old
2951,13.396509647369385,0.08512764924959254,obse,soup_scene3,70,old
2952,13.401008605957031,0.08644246253883461,obse,soup_scene3,70,old
2953,13.405432224273682,0.08644246253883461,obse,soup_scene3,70,old
2954,13.410115718841553,0.11710653643243574,obse,soup_scene3,70,old
2955,13.414369583129883,0.11710653643243574,obse,soup_scene3,70,old
2956,13.41935682296753,0.12050302703880794,obse,soup_scene3,70,old
2957,13.42389988899231,0.1197695739708203,obse,soup_scene3,70,old
2958,13.4285728931427,0.1197695739708203,obse,soup_scene3,70,old
2959,13.432944059371948,0.1194078556059291,obse,soup_scene3,70,old
2960,13.437309980392456,0.1194078556059291,obse,soup_scene3,70,old
2961,13.44184923171997,0.11986651369470627,obse,soup_scene3,70,old
2962,13.448262453079224,0.11986651369470627,obse,soup_scene3,70,old
2963,13.453534603118896,0.12011685736110886,obse,soup_scene3,70,old
2964,13.45810604095459,0.1198724862689208,obse,soup_scene3,70,old
2965,13.46239686012268,0.1198724862689208,obse,soup_scene3,70,old
2966,13.467241764068604,0.1203302131047603,obse,soup_scene3,70,old
2967,13.471773624420166,0.1203302131047603,obse,soup_scene3,70,old
2968,13.476284265518188,0.12046925734587025,obse,soup_scene3,70,old
2969,13.480894565582275,0.1279741439442489,obse,soup_scene3,70,old
2970,13.485668420791626,0.12875336273792765,obse,soup_scene3,70,old
2971,13.489948987960815,0.12874636590184374,obse,soup_scene3,70,old
2972,13.494480609893799,0.12864309176200603,obse,soup_scene3,70,old
2973,13.499312400817871,0.12785589598151628,obse,soup_scene3,70,old
2974,13.503992557525635,0.12785589598151628,obse,soup_scene3,70,old
2975,13.508495330810547,0.12741907408814668,obse,soup_scene3,70,old
2976,13.512968301773071,0.12741907408814668,obse,soup_scene3,70,old
2977,13.517822265625,0.12643329083269614,obse,soup_scene3,70,old
2978,13.522247076034546,0.1230894941944218,obse,soup_scene3,70,old
2979,13.52663254737854,0.1230796079221573,obse,soup_scene3,70,old
2980,13.53095555305481,0.1251376536219918,obse,soup_scene3,70,old
2981,13.535553455352783,0.1251376536219918,obse,soup_scene3,70,old
2982,13.539885997772217,0.12545580537342887,obse,soup_scene3,70,old
2983,13.54436182975769,0.12545580537342887,obse,soup_scene3,70,old
2984,13.548983335494995,0.09320881807631529,obse,soup_scene3,70,old
2985,13.553336381912231,0.09258196059715205,obse,soup_scene3,70,old
2986,13.557615518569946,0.09317113114897504,obse,soup_scene3,70,old
2987,13.562049388885498,0.09317113114897504,obse,soup_scene3,70,old
2988,13.566720008850098,0.09399892961739478,obse,soup_scene3,70,old
2989,13.57090950012207,0.09399892961739478,obse,soup_scene3,70,old
2990,13.575377225875854,0.09347880667990566,obse,soup_scene3,70,old
2991,13.579560995101929,0.09347880667990566,obse,soup_scene3,70,old
2992,13.584268808364868,0.09286061502796703,obse,soup_scene3,70,old
2993,13.588524580001831,0.09286061502796703,obse,soup_scene3,70,old
2994,13.593174457550049,0.0935310418750784,obse,soup_scene3,70,old
2995,13.597360849380493,0.0935310418750784,obse,soup_scene3,70,old
2996,13.601935386657715,0.0942513592349272,obse,soup_scene3,70,old
2997,13.60632872581482,0.09452321182770548,obse,soup_scene3,70,old
2998,13.61096477508545,0.0982593127110793,obse,soup_scene3,70,old
2999,13.615583419799805,0.09809360820165391,obse,soup_scene3,70,old
3000,13.62007474899292,0.0982800689540518,obse,soup_scene3,70,old
3001,13.624610662460327,0.09816613206614835,obse,soup_scene3,70,old
3002,13.628981590270996,0.09816613206614835,obse,soup_scene3,70,old
3003,13.633500337600708,0.09823893747184373,obse,soup_scene3,70,old
3004,13.638077735900879,0.09823893747184373,obse,soup_scene3,70,old
3005,13.642435550689697,0.09800321979118416,obse,soup_scene3,70,old
3006,13.646727561950684,0.09800321979118416,obse,soup_scene3,70,old
3007,13.651247024536133,0.09853792186449199,obse,soup_scene3,70,old
3008,13.655378341674805,0.09853792186449199,obse,soup_scene3,70,old
3009,13.659993410110474,0.0985390129032339,obse,soup_scene3,70,old
3010,13.66440725326538,0.0985436783686893,obse,soup_scene3,70,old
3011,13.6688392162323,0.0991917320341249,obse,soup_scene3,70,old
3012,13.673090696334839,0.0992725348262345,obse,soup_scene3,70,old
3013,13.677676677703857,0.11650457756395308,obse,soup_scene3,70,old
3014,13.682040929794312,0.11469653878453054,obse,soup_scene3,70,old
3015,13.686472177505493,0.11809765456223517,obse,soup_scene3,70,old
3016,13.69082260131836,0.1173019379080599,obse,soup_scene3,70,old
3017,13.69520616531372,0.1173019379080599,obse,soup_scene3,70,old
3018,13.699603080749512,0.11793875411240132,obse,soup_scene3,70,old
3019,13.704117059707642,0.11793875411240132,obse,soup_scene3,70,old
3020,13.708751201629639,0.1167259076641186,obse,soup_scene3,70,old
3021,13.71303391456604,0.1167259076641186,obse,soup_scene3,70,old
3022,13.717851400375366,0.11928388708289651,obse,soup_scene3,70,old
3023,13.722116708755493,0.11928388708289651,obse,soup_scene3,70,old
3024,13.726695537567139,0.11928388708289651,obse,soup_scene3,70,old
3025,13.731243371963501,0.11947439924011305,obse,soup_scene3,70,old
3026,13.735885620117188,0.11947439924011305,obse,soup_scene3,70,old
3027,13.7406165599823,0.08671836757618749,obse,soup_scene3,70,old
3028,13.745367765426636,0.08577844064491465,obse,soup_scene3,70,old
3029,13.750110626220703,0.082006788740591,obse,soup_scene3,70,old
3030,13.75459599494934,0.08179222820834037,obse,soup_scene3,70,old
3031,13.758807897567749,0.08153984185877886,obse,soup_scene3,70,old
3032,13.763147830963135,0.08143770394373766,obse,soup_scene3,70,old
3033,13.767690658569336,0.08245383410979286,obse,soup_scene3,70,old
3034,13.7721426486969,0.08245383410979286,obse,soup_scene3,70,old
3035,13.776727199554443,0.08212585682360542,obse,soup_scene3,70,old
3036,13.78101134300232,0.08212585682360542,obse,soup_scene3,70,old
3037,13.785983085632324,0.08076792225597625,obse,soup_scene3,70,old
3038,13.790440559387207,0.08076792225597625,obse,soup_scene3,70,old
3039,13.794991970062256,0.08051667192866442,obse,soup_scene3,70,old
3040,13.799657583236694,0.08051667192866442,obse,soup_scene3,70,old
3041,13.803898572921753,0.08051667192866442,obse,soup_scene3,70,old
3042,13.80825400352478,0.08137408710744568,obse,soup_scene3,70,old
3043,13.812528848648071,0.10045611068808953,obse,soup_scene3,70,old
3044,13.817094802856445,0.10045611068808953,obse,soup_scene3,70,old
3045,13.821502923965454,0.10101492815747751,obse,soup_scene3,70,old
3046,13.82598876953125,0.10673289707681959,obse,soup_scene3,70,old
3047,13.830265045166016,0.10676867010248746,obse,soup_scene3,70,old
3048,13.834467649459839,0.10619771489759006,obse,soup_scene3,70,old
3049,13.838953733444214,0.10625465602553051,obse,soup_scene3,70,old
3050,13.843533515930176,0.10635425279332737,obse,soup_scene3,70,old
3051,13.848264694213867,0.10660120217540725,obse,soup_scene3,70,old
3052,13.85275912284851,0.10660120217540725,obse,soup_scene3,70,old
3053,13.856949806213379,0.10660120217540725,obse,soup_scene3,70,old
3054,13.861576080322266,0.10615122265640889,obse,soup_scene3,70,old
3055,13.866203308105469,0.10567061978508527,obse,soup_scene3,70,old
3056,13.870842933654785,0.10556583268234247,obse,soup_scene3,70,old
3057,13.875718116760254,0.09719878635291519,obse,soup_scene3,70,old
3058,13.880562543869019,0.09706031824374604,obse,soup_scene3,70,old
3059,13.885229110717773,0.09727988308161878,obse,soup_scene3,70,old
3060,13.890128135681152,0.09692045682210101,obse,soup_scene3,70,old
3061,13.895057678222656,0.09710366306824518,obse,soup_scene3,70,old
3062,13.89973521232605,0.09732174741155054,obse,soup_scene3,70,old
3063,13.904357671737671,0.09642194042925276,obse,soup_scene3,70,old
3064,13.909046173095703,0.09628283434474419,obse,soup_scene3,70,old
3065,13.91349458694458,0.09628283434474419,obse,soup_scene3,70,old
3066,13.91830563545227,0.09693653657176658,obse,soup_scene3,70,old
3067,13.92256784439087,0.09696352853967752,obse,soup_scene3,70,old
3068,13.927198886871338,0.09675467486121506,obse,soup_scene3,70,old
3069,13.931486368179321,0.09661103808110658,obse,soup_scene3,70,old
3070,13.936102390289307,0.09661103808110658,obse,soup_scene3,70,old
3071,13.940521478652954,0.09665764118170568,obse,soup_scene3,70,old
3072,13.945270776748657,0.10542013602667874,obse,soup_scene3,70,old
3073,13.94982647895813,0.1063041524003009,obse,soup_scene3,70,old
3074,13.954535484313965,0.10780292292635599,obse,soup_scene3,70,old
3075,13.958970308303833,0.106590879889409,obse,soup_scene3,70,old
3076,13.963111400604248,0.106590879889409,obse,soup_scene3,70,old
3077,13.967517614364624,0.10616413162025612,obse,soup_scene3,70,old
3078,13.97173810005188,0.10616413162025612,obse,soup_scene3,70,old
3079,13.976200103759766,0.10733968394455398,obse,soup_scene3,70,old
3080,13.980574131011963,0.10730194216618855,obse,soup_scene3,70,old
3081,13.985068559646606,0.10668374572858734,obse,soup_scene3,70,old
3082,13.989268779754639,0.106507862898411,obse,soup_scene3,70,old
3083,13.993712902069092,0.10650879986038522,obse,soup_scene3,70,old
3084,13.997897624969482,0.10650879986038522,obse,soup_scene3,70,old
3085,14.002507209777832,0.10657786141521554,obse,soup_scene3,70,old
3086,14.006950855255127,0.1067059201520771,obse,soup_scene3,70,old
3087,14.011331558227539,0.1067059201520771,obse,soup_scene3,70,old
3088,14.015961170196533,0.10754284538802805,obse,soup_scene3,70,old
3089,14.020524978637695,0.11698170192155898,obse,soup_scene3,70,old
3090,14.024903535842896,0.11593755120037624,obse,soup_scene3,70,old
3091,14.02920937538147,0.11780082026194602,obse,soup_scene3,70,old
3092,14.033549547195435,0.1166053668598483,obse,soup_scene3,70,old
3093,14.037816047668457,0.1166053668598483,obse,soup_scene3,70,old
3094,14.042300939559937,0.11688097205376642,obse,soup_scene3,70,old
3095,14.046464443206787,0.11688097205376642,obse,soup_scene3,70,old
3096,14.051062822341919,0.11612433203414443,obse,soup_scene3,70,old
3097,14.055275440216064,0.11612433203414443,obse,soup_scene3,70,old
3098,14.059828042984009,0.1160314601367107,obse,soup_scene3,70,old
3099,14.064070701599121,0.11600848339797838,obse,soup_scene3,70,old
3100,14.068888425827026,0.11631732040138715,obse,soup_scene3,70,old
3101,14.07328486442566,0.1166054924110378,obse,soup_scene3,70,old
3102,14.077747344970703,0.1166054924110378,obse,soup_scene3,70,old
3103,14.082254648208618,0.15132634781792678,obse,soup_scene3,70,old
3104,14.086910724639893,0.15637579995743853,obse,soup_scene3,70,old
3105,14.091371297836304,0.1559013417776928,obse,soup_scene3,70,old
3106,14.095702886581421,0.1559013417776928,obse,soup_scene3,70,old
3107,14.100149393081665,0.15886281513496117,obse,soup_scene3,70,old
3108,14.104736566543579,0.15886281513496117,obse,soup_scene3,70,old
3109,14.109523296356201,0.15774376858075587,obse,soup_scene3,70,old
3110,14.114417552947998,0.15769742093270103,obse,soup_scene3,70,old
3111,14.119105577468872,0.15626964789412773,obse,soup_scene3,70,old
3112,14.123371362686157,0.15593419663116154,obse,soup_scene3,70,old
3113,14.12739872932434,0.15593419663116154,obse,soup_scene3,70,old
3114,14.131967544555664,0.15602065734388748,obse,soup_scene3,70,old
3115,14.136002779006958,0.15602065734388748,obse,soup_scene3,70,old
3116,14.14076852798462,0.15649658731336938,obse,soup_scene3,70,old
3117,14.14523458480835,0.15649658731336938,obse,soup_scene3,70,old
3118,14.150256633758545,0.15661995612504773,obse,soup_scene3,70,old
3119,14.155133724212646,0.0856049406505413,obse,soup_scene3,70,old
3120,14.160232305526733,0.08653439871028996,obse,soup_scene3,70,old
3121,14.164983987808228,0.08653439871028996,obse,soup_scene3,70,old
3122,14.170230865478516,0.08689672398939308,obse,soup_scene3,70,old
3123,14.175034046173096,0.08689672398939308,obse,soup_scene3,70,old
3124,14.179955959320068,0.08693295295774935,obse,soup_scene3,70,old
3125,14.184874773025513,0.08695770234308507,obse,soup_scene3,70,old
3126,14.189993381500244,0.08733871068363569,obse,soup_scene3,70,old
3127,14.19500994682312,0.08733871068363569,obse,soup_scene3,70,old
3128,14.199864864349365,0.08794323874844495,obse,soup_scene3,70,old
3129,14.204551696777344,0.08794323874844495,obse,soup_scene3,70,old
3130,14.209465026855469,0.08794323874844495,obse,soup_scene3,70,old
3131,14.214547634124756,0.08772034332267492,obse,soup_scene3,70,old
3132,14.21954083442688,0.09612217483538656,obse,soup_scene3,70,old
3133,14.224236965179443,0.09612217483538656,obse,soup_scene3,70,old
3134,14.22949767112732,0.09761489616910039,obse,soup_scene3,70,old
3135,14.234387159347534,0.09761489616910039,obse,soup_scene3,70,old
3136,14.239538192749023,0.09655006260190756,obse,soup_scene3,70,old
3137,14.24452519416809,0.09661315194959787,obse,soup_scene3,70,old
3138,14.249760389328003,0.09661315194959787,obse,soup_scene3,70,old
3139,14.254698991775513,0.09738124283525992,obse,soup_scene3,70,old
3140,14.259660005569458,0.09738124283525992,obse,soup_scene3,70,old
3141,14.265136241912842,0.09738124283525992,obse,soup_scene3,70,old
3142,14.27040958404541,0.09851815648398822,obse,soup_scene3,70,old
3143,14.27563738822937,0.09814214162482336,obse,soup_scene3,70,old
3144,14.280293703079224,0.0982943719096106,obse,soup_scene3,70,old
3145,14.284869194030762,0.08724445744807108,obse,soup_scene3,70,old
3146,14.289386987686157,0.08626632694049924,obse,soup_scene3,70,old
3147,14.293910503387451,0.08580282318031925,obse,soup_scene3,70,old
3148,14.298889398574829,0.08610193827406114,obse,soup_scene3,70,old
3149,14.304076433181763,0.08636290521003466,obse,soup_scene3,70,old
3150,14.30922269821167,0.08663681512979456,obse,soup_scene3,70,old
3151,14.314162731170654,0.08663681512979456,obse,soup_scene3,70,old
3152,14.319265127182007,0.08664306013968102,obse,soup_scene3,70,old
3153,14.323993921279907,0.08662802240059736,obse,soup_scene3,70,old
3154,14.329178810119629,0.08674152937759122,obse,soup_scene3,70,old
3155,14.334378480911255,0.08597054202591999,obse,soup_scene3,70,old
3156,14.339437484741211,0.08619880913472083,obse,soup_scene3,70,old
3157,14.344274997711182,0.08680582014011101,obse,soup_scene3,70,old
3158,14.349466562271118,0.10731142699260728,obse,soup_scene3,70,old
3159,14.35453724861145,0.11139323942182623,obse,soup_scene3,70,old
3160,14.359867095947266,0.11028550719310479,obse,soup_scene3,70,old
3161,14.364402055740356,0.11020391744250814,obse,soup_scene3,70,old
3162,14.368935823440552,0.11025678419088301,obse,soup_scene3,70,old
3163,14.373221397399902,0.11231356961274137,obse,soup_scene3,70,old
3164,14.380797863006592,0.11231356961274137,obse,soup_scene3,70,old
3165,14.389046430587769,0.11058191118803208,obse,soup_scene3,70,old
3166,14.394840240478516,0.11036002561495109,obse,soup_scene3,70,old
3167,14.399392366409302,0.10979762188995378,obse,soup_scene3,70,old
3168,14.404594898223877,0.10979762188995378,obse,soup_scene3,70,old
3169,14.409630537033081,0.11013648925303625,obse,soup_scene3,70,old
3170,14.414093255996704,0.13507681442236594,obse,soup_scene3,70,old
3171,14.419320106506348,0.13990580753072393,obse,soup_scene3,70,old
3172,14.42430567741394,0.13983204887823306,obse,soup_scene3,70,old
3173,14.429407119750977,0.13983204887823306,obse,soup_scene3,70,old
3174,14.43453311920166,0.13890363389276625,obse,soup_scene3,70,old
3175,14.43984866142273,0.1385937606347317,obse,soup_scene3,70,old
3176,14.44459867477417,0.1385937606347317,obse,soup_scene3,70,old
3177,14.449826955795288,0.13807603046052122,obse,soup_scene3,70,old
3178,14.454428434371948,0.13807603046052122,obse,soup_scene3,70,old
3179,14.459352731704712,0.1391137209145034,obse,soup_scene3,70,old
3180,14.464618444442749,0.13908789504362548,obse,soup_scene3,70,old
3181,14.469624757766724,0.1388991098721456,obse,soup_scene3,70,old
3182,14.474586725234985,0.1391875279758094,obse,soup_scene3,70,old
3183,14.479285717010498,0.1391875279758094,obse,soup_scene3,70,old
3184,14.484102487564087,0.13843430006468657,obse,soup_scene3,70,old
3185,14.48935055732727,0.11918637756467745,obse,soup_scene3,70,old
3186,14.494602918624878,0.11803384536533053,obse,soup_scene3,70,old
3187,14.499865531921387,0.12077006141726865,obse,soup_scene3,70,old
3188,14.504942655563354,0.12077006141726865,obse,soup_scene3,70,old
3189,14.51055645942688,0.11867331612592828,obse,soup_scene3,70,old
3190,14.516074419021606,0.11772720456797808,obse,soup_scene3,70,old
3191,14.520771265029907,0.11772720456797808,obse,soup_scene3,70,old
3192,14.525541067123413,0.11692918145756351,obse,soup_scene3,70,old
3193,14.529700517654419,0.11692918145756351,obse,soup_scene3,70,old
3194,14.534545660018921,0.1182980082966856,obse,soup_scene3,70,old
3195,14.539559602737427,0.11822575252066504,obse,soup_scene3,70,old
3196,14.544472217559814,0.08029598787402571,obse,soup_scene3,70,old
3197,14.549375772476196,0.08054553705712951,obse,soup_scene3,70,old
3198,14.554076194763184,0.0808700198731234,obse,soup_scene3,70,old
3199,14.559183597564697,0.08059651836257613,obse,soup_scene3,70,old
3200,14.564053773880005,0.08084358383176607,obse,soup_scene3,70,old
3201,14.569123029708862,0.08140753930203604,obse,soup_scene3,70,old
3202,14.573699474334717,0.08083365344767471,obse,soup_scene3,70,old
3203,14.578346490859985,0.08083365344767471,obse,soup_scene3,70,old
3204,14.583329200744629,0.08137728352418888,obse,soup_scene3,70,old
3205,14.587902545928955,0.08137728352418888,obse,soup_scene3,70,old
3206,14.592836380004883,0.0800642701645579,obse,soup_scene3,70,old
3207,14.59778118133545,0.0800642701645579,obse,soup_scene3,70,old
3208,14.602814435958862,0.08050350597632441,obse,soup_scene3,70,old
3209,14.607588768005371,0.08007427723427936,obse,soup_scene3,70,old
3210,14.612585306167603,0.09616437558696853,obse,soup_scene3,70,old
3211,14.61764907836914,0.09874867641423586,obse,soup_scene3,70,old
3212,14.622356414794922,0.09880100358270476,obse,soup_scene3,70,old
3213,14.627326488494873,0.09889256086651088,obse,soup_scene3,70,old
3214,14.631747007369995,0.09923441627435237,obse,soup_scene3,70,old
3215,14.636446952819824,0.09923441627435237,obse,soup_scene3,70,old
3216,14.641104698181152,0.09863717326139336,obse,soup_scene3,70,old
3217,14.64542531967163,0.09863717326139336,obse,soup_scene3,70,old
3218,14.64992070198059,0.09862856369462243,obse,soup_scene3,70,old
3219,14.654509544372559,0.09862856369462243,obse,soup_scene3,70,old
3220,14.659540891647339,0.09866590050162595,obse,soup_scene3,70,old
3221,14.66425895690918,0.09866590050162595,obse,soup_scene3,70,old
3222,14.669226884841919,0.09952111255294287,obse,soup_scene3,70,old
3223,14.67405366897583,0.09929300833240533,obse,soup_scene3,70,old
3224,14.678725004196167,0.09929300833240533,obse,soup_scene3,70,old
3225,14.684112310409546,0.09994663900999105,obse,soup_scene3,70,old
3226,14.689050436019897,0.09994663900999105,obse,soup_scene3,70,old
3227,14.694159507751465,0.10257435458805175,obse,soup_scene3,70,old
3228,14.698576211929321,0.10169600959083855,obse,soup_scene3,70,old
3229,14.703230857849121,0.1017966407149077,obse,soup_scene3,70,old
3230,14.707770109176636,0.10096868700043428,obse,soup_scene3,70,old
3231,14.71225094795227,0.10096868700043428,obse,soup_scene3,70,old
3232,14.717128276824951,0.10093138372309601,obse,soup_scene3,70,old
3233,14.721567392349243,0.10093138372309601,obse,soup_scene3,70,old
3234,14.726180076599121,0.10128156941525897,obse,soup_scene3,70,old
3235,14.73047685623169,0.10128156941525897,obse,soup_scene3,70,old
3236,14.735111713409424,0.10172089908360119,obse,soup_scene3,70,old
3237,14.739516973495483,0.10158266426873759,obse,soup_scene3,70,old
3238,14.744149923324585,0.10158266426873759,obse,soup_scene3,70,old
3239,14.748804569244385,0.1110645508864676,obse,soup_scene3,70,old
3240,14.753681421279907,0.11419559787873172,obse,soup_scene3,70,old
3241,14.758569478988647,0.11518433126367675,obse,soup_scene3,70,old
3242,14.76289415359497,0.11518433126367675,obse,soup_scene3,70,old
3243,14.76775074005127,0.11476053923112403,obse,soup_scene3,70,old
3244,14.772554636001587,0.1147634117822856,obse,soup_scene3,70,old
3245,14.777761936187744,0.11440556663464331,obse,soup_scene3,70,old
3246,14.782728910446167,0.11448128459397122,obse,soup_scene3,70,old
3247,14.78767204284668,0.1147958964688401,obse,soup_scene3,70,old
3248,14.79297161102295,0.11535895170423674,obse,soup_scene3,70,old
3249,14.797728061676025,0.11535895170423674,obse,soup_scene3,70,old
3250,14.802390813827515,0.11508221375695021,obse,soup_scene3,70,old
3251,14.806821823120117,0.114053569070079,obse,soup_scene3,70,old
3252,14.811283588409424,0.114053569070079,obse,soup_scene3,70,old
3253,14.815713167190552,0.11408006296944322,obse,soup_scene3,70,old
3254,14.820093870162964,0.11408006296944322,obse,soup_scene3,70,old
3255,14.824752569198608,0.14211369001059532,obse,soup_scene3,70,old
3256,14.829167366027832,0.1471318607107823,obse,soup_scene3,70,old
3257,14.833708763122559,0.14757633974814363,obse,soup_scene3,70,old
3258,14.838124752044678,0.14757633974814363,obse,soup_scene3,70,old
3259,14.84268569946289,0.1478926644510319,obse,soup_scene3,70,old
3260,14.84699535369873,0.14835876043933546,obse,soup_scene3,70,old
3261,14.851657390594482,0.14784655437641991,obse,soup_scene3,70,old
3262,14.855874300003052,0.14784130631559167,obse,soup_scene3,70,old
3263,14.860456943511963,0.14644282898970246,obse,soup_scene3,70,old
3264,14.865046739578247,0.14650876988389924,obse,soup_scene3,70,old
3265,14.870108604431152,0.14650876988389924,obse,soup_scene3,70,old
3266,14.875264406204224,0.1464087006283823,obse,soup_scene3,70,old
3267,14.880180358886719,0.1464087006283823,obse,soup_scene3,70,old
3268,14.88554859161377,0.08185625752722338,obse,soup_scene3,70,old
3269,14.890427589416504,0.08232163294411167,obse,soup_scene3,70,old
3270,14.89548635482788,0.08232163294411167,obse,soup_scene3,70,old
3271,14.9003324508667,0.08256628237965495,obse,soup_scene3,70,old
3272,14.904653787612915,0.08256628237965495,obse,soup_scene3,70,old
3273,14.909095525741577,0.08212051690731459,obse,soup_scene3,70,old
3274,14.913535833358765,0.08212051690731459,obse,soup_scene3,70,old
3275,14.918781757354736,0.08185814827101466,obse,soup_scene3,70,old
3276,14.923183917999268,0.08155667252802626,obse,soup_scene3,70,old
3277,14.927446126937866,0.08163349945961015,obse,soup_scene3,70,old
3278,14.931749105453491,0.08163349945961015,obse,soup_scene3,70,old
3279,14.936033964157104,0.08163349945961015,obse,soup_scene3,70,old
3280,14.940422534942627,0.08220715258549262,obse,soup_scene3,70,old
3281,14.94488525390625,0.08220715258549262,obse,soup_scene3,70,old
3282,14.949430704116821,0.08815583848648138,obse,soup_scene3,70,old
3283,14.95399284362793,0.09020742959638524,obse,soup_scene3,70,old
3284,14.958610773086548,0.09004295070405777,obse,soup_scene3,70,old
3285,14.963051795959473,0.09004295070405777,obse,soup_scene3,70,old
3286,14.96741247177124,0.09058410679580402,obse,soup_scene3,70,old
3287,14.971830368041992,0.09058410679580402,obse,soup_scene3,70,old
3288,14.976319551467896,0.09135602897768962,obse,soup_scene3,70,old
3289,14.980504512786865,0.09135602897768962,obse,soup_scene3,70,old
3290,14.985071420669556,0.09135602897768962,obse,soup_scene3,70,old
3291,14.98941445350647,0.09230162532156456,obse,soup_scene3,70,old
3292,14.993854999542236,0.09230162532156456,obse,soup_scene3,70,old
3293,14.998105525970459,0.09230162532156456,obse,soup_scene3,70,old
3294,15.002630233764648,0.09263048305906177,obse,soup_scene3,70,old
3295,15.006997346878052,0.09263048305906177,obse,soup_scene3,70,old
3296,15.01132321357727,0.09471472547332296,obse,soup_scene3,70,old
3297,15.0157151222229,0.09359699999322213,obse,soup_scene3,70,old
3298,15.020158052444458,0.09850627936424088,obse,soup_scene3,70,old
3299,15.0247220993042,0.09678918653073733,obse,soup_scene3,70,old
3300,15.029059648513794,0.09906044600916199,obse,soup_scene3,70,old
3301,15.033251285552979,0.09906044600916199,obse,soup_scene3,70,old
3302,15.037894487380981,0.09985580125398581,obse,soup_scene3,70,old
3303,15.042267084121704,0.09985580125398581,obse,soup_scene3,70,old
3304,15.046710968017578,0.10106907176063169,obse,soup_scene3,70,old
3305,15.051310062408447,0.10106907176063169,obse,soup_scene3,70,old
3306,15.055892705917358,0.1002753697430723,obse,soup_scene3,70,old
3307,15.06026577949524,0.1002753697430723,obse,soup_scene3,70,old
3308,15.065070390701294,0.10027207954139426,obse,soup_scene3,70,old
3309,15.0702383518219,0.09956578752378353,obse,soup_scene3,70,old
3310,15.07575011253357,0.0984902254523797,obse,soup_scene3,70,old
3311,15.08057713508606,0.10707576947034006,obse,soup_scene3,70,old
3312,15.085473775863647,0.10926402781351806,obse,soup_scene3,70,old
3313,15.090269088745117,0.10866453227638874,obse,soup_scene3,70,old
3314,15.095536470413208,0.10727879985886248,obse,soup_scene3,70,old
3315,15.100890398025513,0.1087233575717704,obse,soup_scene3,70,old
3316,15.105479717254639,0.1087233575717704,obse,soup_scene3,70,old
3317,15.110805749893188,0.10827408734476789,obse,soup_scene3,70,old
3318,15.116512537002563,0.10973697673101827,obse,soup_scene3,70,old
3319,15.121077060699463,0.10973697673101827,obse,soup_scene3,70,old
3320,15.125614643096924,0.10960230867063257,obse,soup_scene3,70,old
3321,15.129925966262817,0.10960230867063257,obse,soup_scene3,70,old
3322,15.134562492370605,0.10921238764267996,obse,soup_scene3,70,old
3323,15.138689041137695,0.10921238764267996,obse,soup_scene3,70,old
3324,15.143338680267334,0.10893636787574346,obse,soup_scene3,70,old
3325,15.147634983062744,0.07926735787203622,obse,soup_scene3,70,old
3326,15.152154684066772,0.07786729994522439,obse,soup_scene3,70,old
3327,15.156505107879639,0.07928987797896178,obse,soup_scene3,70,old
3328,15.161054372787476,0.07928987797896178,obse,soup_scene3,70,old
3329,15.165780544281006,0.07995521962485883,obse,soup_scene3,70,old
3330,15.17076325416565,0.07820732613682292,obse,soup_scene3,70,old
3331,15.175764799118042,0.07771772168843082,obse,soup_scene3,70,old
3332,15.180263996124268,0.07771772168843082,obse,soup_scene3,70,old
3333,15.185607671737671,0.07664458561907844,obse,soup_scene3,70,old
3334,15.190233945846558,0.07708168736214452,obse,soup_scene3,70,old
3335,15.195351600646973,0.07693796611692688,obse,soup_scene3,70,old
3336,15.200496196746826,0.07723996314538674,obse,soup_scene3,70,old
3337,15.204984903335571,0.07691710486809732,obse,soup_scene3,70,old
3338,15.20948076248169,0.0860356834452956,obse,soup_scene3,70,old
3339,15.213943719863892,0.08607943481029476,obse,soup_scene3,70,old
3340,15.218560934066772,0.08804579640223104,obse,soup_scene3,70,old
3341,15.22292685508728,0.08805193458175796,obse,soup_scene3,70,old
3342,15.227604627609253,0.08741864502807353,obse,soup_scene3,70,old
3343,15.232029914855957,0.08718775199621778,obse,soup_scene3,70,old
3344,15.236983299255371,0.08718775199621778,obse,soup_scene3,70,old
3345,15.241493940353394,0.08752555843264022,obse,soup_scene3,70,old
3346,15.246058702468872,0.08752555843264022,obse,soup_scene3,70,old
3347,15.25076150894165,0.08746850834434831,obse,soup_scene3,70,old
3348,15.255383491516113,0.08729905155309539,obse,soup_scene3,70,old
3349,15.260130405426025,0.08778916256805752,obse,soup_scene3,70,old
3350,15.264559268951416,0.08778916256805752,obse,soup_scene3,70,old
3351,15.269327402114868,0.08761869760720745,obse,soup_scene3,70,old
3352,15.27371883392334,0.08842928754483671,obse,soup_scene3,70,old
3353,15.278451681137085,0.08842928754483671,obse,soup_scene3,70,old
3354,15.283057928085327,0.08874966697480878,obse,soup_scene3,70,old
3355,15.287655591964722,0.07671807414896388,obse,soup_scene3,70,old
3356,15.292471408843994,0.07826997354459511,obse,soup_scene3,70,old
3357,15.296804666519165,0.07826997354459511,obse,soup_scene3,70,old
3358,15.301733255386353,0.07825377837222651,obse,soup_scene3,70,old
3359,15.306213617324829,0.0782778871549898,obse,soup_scene3,70,old
3360,15.310807943344116,0.07763428715420292,obse,soup_scene3,70,old
3361,15.315240621566772,0.07820568516548021,obse,soup_scene3,70,old
3362,15.319607019424438,0.07820568516548021,obse,soup_scene3,70,old
3363,15.324011325836182,0.07739028604950757,obse,soup_scene3,70,old
3364,15.328142881393433,0.07739028604950757,obse,soup_scene3,70,old
3365,15.332247018814087,0.07739028604950757,obse,soup_scene3,70,old
3366,15.336691856384277,0.07751274553178586,obse,soup_scene3,70,old
3367,15.340863704681396,0.07751274553178586,obse,soup_scene3,70,old
3368,15.345176458358765,0.08433198420142529,obse,soup_scene3,70,old
3369,15.349788427352905,0.0845952754405258,obse,soup_scene3,70,old
3370,15.353893041610718,0.0845952754405258,obse,soup_scene3,70,old
3371,15.358355045318604,0.08483482723718698,obse,soup_scene3,70,old
3372,15.362500190734863,0.08483482723718698,obse,soup_scene3,70,old
3373,15.366850852966309,0.08583189571403245,obse,soup_scene3,70,old
3374,15.37132716178894,0.08583189571403245,obse,soup_scene3,70,old
3375,15.375782251358032,0.08792624055793481,obse,soup_scene3,70,old
3376,15.380066871643066,0.08787672225862045,obse,soup_scene3,70,old
3377,15.384761333465576,0.08768161132159573,obse,soup_scene3,70,old
3378,15.389241456985474,0.08768161132159573,obse,soup_scene3,70,old
3379,15.394097566604614,0.08758256141486771,obse,soup_scene3,70,old
3380,15.398491621017456,0.08784177757059801,obse,soup_scene3,70,old
3381,15.403007507324219,0.08782425584344282,obse,soup_scene3,70,old
3382,15.407473802566528,0.10847676641437322,obse,soup_scene3,70,old
3383,15.411783218383789,0.10770157763917264,obse,soup_scene3,70,old
3384,15.41806149482727,0.1119894266027986,obse,soup_scene3,70,old
3385,15.424042701721191,0.11188252826634552,obse,soup_scene3,70,old
3386,15.429563045501709,0.11245712365855205,obse,soup_scene3,70,old
3387,15.433950662612915,0.11323853682257085,obse,soup_scene3,70,old
3388,15.438377141952515,0.11323853682257085,obse,soup_scene3,70,old
3389,15.44263482093811,0.11223257007984051,obse,soup_scene3,70,old
3390,15.447038412094116,0.11223257007984051,obse,soup_scene3,70,old
3391,15.451292514801025,0.11223257007984051,obse,soup_scene3,70,old
3392,15.455605745315552,0.11219178941491027,obse,soup_scene3,70,old
3393,15.459900856018066,0.11219178941491027,obse,soup_scene3,70,old
3394,15.46433424949646,0.11285228877941672,obse,soup_scene3,70,old
3395,15.4689781665802,0.11316694198307545,obse,soup_scene3,70,old
3396,15.473582029342651,0.11218447026623421,obse,soup_scene3,70,old
3397,15.478540897369385,0.11248121174651664,obse,soup_scene3,70,old
3398,15.483478307723999,0.10584538936069678,obse,soup_scene3,70,old
3399,15.488252878189087,0.1052075191988123,obse,soup_scene3,70,old
3400,15.49322509765625,0.10598097348789454,obse,soup_scene3,70,old
3401,15.497714519500732,0.10658360053924955,obse,soup_scene3,70,old
3402,15.502557516098022,0.10615311829905573,obse,soup_scene3,70,old
3403,15.50739574432373,0.10616049823657714,obse,soup_scene3,70,old
3404,15.511854887008667,0.10600812437758679,obse,soup_scene3,70,old
3405,15.516345024108887,0.10562288921740987,obse,soup_scene3,70,old
3406,15.520634412765503,0.10562288921740987,obse,soup_scene3,70,old
3407,15.52514100074768,0.10595897390531223,obse,soup_scene3,70,old
3408,15.529512405395508,0.10595897390531223,obse,soup_scene3,70,old
3409,15.534058809280396,0.1060748469877406,obse,soup_scene3,70,old
3410,15.538474559783936,0.1060748469877406,obse,soup_scene3,70,old
3411,15.543010234832764,0.10609382697302407,obse,soup_scene3,70,old
3412,15.547553777694702,0.10609382697302407,obse,soup_scene3,70,old
3413,15.552118062973022,0.10602650219427633,obse,soup_scene3,70,old
3414,15.556520938873291,0.10560623564636533,obse,soup_scene3,70,old
3415,15.56096625328064,0.10565839214621572,obse,soup_scene3,70,old
3416,15.565435886383057,0.11041338617331085,obse,soup_scene3,70,old
3417,15.56974983215332,0.11036079022283134,obse,soup_scene3,70,old
3418,15.574385643005371,0.11030892983091632,obse,soup_scene3,70,old
3419,15.57876706123352,0.11030892983091632,obse,soup_scene3,70,old
3420,15.584124326705933,0.11029112701008788,obse,soup_scene3,70,old
3421,15.589282035827637,0.11024555377781528,obse,soup_scene3,70,old
3422,15.593498468399048,0.11042457560380278,obse,soup_scene3,70,old
3423,15.59795355796814,0.11088322477136872,obse,soup_scene3,70,old
3424,15.602407217025757,0.11088322477136872,obse,soup_scene3,70,old
3425,15.606932163238525,0.11057928015384856,obse,soup_scene3,70,old
3426,15.6115403175354,0.11057928015384856,obse,soup_scene3,70,old
3427,15.616112232208252,0.11025377108164196,obse,soup_scene3,70,old
3428,15.62082314491272,0.11025377108164196,obse,soup_scene3,70,old
3429,15.625663757324219,0.11079524649746642,obse,soup_scene3,70,old
3430,15.630772590637207,0.10374312304198943,obse,soup_scene3,70,old
3431,15.635895490646362,0.10358307646349252,obse,soup_scene3,70,old
3432,15.640910625457764,0.10284738991578216,obse,soup_scene3,70,old
3433,15.645895004272461,0.10284738991578216,obse,soup_scene3,70,old
3434,15.651148080825806,0.10312948057036503,obse,soup_scene3,70,old
3435,15.656086206436157,0.10343485419685297,obse,soup_scene3,70,old
3436,15.660918951034546,0.10343485419685297,obse,soup_scene3,70,old
3437,15.665855646133423,0.1033100946980084,obse,soup_scene3,70,old
3438,15.670811891555786,0.1033100946980084,obse,soup_scene3,70,old
3439,15.676148653030396,0.1035425854534491,obse,soup_scene3,70,old
3440,15.681212186813354,0.11123535349879891,obse,soup_scene3,70,old
3441,15.686376094818115,0.11230283512426409,obse,soup_scene3,70,old
3442,15.69133448600769,0.11230861556523525,obse,soup_scene3,70,old
3443,15.696001291275024,0.11230861556523525,obse,soup_scene3,70,old
3444,15.700564622879028,0.112264362441605,obse,soup_scene3,70,old
3445,15.704709768295288,0.112264362441605,obse,soup_scene3,70,old
3446,15.709494590759277,0.11196771867667837,obse,soup_scene3,70,old
3447,15.71371054649353,0.11196771867667837,obse,soup_scene3,70,old
3448,15.718337297439575,0.11253087550159534,obse,soup_scene3,70,old
3449,15.722611427307129,0.11249736556616392,obse,soup_scene3,70,old
3450,15.72715973854065,0.11233399482377006,obse,soup_scene3,70,old
3451,15.731489181518555,0.11234081412895605,obse,soup_scene3,70,old
3452,15.735947608947754,0.11294081082029206,obse,soup_scene3,70,old
3453,15.74064302444458,0.11285643309861818,obse,soup_scene3,70,old
3454,15.745250225067139,0.11348368200681122,obse,soup_scene3,70,old
3455,15.749796152114868,0.11383116530665709,obse,soup_scene3,70,old
3456,15.754112482070923,0.1138377703629618,obse,soup_scene3,70,old
3457,15.758745670318604,0.11363310403513335,obse,soup_scene3,70,old
3458,15.762932300567627,0.11363310403513335,obse,soup_scene3,70,old
3459,15.767621994018555,0.11255439092980883,obse,soup_scene3,70,old
3460,15.771807670593262,0.11255439092980883,obse,soup_scene3,70,old
3461,15.776379823684692,0.11207319837586432,obse,soup_scene3,70,old
3462,15.780826568603516,0.11207319837586432,obse,soup_scene3,70,old
3463,15.785420179367065,0.11200943458561406,obse,soup_scene3,70,old
3464,15.789867162704468,0.11186607947356347,obse,soup_scene3,70,old
3465,15.794260501861572,0.11186607947356347,obse,soup_scene3,70,old
3466,15.798671245574951,0.112138885480775,obse,soup_scene3,70,old
3467,15.803040742874146,0.112138885480775,obse,soup_scene3,70,old
3468,15.80752158164978,0.11886182131984972,obse,soup_scene3,70,old
3469,15.812010765075684,0.11994493777838154,obse,soup_scene3,70,old
3470,15.816803693771362,0.11995768068613838,obse,soup_scene3,70,old
3471,15.821013927459717,0.11995768068613838,obse,soup_scene3,70,old
3472,15.825677633285522,0.1204393291210602,obse,soup_scene3,70,old
3473,15.829965353012085,0.1204393291210602,obse,soup_scene3,70,old
3474,15.834488153457642,0.12023452471359383,obse,soup_scene3,70,old
3475,15.838914155960083,0.12063549889146606,obse,soup_scene3,70,old
3476,15.843370914459229,0.12113220884771007,obse,soup_scene3,70,old
3477,15.847934007644653,0.11890238693968669,obse,soup_scene3,70,old
3478,15.852303266525269,0.11890238693968669,obse,soup_scene3,70,old
3479,15.856586217880249,0.11927755599344582,obse,soup_scene3,70,old
3480,15.861112833023071,0.11947499149898426,obse,soup_scene3,70,old
3481,15.865730047225952,0.12229785435397861,obse,soup_scene3,70,old
3482,15.869984865188599,0.12229785435397861,obse,soup_scene3,70,old
3483,15.874467611312866,0.12376581967282864,obse,soup_scene3,70,old
3484,15.878963232040405,0.12620817961025907,obse,soup_scene3,70,old
3485,15.883643388748169,0.12618101313339355,obse,soup_scene3,70,old
3486,15.888105154037476,0.12646253836000365,obse,soup_scene3,70,old
3487,15.89258337020874,0.12706206246844007,obse,soup_scene3,70,old
3488,15.896905422210693,0.1270642201403632,obse,soup_scene3,70,old
3489,15.901433944702148,0.12750374680265927,obse,soup_scene3,70,old
3490,15.9057776927948,0.12750374680265927,obse,soup_scene3,70,old
3491,15.910430669784546,0.12647791001471195,obse,soup_scene3,70,old
3492,15.91489291191101,0.1268764560312769,obse,soup_scene3,70,old
3493,15.919481039047241,0.12780552886302107,obse,soup_scene3,70,old
3494,15.924080610275269,0.1270195039680567,obse,soup_scene3,70,old
3495,15.92850947380066,0.1270195039680567,obse,soup_scene3,70,old
3496,15.933072566986084,0.12889524225082338,obse,soup_scene3,70,old
3497,15.937473773956299,0.12889524225082338,obse,soup_scene3,70,old
3498,15.942151069641113,0.13079605989580284,obse,soup_scene3,70,old
3499,15.94655179977417,0.13079605989580284,obse,soup_scene3,70,old
3500,15.951168060302734,0.13034448330256224,obse,soup_scene3,70,old
3501,15.955618143081665,0.14057001931294616,obse,soup_scene3,70,old
3502,15.960254669189453,0.14135897730757238,obse,soup_scene3,70,old
3503,15.964606761932373,0.14133794715005624,obse,soup_scene3,70,old
3504,15.969325304031372,0.14017504705812295,obse,soup_scene3,70,old
3505,15.973771333694458,0.1401775292110128,obse,soup_scene3,70,old
3506,15.978421211242676,0.14077954753220748,obse,soup_scene3,70,old
3507,15.982941150665283,0.14284768618035465,obse,soup_scene3,70,old
3508,15.98732042312622,0.14284768618035465,obse,soup_scene3,70,old
3509,15.991850852966309,0.1435257311620436,obse,soup_scene3,70,old
3510,15.99609088897705,0.1435257311620436,obse,soup_scene3,70,old
3511,16.00061869621277,0.14243826834555973,obse,soup_scene3,70,old
3512,16.004944801330566,0.14243826834555973,obse,soup_scene3,70,old
3513,16.009793758392334,0.09668101176813153,obse,soup_scene3,70,old
3514,16.014253616333008,0.09668101176813153,obse,soup_scene3,70,old
3515,16.019167184829712,0.09436171091969464,obse,soup_scene3,70,old
3516,16.02360773086548,0.09397695891287271,obse,soup_scene3,70,old
3517,16.028401136398315,0.09353620626376116,obse,soup_scene3,70,old
3518,16.03304886817932,0.09392133227865931,obse,soup_scene3,70,old
3519,16.038225889205933,0.09392133227865931,obse,soup_scene3,70,old
3520,16.043039560317993,0.0952170698877032,obse,soup_scene3,70,old
3521,16.047516107559204,0.09515494013702437,obse,soup_scene3,70,old
3522,16.052440881729126,0.09354043790711078,obse,soup_scene3,70,old
3523,16.05680227279663,0.09358468048952555,obse,soup_scene3,70,old
3524,16.061808347702026,0.09417907074251938,obse,soup_scene3,70,old
3525,16.06651210784912,0.09476287862345113,obse,soup_scene3,70,old
3526,16.070881366729736,0.09476287862345113,obse,soup_scene3,70,old
3527,16.075704097747803,0.09457627052806016,obse,soup_scene3,70,old
3528,16.08051586151123,0.08086896642933415,obse,soup_scene3,70,old
3529,16.08543848991394,0.08164725901324335,obse,soup_scene3,70,old
3530,16.089967012405396,0.0817112882983153,obse,soup_scene3,70,old
3531,16.094411611557007,0.08176734225337674,obse,soup_scene3,70,old
3532,16.098994255065918,0.08226927938705865,obse,soup_scene3,70,old
3533,16.10359835624695,0.08226927938705865,obse,soup_scene3,70,old
3534,16.108229398727417,0.08166535532565992,obse,soup_scene3,70,old
3535,16.112457036972046,0.08166535532565992,obse,soup_scene3,70,old
3536,16.117453575134277,0.08036577982044578,obse,soup_scene3,70,old
3537,16.122053384780884,0.08036577982044578,obse,soup_scene3,70,old
3538,16.12715768814087,0.08176196464998606,obse,soup_scene3,70,old
3539,16.131974458694458,0.08176997414743557,obse,soup_scene3,70,old
3540,16.136802196502686,0.08145994000819023,obse,soup_scene3,70,old
3541,16.14182996749878,0.08145994000819023,obse,soup_scene3,70,old
3542,16.1470148563385,0.09963646829027833,obse,soup_scene3,70,old
3543,16.15203070640564,0.10513899847552169,obse,soup_scene3,70,old
3544,16.15715193748474,0.1051354707390554,obse,soup_scene3,70,old
3545,16.162209272384644,0.1064908564400042,obse,soup_scene3,70,old
3546,16.16702151298523,0.1064908564400042,obse,soup_scene3,70,old
3547,16.17195439338684,0.10643279384475487,obse,soup_scene3,70,old
3548,16.17712640762329,0.10744794938541186,obse,soup_scene3,70,old
3549,16.182311058044434,0.10744794938541186,obse,soup_scene3,70,old
3550,16.187360525131226,0.10744794938541186,obse,soup_scene3,70,old
3551,16.192697525024414,0.10568055327867244,obse,soup_scene3,70,old
3552,16.197535753250122,0.10571024965365591,obse,soup_scene3,70,old
3553,16.202417612075806,0.1063114207765888,obse,soup_scene3,70,old
3554,16.20718741416931,0.10585628309214475,obse,soup_scene3,70,old
3555,16.212172508239746,0.10585628309214475,obse,soup_scene3,70,old
3556,16.21707057952881,0.10585628309214475,obse,soup_scene3,70,old
3557,16.222246646881104,0.10621067957737546,obse,soup_scene3,70,old
3558,16.22734236717224,0.10548274498603595,obse,soup_scene3,70,old
3559,16.232190370559692,0.10548274498603595,obse,soup_scene3,70,old
3560,16.237295866012573,0.14748502092484406,obse,soup_scene3,70,old
3561,16.24235248565674,0.1527068897709317,obse,soup_scene3,70,old
3562,16.24725031852722,0.1527068897709317,obse,soup_scene3,70,old
3563,16.252487659454346,0.14912422505810494,obse,soup_scene3,70,old
3564,16.257248878479004,0.14912422505810494,obse,soup_scene3,70,old
3565,16.26219391822815,0.14947703227460388,obse,soup_scene3,70,old
3566,16.267142295837402,0.1486208143683514,obse,soup_scene3,70,old
3567,16.27250337600708,0.15283037749283596,obse,soup_scene3,70,old
3568,16.27769112586975,0.15394710627355368,obse,soup_scene3,70,old
3569,16.283088445663452,0.15169840013585634,obse,soup_scene3,70,old
3570,16.288384199142456,0.14900491948411765,obse,soup_scene3,70,old
3571,16.29378604888916,0.14179909726496914,obse,soup_scene3,70,old
3572,16.299226760864258,0.1417285031633968,obse,soup_scene3,70,old
3573,16.30426788330078,0.1417285031633968,obse,soup_scene3,70,old
3574,16.309481620788574,0.14283693716639112,obse,soup_scene3,70,old
3575,16.31454586982727,0.14332993528753485,obse,soup_scene3,70,old
3576,16.319867610931396,0.14233881160818337,obse,soup_scene3,70,old
3577,16.32505702972412,0.1426724354822375,obse,soup_scene3,70,old
3578,16.33002805709839,0.1426724354822375,obse,soup_scene3,70,old
3579,16.335116386413574,0.14076663197681819,obse,soup_scene3,70,old
3580,16.34016442298889,0.14111303119891921,obse,soup_scene3,70,old
3581,16.345272541046143,0.14049918033829567,obse,soup_scene3,70,old
3582,16.350541591644287,0.10323722308663072,obse,soup_scene3,70,old
3583,16.3560471534729,0.10060235287180938,obse,soup_scene3,70,old
3584,16.361268520355225,0.10181604327403856,obse,soup_scene3,70,old
3585,16.366331338882446,0.10018649369765564,obse,soup_scene3,70,old
3586,16.371331691741943,0.10018649369765564,obse,soup_scene3,70,old
3587,16.376411199569702,0.10160103233809009,obse,soup_scene3,70,old
3588,16.381325006484985,0.10120758298766325,obse,soup_scene3,70,old
3589,16.38597559928894,0.1005965836012417,obse,soup_scene3,70,old
3590,16.39087438583374,0.0998841761646235,obse,soup_scene3,70,old
3591,16.395350217819214,0.0998841761646235,obse,soup_scene3,70,old
3592,16.400019884109497,0.10022789494131305,obse,soup_scene3,70,old
3593,16.404314517974854,0.10022789494131305,obse,soup_scene3,70,old
3594,16.409052848815918,0.10104177589310052,obse,soup_scene3,70,old
3595,16.41338348388672,0.10104177589310052,obse,soup_scene3,70,old
3596,16.41825008392334,0.10203884185834093,obse,soup_scene3,70,old
3597,16.422954320907593,0.10208527163466898,obse,soup_scene3,70,old
3598,16.427483558654785,0.1699543636970559,obse,soup_scene3,70,old
3599,16.43221163749695,0.17060516258763872,obse,soup_scene3,70,old
3600,16.4366614818573,0.17218361084861822,obse,soup_scene3,70,old
3601,16.441516637802124,0.17176903557612,obse,soup_scene3,70,old
3602,16.445842742919922,0.17176903557612,obse,soup_scene3,70,old
3603,16.450803518295288,0.17179804213551794,obse,soup_scene3,70,old
3604,16.45532727241516,0.17114163141569294,obse,soup_scene3,70,old
3605,16.460132837295532,0.17129619475011468,obse,soup_scene3,70,old
3606,16.46461033821106,0.1714442647414619,obse,soup_scene3,70,old
3607,16.469134092330933,0.1714442647414619,obse,soup_scene3,70,old
3608,16.47373867034912,0.17085183724115233,obse,soup_scene3,70,old
3609,16.478121280670166,0.17085183724115233,obse,soup_scene3,70,old
3610,16.482967853546143,0.17019121532473053,obse,soup_scene3,70,old
3611,16.48736596107483,0.15179412470105896,obse,soup_scene3,70,old
3612,16.492328643798828,0.15364953698009348,obse,soup_scene3,70,old
3613,16.496698141098022,0.15253514660227138,obse,soup_scene3,70,old
3614,16.50145959854126,0.15222777616320943,obse,soup_scene3,70,old
3615,16.505720853805542,0.15222777616320943,obse,soup_scene3,70,old
3616,16.5105402469635,0.1531319188717256,obse,soup_scene3,70,old
3617,16.515318155288696,0.15245233752352638,obse,soup_scene3,70,old
3618,16.520211458206177,0.15245233752352638,obse,soup_scene3,70,old
3619,16.52479648590088,0.15146010814585675,obse,soup_scene3,70,old
3620,16.529115438461304,0.15146010814585675,obse,soup_scene3,70,old
3621,16.533313274383545,0.15146010814585675,obse,soup_scene3,70,old
3622,16.537675619125366,0.15219089031396382,obse,soup_scene3,70,old
3623,16.542148113250732,0.15219089031396382,obse,soup_scene3,70,old
3624,16.546586990356445,0.1503067761087149,obse,soup_scene3,70,old
3625,16.5512638092041,0.160867094065257,obse,soup_scene3,70,old
3626,16.55545949935913,0.160867094065257,obse,soup_scene3,70,old
3627,16.560490608215332,0.16168759101290406,obse,soup_scene3,70,old
3628,16.565135955810547,0.16270562371908218,obse,soup_scene3,70,old
3629,16.569689989089966,0.1627179742078895,obse,soup_scene3,70,old
3630,16.574437379837036,0.1627179742078895,obse,soup_scene3,70,old
3631,16.57900905609131,0.16289319763182258,obse,soup_scene3,70,old
3632,16.583633184432983,0.16289319763182258,obse,soup_scene3,70,old
3633,16.587859630584717,0.16289319763182258,obse,soup_scene3,70,old
3634,16.592646837234497,0.16310219534703116,obse,soup_scene3,70,old
3635,16.597009658813477,0.16356270021219932,obse,soup_scene3,70,old
3636,16.601948499679565,0.16262013789670784,obse,soup_scene3,70,old
3637,16.60656428337097,0.1625402802226054,obse,soup_scene3,70,old
3638,16.611230611801147,0.17239717999081716,obse,soup_scene3,70,old
3639,16.615777730941772,0.17353193658761432,obse,soup_scene3,70,old
3640,16.62023901939392,0.173592830637557,obse,soup_scene3,70,old
3641,16.624929428100586,0.17599262501221039,obse,soup_scene3,70,old
3642,16.629526615142822,0.17599262501221039,obse,soup_scene3,70,old
3643,16.633861541748047,0.17803461433958045,obse,soup_scene3,70,old
3644,16.638179063796997,0.17803461433958045,obse,soup_scene3,70,old
3645,16.64256238937378,0.17803461433958045,obse,soup_scene3,70,old
3646,16.647295475006104,0.17580931111402764,obse,soup_scene3,70,old
3647,16.651726484298706,0.176211343391822,obse,soup_scene3,70,old
3648,16.65616464614868,0.17642953474149842,obse,soup_scene3,70,old
3649,16.66059112548828,0.17642953474149842,obse,soup_scene3,70,old
3650,16.665101289749146,0.17642953474149842,obse,soup_scene3,70,old
3651,16.67013120651245,0.17719886385461045,obse,soup_scene3,70,old
3652,16.675086736679077,0.17479376182292347,obse,soup_scene3,70,old
3653,16.680206537246704,0.13701617217241086,obse,soup_scene3,70,old
3654,16.685263872146606,0.13718167377097656,obse,soup_scene3,70,old
3655,16.68998885154724,0.13855863052246106,obse,soup_scene3,70,old
3656,16.694658756256104,0.13760712668700287,obse,soup_scene3,70,old
3657,16.699206113815308,0.13869659826583908,obse,soup_scene3,70,old
3658,16.703972578048706,0.138299722096769,obse,soup_scene3,70,old
3659,16.708929538726807,0.13561765252209776,obse,soup_scene3,70,old
3660,16.713635206222534,0.13560616829339514,obse,soup_scene3,70,old
3661,16.718456506729126,0.1361552658476918,obse,soup_scene3,70,old
3662,16.722830772399902,0.13657663626837352,obse,soup_scene3,70,old
3663,16.727811574935913,0.13805289252788705,obse,soup_scene3,70,old
3664,16.732420921325684,0.137927592054776,obse,soup_scene3,70,old
3665,16.737053632736206,0.137927592054776,obse,soup_scene3,70,old
3666,16.741703987121582,0.13944106545021862,obse,soup_scene3,70,old
3667,16.7460994720459,0.15427372851885432,obse,soup_scene3,70,old
3668,16.75104784965515,0.15532429720236468,obse,soup_scene3,70,old
3669,16.755452871322632,0.1553366565743914,obse,soup_scene3,70,old
3670,16.760145664215088,0.15261812187605586,obse,soup_scene3,70,old
3671,16.76460599899292,0.15303081186026807,obse,soup_scene3,70,old
3672,16.769144535064697,0.15226824916288448,obse,soup_scene3,70,old
3673,16.773762464523315,0.15286064424950502,obse,soup_scene3,70,old
3674,16.778077363967896,0.15286064424950502,obse,soup_scene3,70,old
3675,16.7826144695282,0.15381443037517542,obse,soup_scene3,70,old
3676,16.78702163696289,0.15381443037517542,obse,soup_scene3,70,old
3677,16.79170322418213,0.15355092988553323,obse,soup_scene3,70,old
3678,16.796027421951294,0.15355092988553323,obse,soup_scene3,70,old
3679,16.800724506378174,0.1546085668031759,obse,soup_scene3,70,old
3680,16.805001258850098,0.1546085668031759,obse,soup_scene3,70,old
3681,16.8097927570343,0.15471541511310527,obse,soup_scene3,70,old
3682,16.814221382141113,0.15515796945171467,obse,soup_scene3,70,old
3683,16.818989753723145,0.16990083712130533,obse,soup_scene3,70,old
3684,16.82349443435669,0.1688454037853451,obse,soup_scene3,70,old
3685,16.827851057052612,0.16902312880280856,obse,soup_scene3,70,old
3686,16.832382202148438,0.16820773258482455,obse,soup_scene3,70,old
3687,16.837126970291138,0.16820773258482455,obse,soup_scene3,70,old
3688,16.841684579849243,0.16968242789318883,obse,soup_scene3,70,old
3689,16.8462016582489,0.16968242789318883,obse,soup_scene3,70,old
3690,16.850914478302002,0.16992054512256122,obse,soup_scene3,70,old
3691,16.855213165283203,0.1698751078029682,obse,soup_scene3,70,old
3692,16.859698057174683,0.16915961629840853,obse,soup_scene3,70,old
3693,16.864179372787476,0.16915961629840853,obse,soup_scene3,70,old
3694,16.868637323379517,0.16815860833074955,obse,soup_scene3,70,old
3695,16.873083353042603,0.1694339619522032,obse,soup_scene3,70,old
3696,16.87755584716797,0.17871645958327412,obse,soup_scene3,70,old
3697,16.882267713546753,0.17871881953528468,obse,soup_scene3,70,old
3698,16.88662815093994,0.17914759393471,obse,soup_scene3,70,old
3699,16.89130973815918,0.17874419194303706,obse,soup_scene3,70,old
3700,16.895548343658447,0.17874419194303706,obse,soup_scene3,70,old
3701,16.900137186050415,0.17911346891971056,obse,soup_scene3,70,old
3702,16.90440273284912,0.17911346891971056,obse,soup_scene3,70,old
3703,16.90901803970337,0.17958363581046338,obse,soup_scene3,70,old
3704,16.91334342956543,0.17958363581046338,obse,soup_scene3,70,old
3705,16.917997360229492,0.1780029829081482,obse,soup_scene3,70,old
3706,16.92223834991455,0.1780029829081482,obse,soup_scene3,70,old
3707,16.92676043510437,0.17692709876787702,obse,soup_scene3,70,old
3708,16.93091320991516,0.17692709876787702,obse,soup_scene3,70,old
3709,16.935558319091797,0.17664850179890634,obse,soup_scene3,70,old
3710,16.939885139465332,0.1770368770574071,obse,soup_scene3,70,old
3711,16.94447636604309,0.18207210171593605,obse,soup_scene3,70,old
3712,16.94907283782959,0.18407742489910278,obse,soup_scene3,70,old
3713,16.95336389541626,0.18407742489910278,obse,soup_scene3,70,old
3714,16.957881450653076,0.18414853905779843,obse,soup_scene3,70,old
3715,16.962206602096558,0.18414853905779843,obse,soup_scene3,70,old
3716,16.96661877632141,0.18218479599649443,obse,soup_scene3,70,old
3717,16.97095489501953,0.18218479599649443,obse,soup_scene3,70,old
3718,16.97567629814148,0.18330775400822263,obse,soup_scene3,70,old
3719,16.979833126068115,0.18330775400822263,obse,soup_scene3,70,old
3720,16.98443102836609,0.18388008187886062,obse,soup_scene3,70,old
3721,16.98862099647522,0.18388008187886062,obse,soup_scene3,70,old
3722,16.993608951568604,0.18388505333481733,obse,soup_scene3,70,old
3723,16.997846841812134,0.18362147071357612,obse,soup_scene3,70,old
3724,17.002313137054443,0.18362147071357612,obse,soup_scene3,70,old
3725,17.006665468215942,0.18522718635761296,obse,soup_scene3,70,old
3726,17.01099729537964,0.18522718635761296,obse,soup_scene3,70,old
3727,17.01550054550171,0.18038357120274345,obse,soup_scene3,70,old
3728,17.019943952560425,0.18895050922690312,obse,soup_scene3,70,old
3729,17.02441668510437,0.19040987345347263,obse,soup_scene3,70,old
3730,17.028775930404663,0.19088437133941571,obse,soup_scene3,70,old
3731,17.033350706100464,0.19152661454735664,obse,soup_scene3,70,old
3732,17.03768253326416,0.19152661454735664,obse,soup_scene3,70,old
3733,17.042203903198242,0.19146913049436448,obse,soup_scene3,70,old
3734,17.04637312889099,0.19146913049436448,obse,soup_scene3,70,old
3735,17.050936222076416,0.1920172856016263,obse,soup_scene3,70,old
3736,17.055320978164673,0.1920172856016263,obse,soup_scene3,70,old
3737,17.05981945991516,0.19163365385594347,obse,soup_scene3,70,old
3738,17.064176082611084,0.19163365385594347,obse,soup_scene3,70,old
3739,17.06868290901184,0.19251024026163763,obse,soup_scene3,70,old
3740,17.07303762435913,0.1928605218545432,obse,soup_scene3,70,old
3741,17.077406883239746,0.1928605218545432,obse,soup_scene3,70,old
3742,17.081926584243774,0.191299938665776,obse,soup_scene3,70,old
3743,17.086337089538574,0.167135984548069,obse,soup_scene3,70,old
3744,17.09115743637085,0.1675445022002536,obse,soup_scene3,70,old
3745,17.096097230911255,0.1675445022002536,obse,soup_scene3,70,old
3746,17.101457595825195,0.16721608958663953,obse,soup_scene3,70,old
3747,17.106664180755615,0.167216451352267,obse,soup_scene3,70,old
3748,17.111741542816162,0.16842427587497164,obse,soup_scene3,70,old
3749,17.11717176437378,0.16791609171465655,obse,soup_scene3,70,old
3750,17.12170934677124,0.16791609171465655,obse,soup_scene3,70,old
3751,17.126779317855835,0.16723262945012932,obse,soup_scene3,70,old
3752,17.131815910339355,0.1684830563604744,obse,soup_scene3,70,old
3753,17.136967658996582,0.1684830563604744,obse,soup_scene3,70,old
3754,17.14223003387451,0.19877496364186226,obse,soup_scene3,70,old
3755,17.147560119628906,0.19870179535101734,obse,soup_scene3,70,old
3756,17.15279531478882,0.20045405256423066,obse,soup_scene3,70,old
3757,17.15782380104065,0.20052124445065336,obse,soup_scene3,70,old
3758,17.162809371948242,0.20052124445065336,obse,soup_scene3,70,old
3759,17.16784429550171,0.2002658629627329,obse,soup_scene3,70,old
3760,17.17290496826172,0.20070586819136327,obse,soup_scene3,70,old
3761,17.177895069122314,0.20070586819136327,obse,soup_scene3,70,old
3762,17.183094024658203,0.2010996743942217,obse,soup_scene3,70,old
3763,17.18788170814514,0.2010996743942217,obse,soup_scene3,70,old
3764,17.193011045455933,0.20167325541198547,obse,soup_scene3,70,old
3765,17.197980880737305,0.20162195220312074,obse,soup_scene3,70,old
3766,17.203218936920166,0.2013889627383545,obse,soup_scene3,70,old
3767,17.208696842193604,0.20141400858098368,obse,soup_scene3,70,old
3768,17.21391463279724,0.2008520630888897,obse,soup_scene3,70,old
3769,17.218950986862183,0.193142505925381,obse,soup_scene3,70,old
3770,17.22513747215271,0.19330338206837736,obse,soup_scene3,70,old
3771,17.229512929916382,0.19330338206837736,obse,soup_scene3,70,old
3772,17.234135389328003,0.19298068820408665,obse,soup_scene3,70,old
3773,17.238368272781372,0.19298068820408665,obse,soup_scene3,70,old
3774,17.24286699295044,0.1906507372229149,obse,soup_scene3,70,old
3775,17.247276067733765,0.1910876044868421,obse,soup_scene3,70,old
3776,17.251688718795776,0.190536437721494,obse,soup_scene3,70,old
3777,17.256119966506958,0.19194992413634998,obse,soup_scene3,70,old
3778,17.260512351989746,0.19194992413634998,obse,soup_scene3,70,old
3779,17.26487946510315,0.19194992413634998,obse,soup_scene3,70,old
3780,17.269493103027344,0.19163619646809724,obse,soup_scene3,70,old
3781,17.274181842803955,0.192649361111095,obse,soup_scene3,70,old
3782,17.27883791923523,0.192649361111095,obse,soup_scene3,70,old
3783,17.283563375473022,0.1926325991469901,obse,soup_scene3,70,old
3784,17.288132905960083,0.1922053359822809,obse,soup_scene3,70,old
3785,17.293028593063354,0.17962633766324615,obse,soup_scene3,70,old
3786,17.2979953289032,0.18246264477206675,obse,soup_scene3,70,old
3787,17.30274200439453,0.18231202059936732,obse,soup_scene3,70,old
3788,17.307372331619263,0.18254577635820865,obse,soup_scene3,70,old
3789,17.31196117401123,0.18254577635820865,obse,soup_scene3,70,old
3790,17.317487239837646,0.1824257326294518,obse,soup_scene3,70,old
3791,17.321661233901978,0.1824257326294518,obse,soup_scene3,70,old
3792,17.326427221298218,0.1829673819861293,obse,soup_scene3,70,old
3793,17.330580234527588,0.1829673819861293,obse,soup_scene3,70,old
3794,17.33480167388916,0.1829673819861293,obse,soup_scene3,70,old
3795,17.33961248397827,0.18404399569706403,obse,soup_scene3,70,old
3796,17.344181537628174,0.18404399569706403,obse,soup_scene3,70,old
3797,17.34879779815674,0.18404399569706403,obse,soup_scene3,70,old
3798,17.35307812690735,0.18234347074939578,obse,soup_scene3,70,old
3799,17.357547283172607,0.18234347074939578,obse,soup_scene3,70,old
3800,17.362446069717407,0.1819875075841689,obse,soup_scene3,70,old
3801,17.36724090576172,0.1819875075841689,obse,soup_scene3,70,old
3802,17.37237811088562,0.1973537973963672,obse,soup_scene3,70,old
3803,17.37695002555847,0.19882134348345254,obse,soup_scene3,70,old
3804,17.381591320037842,0.1991716621005524,obse,soup_scene3,70,old
3805,17.386036157608032,0.1991716621005524,obse,soup_scene3,70,old
3806,17.390271425247192,0.1991716621005524,obse,soup_scene3,70,old
3807,17.39499306678772,0.19898186550998453,obse,soup_scene3,70,old
3808,17.399317026138306,0.19898186550998453,obse,soup_scene3,70,old
3809,17.404001712799072,0.19870035556498367,obse,soup_scene3,70,old
3810,17.408549308776855,0.19870035556498367,obse,soup_scene3,70,old
3811,17.413110494613647,0.19958374555893413,obse,soup_scene3,70,old
3812,17.417880296707153,0.17067575933563098,obse,soup_scene3,70,old
3813,17.42233896255493,0.1701742155570119,obse,soup_scene3,70,old
3814,17.426989793777466,0.1646410763951693,obse,soup_scene3,70,old
3815,17.431999683380127,0.1646410763951693,obse,soup_scene3,70,old
3816,17.437074661254883,0.16505552309978047,obse,soup_scene3,70,old
3817,17.4422390460968,0.16505552309978047,obse,soup_scene3,70,old
3818,17.447081565856934,0.16505552309978047,obse,soup_scene3,70,old
3819,17.45234990119934,0.16535129798998546,obse,soup_scene3,70,old
3820,17.457377195358276,0.165373313410859,obse,soup_scene3,70,old
3821,17.462526559829712,0.16501444488300138,obse,soup_scene3,70,old
3822,17.467331886291504,0.16501444488300138,obse,soup_scene3,70,old
3823,17.472487449645996,0.1659612725364973,obse,soup_scene3,70,old
3824,17.478272676467896,0.16541750717709325,obse,soup_scene3,70,old
3825,17.483508110046387,0.1945627677140667,obse,soup_scene3,70,old
3826,17.488852739334106,0.19418992274796745,obse,soup_scene3,70,old
3827,17.493995428085327,0.19314060355264054,obse,soup_scene3,70,old
3828,17.49906826019287,0.193321909233839,obse,soup_scene3,70,old
3829,17.504098653793335,0.19531880099287116,obse,soup_scene3,70,old
3830,17.50870108604431,0.19586491512091553,obse,soup_scene3,70,old
3831,17.513850212097168,0.1944657469397995,obse,soup_scene3,70,old
3832,17.518495321273804,0.19399687438316277,obse,soup_scene3,70,old
3833,17.523133277893066,0.19344055146460878,obse,soup_scene3,70,old
3834,17.527632236480713,0.19344055146460878,obse,soup_scene3,70,old
3835,17.532103538513184,0.19368998276839633,obse,soup_scene3,70,old
3836,17.536550045013428,0.19368998276839633,obse,soup_scene3,70,old
3837,17.54128122329712,0.1946753538311843,obse,soup_scene3,70,old
3838,17.545657873153687,0.1946753538311843,obse,soup_scene3,70,old
3839,17.550362825393677,0.19590320327722358,obse,soup_scene3,70,old
3840,17.55482292175293,0.19590320327722358,obse,soup_scene3,70,old
3841,17.559590101242065,0.1972267255924373,obse,soup_scene3,70,old
3842,17.563794374465942,0.1972267255924373,obse,soup_scene3,70,old
3843,17.568562984466553,0.1971984900218608,obse,soup_scene3,70,old
3844,17.57302188873291,0.1956360222474032,obse,soup_scene3,70,old
3845,17.577565670013428,0.1956360222474032,obse,soup_scene3,70,old
3846,17.582220792770386,0.1951383101052143,obse,soup_scene3,70,old
3847,17.586690664291382,0.1951383101052143,obse,soup_scene3,70,old
3848,17.591294527053833,0.19511483918463685,obse,soup_scene3,70,old
3849,17.59558939933777,0.19511483918463685,obse,soup_scene3,70,old
3850,17.60009217262268,0.19569009171313587,obse,soup_scene3,70,old
3851,17.604415893554688,0.19569009171313587,obse,soup_scene3,70,old
3852,17.609166622161865,0.19645508333619072,obse,soup_scene3,70,old
3853,17.613683938980103,0.19645508333619072,obse,soup_scene3,70,old
3854,17.618467569351196,0.19789010948518848,obse,soup_scene3,70,old
3855,17.62284827232361,0.19705261399658672,obse,soup_scene3,70,old
3856,17.62729263305664,0.19705261399658672,obse,soup_scene3,70,old
3857,17.631678342819214,0.21333969014431162,obse,soup_scene3,70,old
3858,17.63685941696167,0.21417017900540114,obse,soup_scene3,70,old
3859,17.641469478607178,0.21417017900540114,obse,soup_scene3,70,old
3860,17.646074056625366,0.21417017900540114,obse,soup_scene3,70,old
3861,17.651596546173096,0.21413215821400267,obse,soup_scene3,70,old
3862,17.65670657157898,0.2146852826746479,obse,soup_scene3,70,old
3863,17.662420511245728,0.2146852826746479,obse,soup_scene3,70,old
3864,17.66783094406128,0.21468574722540815,obse,soup_scene3,70,old
3865,17.672466278076172,0.21505670177341546,obse,soup_scene3,70,old
3866,17.678247690200806,0.21544102465252013,obse,soup_scene3,70,old
3867,17.683451414108276,0.21393988074491938,obse,soup_scene3,70,old
3868,17.68831777572632,0.18132010044117117,obse,soup_scene3,70,old
3869,17.694069147109985,0.1748983369876656,obse,soup_scene3,70,old
3870,17.699671268463135,0.1713898119476129,obse,soup_scene3,70,old
3871,17.705232858657837,0.17098777293534004,obse,soup_scene3,70,old
3872,17.710212230682373,0.1742735318475478,obse,soup_scene3,70,old
3873,17.715261697769165,0.1740121032519321,obse,soup_scene3,70,old
3874,17.720480918884277,0.1740121032519321,obse,soup_scene3,70,old
3875,17.725924015045166,0.1748409971415131,obse,soup_scene3,70,old
3876,17.730640649795532,0.1748409971415131,obse,soup_scene3,70,old
3877,17.73547053337097,0.1748409971415131,obse,soup_scene3,70,old
3878,17.74065923690796,0.17499486744343196,obse,soup_scene3,70,old
3879,17.745588779449463,0.17499486744343196,obse,soup_scene3,70,old
3880,17.75074863433838,0.183194911347067,obse,soup_scene3,70,old
3881,17.755730152130127,0.18464261712370858,obse,soup_scene3,70,old
3882,17.760810136795044,0.18507415402108018,obse,soup_scene3,70,old
3883,17.765871286392212,0.1839055556233943,obse,soup_scene3,70,old
3884,17.770821809768677,0.18388046559619117,obse,soup_scene3,70,old
3885,17.775795936584473,0.1843073974200565,obse,soup_scene3,70,old
3886,17.78156876564026,0.1843073974200565,obse,soup_scene3,70,old
3887,17.787086725234985,0.18424785936601878,obse,soup_scene3,70,old
3888,17.791988134384155,0.18424785936601878,obse,soup_scene3,70,old
3889,17.797066926956177,0.18403242132312525,obse,soup_scene3,70,old
3890,17.802187204360962,0.18336054879916366,obse,soup_scene3,70,old
3891,17.80682373046875,0.1836906623518866,obse,soup_scene3,70,old
3892,17.811161041259766,0.1836906623518866,obse,soup_scene3,70,old
3893,17.81592631340027,0.20088141204039667,obse,soup_scene3,70,old
3894,17.820466995239258,0.20110690112425214,obse,soup_scene3,70,old
3895,17.825085163116455,0.20447390451587916,obse,soup_scene3,70,old
3896,17.829646348953247,0.2026750715498326,obse,soup_scene3,70,old
3897,17.834298133850098,0.2026750715498326,obse,soup_scene3,70,old
3898,17.83888554573059,0.20472399061053168,obse,soup_scene3,70,old
3899,17.843289136886597,0.20472399061053168,obse,soup_scene3,70,old
3900,17.8478524684906,0.20472399061053168,obse,soup_scene3,70,old
3901,17.85234022140503,0.20472399061053168,obse,soup_scene3,70,old
3902,17.85707187652588,0.20516136920382608,obse,soup_scene3,70,old
3903,17.861433744430542,0.20516136920382608,obse,soup_scene3,70,old
3904,17.866044759750366,0.20576557136194668,obse,soup_scene3,70,old
3905,17.87088108062744,0.20450384451453818,obse,soup_scene3,70,old
3906,17.875630378723145,0.2046372469810828,obse,soup_scene3,70,old
3907,17.880500316619873,0.20558343707387583,obse,soup_scene3,70,old
3908,17.885417699813843,0.20490605142497764,obse,soup_scene3,70,old
3909,17.890454530715942,0.21813429871307774,obse,soup_scene3,70,old
3910,17.895376443862915,0.21729376785616558,obse,soup_scene3,70,old
3911,17.90001082420349,0.218745196450321,obse,soup_scene3,70,old
3912,17.904736042022705,0.2187328194623309,obse,soup_scene3,70,old
3913,17.909561157226562,0.21841671759869885,obse,soup_scene3,70,old
3914,17.914621829986572,0.21700660531192745,obse,soup_scene3,70,old
3915,17.91949725151062,0.21637984082905762,obse,soup_scene3,70,old
3916,17.92408323287964,0.21732976989281524,obse,soup_scene3,70,old
3917,17.92882990837097,0.21732976989281524,obse,soup_scene3,70,old
3918,17.933547973632812,0.21716325494940236,obse,soup_scene3,70,old
3919,17.937883853912354,0.21716325494940236,obse,soup_scene3,70,old
3920,17.942618370056152,0.2172441638827901,obse,soup_scene3,70,old
3921,17.947118520736694,0.2213955447762379,obse,soup_scene3,70,old
3922,17.951909065246582,0.22334565896473774,obse,soup_scene3,70,old
3923,17.95673108100891,0.22362836232011904,obse,soup_scene3,70,old
3924,17.96123719215393,0.22362836232011904,obse,soup_scene3,70,old
3925,17.965668439865112,0.2227317087441793,obse,soup_scene3,70,old
3926,17.970163822174072,0.2227317087441793,obse,soup_scene3,70,old
3927,17.974512100219727,0.22154689012752596,obse,soup_scene3,70,old
3928,17.978944778442383,0.22154689012752596,obse,soup_scene3,70,old
3929,17.9836905002594,0.22245526710357785,obse,soup_scene3,70,old
3930,17.988077878952026,0.22245526710357785,obse,soup_scene3,70,old
3931,17.992736339569092,0.22157938805964475,obse,soup_scene3,70,old
3932,17.996972799301147,0.22157938805964475,obse,soup_scene3,70,old
3933,18.00161623954773,0.22036218085342085,obse,soup_scene3,70,old
3934,18.006033658981323,0.2199635089148418,obse,soup_scene3,70,old
3935,18.010847568511963,0.1921586728442701,obse,soup_scene3,70,old
3936,18.015522718429565,0.190833269588984,obse,soup_scene3,70,old
3937,18.020151376724243,0.18921533994410578,obse,soup_scene3,70,old
3938,18.02493405342102,0.19075238384960808,obse,soup_scene3,70,old
3939,18.029409646987915,0.19075238384960808,obse,soup_scene3,70,old
3940,18.034306526184082,0.19305754931714497,obse,soup_scene3,70,old
3941,18.03876304626465,0.1930955497778056,obse,soup_scene3,70,old
3942,18.043548345565796,0.19227888935937737,obse,soup_scene3,70,old
3943,18.04818630218506,0.19141284172880432,obse,soup_scene3,70,old
3944,18.052982330322266,0.19141284172880432,obse,soup_scene3,70,old
3945,18.05755591392517,0.18967320084168396,obse,soup_scene3,70,old
3946,18.06186318397522,0.18967320084168396,obse,soup_scene3,70,old
3947,18.066328287124634,0.18984804379533265,obse,soup_scene3,70,old
3948,18.070772409439087,0.18984804379533265,obse,soup_scene3,70,old
3949,18.07542896270752,0.1894596409952653,obse,soup_scene3,70,old
3950,18.07983899116516,0.20110834199513997,obse,soup_scene3,70,old
3951,18.084625005722046,0.2033836587828194,obse,soup_scene3,70,old
3952,18.089009284973145,0.2033836587828194,obse,soup_scene3,70,old
3953,18.09364652633667,0.204162627285877,obse,soup_scene3,70,old
3954,18.09796452522278,0.20376832038321904,obse,soup_scene3,70,old
3955,18.102522134780884,0.20411572956703425,obse,soup_scene3,70,old
3956,18.107306718826294,0.20447257854103223,obse,soup_scene3,70,old
3957,18.112070560455322,0.20447257854103223,obse,soup_scene3,70,old
3958,18.117475032806396,0.2013350375611549,obse,soup_scene3,70,old
3959,18.121812105178833,0.2013350375611549,obse,soup_scene3,70,old
3960,18.126514673233032,0.2020596838263034,obse,soup_scene3,70,old
3961,18.130950689315796,0.20164101723243946,obse,soup_scene3,70,old
3962,18.135425329208374,0.20270411731768842,obse,soup_scene3,70,old
3963,18.140002727508545,0.20498392737613358,obse,soup_scene3,70,old
3964,18.14454746246338,0.20835600886993963,obse,soup_scene3,70,old
3965,18.149179697036743,0.20845755782897807,obse,soup_scene3,70,old
3966,18.153518438339233,0.20845755782897807,obse,soup_scene3,70,old
3967,18.158729553222656,0.2093891861253471,obse,soup_scene3,70,old
3968,18.163787364959717,0.20938256021386234,obse,soup_scene3,70,old
3969,18.16864013671875,0.20996283607460053,obse,soup_scene3,70,old
3970,18.1734037399292,0.2078137058955415,obse,soup_scene3,70,old
3971,18.178402185440063,0.2078137058955415,obse,soup_scene3,70,old
3972,18.183295249938965,0.20746825198956062,obse,soup_scene3,70,old
3973,18.18789792060852,0.20746825198956062,obse,soup_scene3,70,old
3974,18.193086862564087,0.2090227235330908,obse,soup_scene3,70,old
3975,18.19784712791443,0.2090316794692426,obse,soup_scene3,70,old
3976,18.20359468460083,0.20894243357733325,obse,soup_scene3,70,old
3977,18.20842432975769,0.20970656946250013,obse,soup_scene3,70,old
3978,18.212559700012207,0.20970656946250013,obse,soup_scene3,70,old
3979,18.217296838760376,0.22418384275237588,obse,soup_scene3,70,old
3980,18.2215633392334,0.22418384275237588,obse,soup_scene3,70,old
3981,18.22613835334778,0.2233473334684818,obse,soup_scene3,70,old
3982,18.230557203292847,0.22335385363009336,obse,soup_scene3,70,old
3983,18.235156536102295,0.22282098390897737,obse,soup_scene3,70,old
3984,18.239490032196045,0.22241999321384623,obse,soup_scene3,70,old
3985,18.24401617050171,0.225102669029526,obse,soup_scene3,70,old
3986,18.248466730117798,0.22548319798498312,obse,soup_scene3,70,old
3987,18.25315237045288,0.22310376167040982,obse,soup_scene3,70,old
3988,18.257591485977173,0.22229965658494816,obse,soup_scene3,70,old
3989,18.262184858322144,0.22229965658494816,obse,soup_scene3,70,old
3990,18.26673936843872,0.2208104026971348,obse,soup_scene3,70,old
3991,18.27100968360901,0.2208104026971348,obse,soup_scene3,70,old
3992,18.275709867477417,0.2202620336177499,obse,soup_scene3,70,old
3993,18.280019998550415,0.23500905773988323,obse,soup_scene3,70,old
3994,18.28493618965149,0.23776012646491756,obse,soup_scene3,70,old
3995,18.289175033569336,0.23818894248090647,obse,soup_scene3,70,old
3996,18.293628692626953,0.23875802175731262,obse,soup_scene3,70,old
3997,18.297902584075928,0.23978517969700205,obse,soup_scene3,70,old
3998,18.3026921749115,0.23978517969700205,obse,soup_scene3,70,old
3999,18.30741858482361,0.2399987549468195,obse,soup_scene3,70,old
4000,18.311875104904175,0.2399987549468195,obse,soup_scene3,70,old
4001,18.317277193069458,0.23845990868665445,obse,soup_scene3,70,old
4002,18.322237968444824,0.23845990868665445,obse,soup_scene3,70,old
4003,18.32727336883545,0.23581366530669182,obse,soup_scene3,70,old
4004,18.331891775131226,0.23678334920409222,obse,soup_scene3,70,old
4005,18.33638620376587,0.23678334920409222,obse,soup_scene3,70,old
4006,18.34097695350647,0.23591169435097326,obse,soup_scene3,70,old
4007,18.34551191329956,0.2229378696041391,obse,soup_scene3,70,old
4008,18.350423097610474,0.22207746300286235,obse,soup_scene3,70,old
4009,18.355401515960693,0.22246246087854965,obse,soup_scene3,70,old
4010,18.36082434654236,0.22457499311404744,obse,soup_scene3,70,old
4011,18.36608862876892,0.22413315026826527,obse,soup_scene3,70,old
4012,18.371189832687378,0.22413315026826527,obse,soup_scene3,70,old
4013,18.376172304153442,0.2231319252616064,obse,soup_scene3,70,old
4014,18.381322145462036,0.22305562575234616,obse,soup_scene3,70,old
4015,18.38667869567871,0.22417587765127098,obse,soup_scene3,70,old
4016,18.392035007476807,0.22343340050032465,obse,soup_scene3,70,old
4017,18.397064447402954,0.22308207491980142,obse,soup_scene3,70,old
4018,18.40220594406128,0.22253048772986794,obse,soup_scene3,70,old
4019,18.407463788986206,0.2217637584672077,obse,soup_scene3,70,old
4020,18.41272258758545,0.19217279385214409,obse,soup_scene3,70,old
4021,18.41812539100647,0.18966063181835296,obse,soup_scene3,70,old
4022,18.42317771911621,0.18975101147058307,obse,soup_scene3,70,old
4023,18.428168535232544,0.18975101147058307,obse,soup_scene3,70,old
4024,18.433298110961914,0.1906717758054272,obse,soup_scene3,70,old
4025,18.438417673110962,0.19027161525959224,obse,soup_scene3,70,old
4026,18.44406485557556,0.19196820439278744,obse,soup_scene3,70,old
4027,18.448885440826416,0.19166191277355032,obse,soup_scene3,70,old
4028,18.453366994857788,0.19166191277355032,obse,soup_scene3,70,old
4029,18.457879304885864,0.1917184581805898,obse,soup_scene3,70,old
4030,18.46237063407898,0.1917184581805898,obse,soup_scene3,70,old
4031,18.467010259628296,0.19000939193645947,obse,soup_scene3,70,old
4032,18.47159504890442,0.19000939193645947,obse,soup_scene3,70,old
4033,18.47694182395935,0.18982825508706375,obse,soup_scene3,70,old
4034,18.481556177139282,0.20011906673378785,obse,soup_scene3,70,old
4035,18.486338138580322,0.20235785922017346,obse,soup_scene3,70,old
4036,18.491087675094604,0.20267293516809656,obse,soup_scene3,70,old
4037,18.495518445968628,0.20267293516809656,obse,soup_scene3,70,old
4038,18.500243425369263,0.20220812539467206,obse,soup_scene3,70,old
4039,18.504517555236816,0.20220812539467206,obse,soup_scene3,70,old
4040,18.509175777435303,0.20368378858796796,obse,soup_scene3,70,old
4041,18.51355266571045,0.20409949807300354,obse,soup_scene3,70,old
4042,18.518232583999634,0.20407863204807944,obse,soup_scene3,70,old
4043,18.522624015808105,0.20233061558994608,obse,soup_scene3,70,old
4044,18.527179479599,0.20233061558994608,obse,soup_scene3,70,old
4045,18.531678915023804,0.2023262857692951,obse,soup_scene3,70,old
4046,18.535975217819214,0.2011061749033946,obse,soup_scene3,70,old
4047,18.540692567825317,0.2011061749033946,obse,soup_scene3,70,old
4048,18.545061111450195,0.2311726212587189,obse,soup_scene3,70,old
4049,18.549769639968872,0.23788026215125482,obse,soup_scene3,70,old
4050,18.55407953262329,0.23788026215125482,obse,soup_scene3,70,old
4051,18.55833649635315,0.23832088361695067,obse,soup_scene3,70,old
4052,18.56290626525879,0.2401322637283919,obse,soup_scene3,70,old
4053,18.56742024421692,0.2402476291904425,obse,soup_scene3,70,old
4054,18.571813106536865,0.2402476291904425,obse,soup_scene3,70,old
4055,18.576552867889404,0.23988806102191693,obse,soup_scene3,70,old
4056,18.58123230934143,0.2399545915465464,obse,soup_scene3,70,old
4057,18.585911750793457,0.23996863242918107,obse,soup_scene3,70,old
4058,18.590512990951538,0.2401435752211501,obse,soup_scene3,70,old
4059,18.59493064880371,0.24052869178234357,obse,soup_scene3,70,old
4060,18.599977254867554,0.23982197844923336,obse,soup_scene3,70,old
4061,18.604536771774292,0.23937911896296846,obse,soup_scene3,70,old
4062,18.608922004699707,0.23897761649485294,obse,soup_scene3,70,old
4063,18.61428165435791,0.22445192096890013,obse,soup_scene3,70,old
4064,18.619264364242554,0.22442975549330485,obse,soup_scene3,70,old
4065,18.624560832977295,0.2212399160173214,obse,soup_scene3,70,old
4066,18.629692316055298,0.22340526074918243,obse,soup_scene3,70,old
4067,18.6345272064209,0.22340526074918243,obse,soup_scene3,70,old
4068,18.639698266983032,0.2238037124155658,obse,soup_scene3,70,old
4069,18.644878387451172,0.2238037124155658,obse,soup_scene3,70,old
4070,18.64986276626587,0.22334492907118722,obse,soup_scene3,70,old
4071,18.654783964157104,0.22334492907118722,obse,soup_scene3,70,old
4072,18.65993857383728,0.22221198611603238,obse,soup_scene3,70,old
4073,18.6647310256958,0.22221198611603238,obse,soup_scene3,70,old
4074,18.669399976730347,0.2222481518369304,obse,soup_scene3,70,old
4075,18.67401123046875,0.22271320745503279,obse,soup_scene3,70,old
4076,18.67867875099182,0.2214678622380466,obse,soup_scene3,70,old
4077,18.68349051475525,0.221872816886011,obse,soup_scene3,70,old
4078,18.688018083572388,0.2415276366884668,obse,soup_scene3,70,old
4079,18.693279266357422,0.23995838409620732,obse,soup_scene3,70,old
4080,18.698595762252808,0.2385208083394095,obse,soup_scene3,70,old
4081,18.70402193069458,0.24194342993233925,obse,soup_scene3,70,old
4082,18.708783626556396,0.23934560397984084,obse,soup_scene3,70,old
4083,18.713245391845703,0.23934560397984084,obse,soup_scene3,70,old
4084,18.71785807609558,0.23928789922898563,obse,soup_scene3,70,old
4085,18.722142457962036,0.23928789922898563,obse,soup_scene3,70,old
4086,18.726494312286377,0.23863290729901127,obse,soup_scene3,70,old
4087,18.730781078338623,0.2385982511729426,obse,soup_scene3,70,old
4088,18.735026836395264,0.24043886850681337,obse,soup_scene3,70,old
4089,18.739354848861694,0.24162403956713388,obse,soup_scene3,70,old
4090,18.744031190872192,0.24162403956713388,obse,soup_scene3,70,old
4091,18.748422384262085,0.24127612439538942,obse,soup_scene3,70,old
4092,18.75312829017639,0.2400822466961518,obse,soup_scene3,70,old
4093,18.75804042816162,0.23885399953597747,obse,soup_scene3,70,old
4094,18.762369632720947,0.23885399953597747,obse,soup_scene3,70,old
4095,18.7668673992157,0.20748825054311515,obse,soup_scene3,70,old
4096,18.771210193634033,0.20748825054311515,obse,soup_scene3,70,old
4097,18.77604651451111,0.2074778318691688,obse,soup_scene3,70,old
4098,18.780370473861694,0.2075472862162223,obse,soup_scene3,70,old
4099,18.785048246383667,0.20631735743496069,obse,soup_scene3,70,old
4100,18.789453268051147,0.2059692501732714,obse,soup_scene3,70,old
4101,18.793968439102173,0.2059692501732714,obse,soup_scene3,70,old
4102,18.798503398895264,0.20695647392325195,obse,soup_scene3,70,old
4103,18.80307626724243,0.20695647392325195,obse,soup_scene3,70,old
4104,18.807695865631104,0.20781023294264092,obse,soup_scene3,70,old
4105,18.812053203582764,0.20781023294264092,obse,soup_scene3,70,old
4106,18.816773891448975,0.2078640266500416,obse,soup_scene3,70,old
4107,18.821179389953613,0.2078640266500416,obse,soup_scene3,70,old
4108,18.825832843780518,0.20524704217700504,obse,soup_scene3,70,old
4109,18.83021640777588,0.20513137950235172,obse,soup_scene3,70,old
4110,18.834724187850952,0.20389393962331068,obse,soup_scene3,70,old
4111,18.839094638824463,0.205048228047342,obse,soup_scene3,70,old
4112,18.843552827835083,0.205048228047342,obse,soup_scene3,70,old
4113,18.848073482513428,0.20504512437566677,obse,soup_scene3,70,old
4114,18.852632999420166,0.20504512437566677,obse,soup_scene3,70,old
4115,18.857084274291992,0.20532872718115938,obse,soup_scene3,70,old
4116,18.861557722091675,0.20532872718115938,obse,soup_scene3,70,old
4117,18.866069316864014,0.20572833178811814,obse,soup_scene3,70,old
4118,18.870463848114014,0.20572833178811814,obse,soup_scene3,70,old
4119,18.875054597854614,0.2044714178609744,obse,soup_scene3,70,old
4120,18.879281044006348,0.2044714178609744,obse,soup_scene3,70,old
4121,18.88393521308899,0.25173970000223744,obse,soup_scene3,70,old
4122,18.88814401626587,0.25173970000223744,obse,soup_scene3,70,old
4123,18.892742156982422,0.2519779627117938,obse,soup_scene3,70,old
4124,18.897382974624634,0.25068579286755727,obse,soup_scene3,70,old
4125,18.902028560638428,0.25068579286755727,obse,soup_scene3,70,old
4126,18.90692448616028,0.2514732443929264,obse,soup_scene3,70,old
4127,18.911604642868042,0.2514732443929264,obse,soup_scene3,70,old
4128,18.916263818740845,0.2487138055920588,obse,soup_scene3,70,old
4129,18.920595407485962,0.2487138055920588,obse,soup_scene3,70,old
4130,18.925302505493164,0.24839559242503206,obse,soup_scene3,70,old
4131,18.929712057113647,0.24879500478484198,obse,soup_scene3,70,old
4132,18.934128046035767,0.24712223285989213,obse,soup_scene3,70,old
4133,18.938567399978638,0.24712223285989213,obse,soup_scene3,70,old
4134,18.94309687614441,0.24712193998850293,obse,soup_scene3,70,old
4135,18.947627782821655,0.24781662593443474,obse,soup_scene3,70,old
4136,18.95212459564209,0.24781662593443474,obse,soup_scene3,70,old
4137,18.956557989120483,0.24783145073647866,obse,soup_scene3,70,old
4138,18.960872888565063,0.2482577462928176,obse,soup_scene3,70,old
4139,18.965204000473022,0.2482577462928176,obse,soup_scene3,70,old
4140,18.969683170318604,0.2464277269317752,obse,soup_scene3,70,old
4141,18.974029541015625,0.2464277269317752,obse,soup_scene3,70,old
4142,18.97872543334961,0.2473579307907112,obse,soup_scene3,70,old
4143,18.983388900756836,0.2477898294858762,obse,soup_scene3,70,old
4144,18.987618446350098,0.2477898294858762,obse,soup_scene3,70,old
4145,18.992257833480835,0.247470266028335,obse,soup_scene3,70,old
4146,18.996598958969116,0.24653195469417882,obse,soup_scene3,70,old
4147,19.001057624816895,0.24653195469417882,obse,soup_scene3,70,old
4148,19.005666732788086,0.24574690982338154,obse,soup_scene3,70,old
4149,19.010112285614014,0.22944127078159973,obse,soup_scene3,70,old
4150,19.014594554901123,0.22944127078159973,obse,soup_scene3,70,old
4151,19.019190073013306,0.22833534788707216,obse,soup_scene3,70,old
4152,19.023496389389038,0.22833534788707216,obse,soup_scene3,70,old
4153,19.027997732162476,0.2305565436473488,obse,soup_scene3,70,old
4154,19.032152891159058,0.2305565436473488,obse,soup_scene3,70,old
4155,19.036668062210083,0.2305565436473488,obse,soup_scene3,70,old
4156,19.041130542755127,0.22946519612188687,obse,soup_scene3,70,old
4157,19.045568466186523,0.22946519612188687,obse,soup_scene3,70,old
4158,19.05000591278076,0.2290400792379668,obse,soup_scene3,70,old
4159,19.05437922477722,0.22595746495830007,obse,soup_scene3,70,old
4160,19.058782815933228,0.22595746495830007,obse,soup_scene3,70,old
4161,19.063482761383057,0.22736511908981488,obse,soup_scene3,70,old
4162,19.068225383758545,0.22736511908981488,obse,soup_scene3,70,old
4163,19.072441816329956,0.22736511908981488,obse,soup_scene3,70,old
4164,19.07717251777649,0.22650289529743117,obse,soup_scene3,70,old
4165,19.081905364990234,0.22687350381890925,obse,soup_scene3,70,old
4166,19.08656406402588,0.22687542427181234,obse,soup_scene3,70,old
4167,19.091315746307373,0.22636489151874942,obse,soup_scene3,70,old
4168,19.096086263656616,0.22754313080993196,obse,soup_scene3,70,old
4169,19.100825548171997,0.2738603602276569,obse,soup_scene3,70,old
4170,19.10576844215393,0.2744445064727367,obse,soup_scene3,70,old
4171,19.110453605651855,0.2744266080177335,obse,soup_scene3,70,old
4172,19.11520552635193,0.27602384504404015,obse,soup_scene3,70,old
4173,19.11996078491211,0.27435032809837095,obse,soup_scene3,70,old
4174,19.124686002731323,0.27465987289606447,obse,soup_scene3,70,old
4175,19.129475593566895,0.2757120882044318,obse,soup_scene3,70,old
4176,19.134599685668945,0.2777191507957019,obse,soup_scene3,70,old
4177,19.139665126800537,0.2780576948046854,obse,soup_scene3,70,old
4178,19.144227266311646,0.2780576948046854,obse,soup_scene3,70,old
4179,19.149035453796387,0.277220369617432,obse,soup_scene3,70,old
4180,19.154170989990234,0.277220369617432,obse,soup_scene3,70,old
4181,19.158774375915527,0.27773497714515705,obse,soup_scene3,70,old
4182,19.163215160369873,0.27773497714515705,obse,soup_scene3,70,old
4183,19.168270587921143,0.2781676340942197,obse,soup_scene3,70,old
4184,19.173158407211304,0.27784148009011883,obse,soup_scene3,70,old
4185,19.178088188171387,0.27784148009011883,obse,soup_scene3,70,old
4186,19.182995557785034,0.2769801123534374,obse,soup_scene3,70,old
4187,19.187427282333374,0.2769801123534374,obse,soup_scene3,70,old
4188,19.19204044342041,0.2770402280385843,obse,soup_scene3,70,old
4189,19.196223735809326,0.2770402280385843,obse,soup_scene3,70,old
4190,19.200886964797974,0.2768644596823287,obse,soup_scene3,70,old
4191,19.20631694793701,0.2763807039931927,obse,soup_scene3,70,old
4192,19.210766553878784,0.2763807039931927,obse,soup_scene3,70,old
4193,19.215426921844482,0.25660536380183707,obse,soup_scene3,70,old
4194,19.21989941596985,0.2531519257355986,obse,soup_scene3,70,old
4195,19.22438621520996,0.2529910790723029,obse,soup_scene3,70,old
4196,19.228681802749634,0.2529910790723029,obse,soup_scene3,70,old
4197,19.23372793197632,0.2533932981934039,obse,soup_scene3,70,old
4198,19.237855672836304,0.2533932981934039,obse,soup_scene3,70,old
4199,19.242329597473145,0.25282620093846714,obse,soup_scene3,70,old
4200,19.24658489227295,0.25282620093846714,obse,soup_scene3,70,old
4201,19.251264333724976,0.25292935809722056,obse,soup_scene3,70,old
4202,19.25546908378601,0.25292935809722056,obse,soup_scene3,70,old
4203,19.26036548614502,0.252495130676829,obse,soup_scene3,70,old
4204,19.264840841293335,0.2528361448308657,obse,soup_scene3,70,old
4205,19.269315242767334,0.2528361448308657,obse,soup_scene3,70,old
4206,19.273712158203125,0.25236718700907074,obse,soup_scene3,70,old
4207,19.27820110321045,0.25236718700907074,obse,soup_scene3,70,old
4208,19.282628774642944,0.25309552812682334,obse,soup_scene3,70,old
4209,19.28697657585144,0.24184152873010906,obse,soup_scene3,70,old
4210,19.29170846939087,0.2404528803701929,obse,soup_scene3,70,old
4211,19.295870780944824,0.2404528803701929,obse,soup_scene3,70,old
4212,19.30060601234436,0.24067909833814097,obse,soup_scene3,70,old
4213,19.30475115776062,0.24067909833814097,obse,soup_scene3,70,old
4214,19.30949068069458,0.24023423342537048,obse,soup_scene3,70,old
4215,19.313844203948975,0.24023423342537048,obse,soup_scene3,70,old
4216,19.31851887702942,0.2404220705761673,obse,soup_scene3,70,old
4217,19.322876691818237,0.24006090169025127,obse,soup_scene3,70,old
4218,19.327369928359985,0.23977862690815813,obse,soup_scene3,70,old
4219,19.331620693206787,0.24020085290064805,obse,soup_scene3,70,old
4220,19.336339235305786,0.24002129123274768,obse,soup_scene3,70,old
4221,19.340834379196167,0.23973255002685134,obse,soup_scene3,70,old
4222,19.34518074989319,0.23973255002685134,obse,soup_scene3,70,old
4223,19.34985065460205,0.22530553334099346,obse,soup_scene3,70,old
4224,19.354228258132935,0.22247894874373048,obse,soup_scene3,70,old
4225,19.35888910293579,0.22247335380698055,obse,soup_scene3,70,old
4226,19.362979650497437,0.22247335380698055,obse,soup_scene3,70,old
4227,19.36750817298889,0.22173829513672752,obse,soup_scene3,70,old
4228,19.37191891670227,0.2216722508479868,obse,soup_scene3,70,old
4229,19.37648892402649,0.2214463404427468,obse,soup_scene3,70,old
4230,19.381016492843628,0.22238843268839856,obse,soup_scene3,70,old
4231,19.38559579849243,0.22238843268839856,obse,soup_scene3,70,old
4232,19.389899015426636,0.22238474097811722,obse,soup_scene3,70,old
4233,19.39443802833557,0.22221990303710887,obse,soup_scene3,70,old
4234,19.398797750473022,0.22179417904977697,obse,soup_scene3,70,old
4235,19.403105974197388,0.22179417904977697,obse,soup_scene3,70,old
4236,19.407893419265747,0.2223716753680377,obse,soup_scene3,70,old
4237,19.412246465682983,0.21922537842492273,obse,soup_scene3,70,old
4238,19.41734290122986,0.21852061779878948,obse,soup_scene3,70,old
4239,19.4216890335083,0.21849586755978337,obse,soup_scene3,70,old
4240,19.42640972137451,0.21887919062377056,obse,soup_scene3,70,old
4241,19.430773496627808,0.21892432666623082,obse,soup_scene3,70,old
4242,19.435271739959717,0.21887044373364395,obse,soup_scene3,70,old
4243,19.439661502838135,0.21887201279432006,obse,soup_scene3,70,old
4244,19.444108247756958,0.21858835189632275,obse,soup_scene3,70,old
4245,19.448648929595947,0.21913655279010108,obse,soup_scene3,70,old
4246,19.453181505203247,0.21913655279010108,obse,soup_scene3,70,old
4247,19.458491563796997,0.21856618342748088,obse,soup_scene3,70,old
4248,19.46308398246765,0.21856618342748088,obse,soup_scene3,70,old
4249,19.46831965446472,0.21846117757252878,obse,soup_scene3,70,old
4250,19.47322702407837,0.21882856810094622,obse,soup_scene3,70,old
4251,19.47770118713379,0.22905029944098917,obse,soup_scene3,70,old
4252,19.482171297073364,0.22875750795722158,obse,soup_scene3,70,old
4253,19.486645698547363,0.22994259469798325,obse,soup_scene3,70,old
4254,19.491883993148804,0.23010842931541872,obse,soup_scene3,70,old
4255,19.496904611587524,0.2301317676343582,obse,soup_scene3,70,old
4256,19.502004384994507,0.23062040860605773,obse,soup_scene3,70,old
4257,19.50707745552063,0.22972359799856107,obse,soup_scene3,70,old
4258,19.511844635009766,0.22972359799856107,obse,soup_scene3,70,old
4259,19.51708436012268,0.2298675127832358,obse,soup_scene3,70,old
4260,19.522037029266357,0.22947562752544176,obse,soup_scene3,70,old
4261,19.52733087539673,0.2298628366847682,obse,soup_scene3,70,old
4262,19.532237768173218,0.22968876739924868,obse,soup_scene3,70,old
4263,19.537055492401123,0.22968876739924868,obse,soup_scene3,70,old
4264,19.542426347732544,0.22994201603522776,obse,soup_scene3,70,old
4265,19.547451734542847,0.23463313412699693,obse,soup_scene3,70,old
4266,19.552628993988037,0.23479024220611674,obse,soup_scene3,70,old
4267,19.557731866836548,0.2352293787142463,obse,soup_scene3,70,old
4268,19.562368869781494,0.2352293787142463,obse,soup_scene3,70,old
4269,19.567707300186157,0.2346708866047772,obse,soup_scene3,70,old
4270,19.572930335998535,0.23494532842238927,obse,soup_scene3,70,old
4271,19.577922821044922,0.23494532842238927,obse,soup_scene3,70,old
4272,19.583372116088867,0.23472902095523554,obse,soup_scene3,70,old
4273,19.58818769454956,0.2347903008741896,obse,soup_scene3,70,old
4274,19.592811107635498,0.23493021568128167,obse,soup_scene3,70,old
4275,19.5970458984375,0.23493021568128167,obse,soup_scene3,70,old
4276,19.60152506828308,0.2347220505784141,obse,soup_scene3,70,old
4277,19.605948448181152,0.23519525832998986,obse,soup_scene3,70,old
4278,19.61079978942871,0.2366460233302499,obse,soup_scene3,70,old
4279,19.615802526474,0.23650446673616785,obse,soup_scene3,70,old
4280,19.620975255966187,0.2369487875938706,obse,soup_scene3,70,old
4281,19.626537322998047,0.23702535174432524,obse,soup_scene3,70,old
4282,19.63143277168274,0.23714560298862838,obse,soup_scene3,70,old
4283,19.636159896850586,0.23714560298862838,obse,soup_scene3,70,old
4284,19.64145565032959,0.23664487823244768,obse,soup_scene3,70,old
4285,19.646222591400146,0.23664487823244768,obse,soup_scene3,70,old
4286,19.651554346084595,0.23712271696476384,obse,soup_scene3,70,old
4287,19.656724214553833,0.23723218614371125,obse,soup_scene3,70,old
4288,19.661399126052856,0.23723218614371125,obse,soup_scene3,70,old
4289,19.66647458076477,0.23720838604531375,obse,soup_scene3,70,old
4290,19.67132329940796,0.23720838604531375,obse,soup_scene3,70,old
4291,19.676687002182007,0.23703512486394743,obse,soup_scene3,70,old
4292,19.68170714378357,0.2287829251064999,obse,soup_scene3,70,old
4293,19.686766386032104,0.22807026387504498,obse,soup_scene3,70,old
4294,19.692095279693604,0.22758182442112493,obse,soup_scene3,70,old
4295,19.696871280670166,0.22758182442112493,obse,soup_scene3,70,old
4296,19.702117681503296,0.22826527269330085,obse,soup_scene3,70,old
4297,19.706938982009888,0.22765953882392975,obse,soup_scene3,70,old
4298,19.711907625198364,0.22765953882392975,obse,soup_scene3,70,old
4299,19.71714735031128,0.22748396312503436,obse,soup_scene3,70,old
4300,19.722158193588257,0.22748396312503436,obse,soup_scene3,70,old
4301,19.727529048919678,0.22745769024075446,obse,soup_scene3,70,old
4302,19.73224663734436,0.2276800166438605,obse,soup_scene3,70,old
4303,19.73735284805298,0.2276800166438605,obse,soup_scene3,70,old
4304,19.742541313171387,0.2278058266857976,obse,soup_scene3,70,old
4305,19.747633457183838,0.22578587887147009,obse,soup_scene3,70,old
4306,19.752652168273926,0.22582536460937008,obse,soup_scene3,70,old
4307,19.757898807525635,0.22578391803068915,obse,soup_scene3,70,old
4308,19.762885808944702,0.22538537194607336,obse,soup_scene3,70,old
4309,19.76791286468506,0.2253061885692149,obse,soup_scene3,70,old
4310,19.77287006378174,0.2253061885692149,obse,soup_scene3,70,old
4311,19.777679204940796,0.22545833385860728,obse,soup_scene3,70,old
4312,19.782806634902954,0.22545833385860728,obse,soup_scene3,70,old
4313,19.787909984588623,0.226086508086607,obse,soup_scene3,70,old
4314,19.793007373809814,0.226086508086607,obse,soup_scene3,70,old
4315,19.797958374023438,0.2256279967830712,obse,soup_scene3,70,old
4316,19.802943468093872,0.2256279967830712,obse,soup_scene3,70,old
4317,19.80834174156189,0.22555010238031373,obse,soup_scene3,70,old
4318,19.81336236000061,0.2336375388510867,obse,soup_scene3,70,old
4319,19.81843614578247,0.23381927944372768,obse,soup_scene3,70,old
4320,19.823484182357788,0.23381336578517883,obse,soup_scene3,70,old
4321,19.828391790390015,0.2338504632509154,obse,soup_scene3,70,old
4322,19.833531856536865,0.23341937623360293,obse,soup_scene3,70,old
4323,19.838744640350342,0.23363979223627768,obse,soup_scene3,70,old
4324,19.84360957145691,0.23363979223627768,obse,soup_scene3,70,old
4325,19.848936557769775,0.23362026958997753,obse,soup_scene3,70,old
4326,19.853646278381348,0.23379181489601095,obse,soup_scene3,70,old
4327,19.858787536621094,0.23340359365096386,obse,soup_scene3,70,old
4328,19.863620281219482,0.23340359365096386,obse,soup_scene3,70,old
4329,19.868674755096436,0.2334764445149373,obse,soup_scene3,70,old
4330,19.874065399169922,0.23325822631698268,obse,soup_scene3,70,old
4331,19.878782749176025,0.23383633434114207,obse,soup_scene3,70,old
4332,19.88435125350952,0.23396297077286043,obse,soup_scene3,70,old
4333,19.88952898979187,0.23536051954333542,obse,soup_scene3,70,old
4334,19.89498734474182,0.23555119498994598,obse,soup_scene3,70,old
4335,19.900233030319214,0.23510842572742544,obse,soup_scene3,70,old
4336,19.905017614364624,0.23510842572742544,obse,soup_scene3,70,old
4337,19.910261392593384,0.23506731265364728,obse,soup_scene3,70,old
4338,19.914666652679443,0.23510025381705701,obse,soup_scene3,70,old
4339,19.91930103302002,0.23480241655837727,obse,soup_scene3,70,old
4340,19.92367434501648,0.23514175948736157,obse,soup_scene3,70,old
4341,19.928263902664185,0.23514175948736157,obse,soup_scene3,70,old
4342,19.932735443115234,0.23558011299999426,obse,soup_scene3,70,old
4343,19.937103033065796,0.23558011299999426,obse,soup_scene3,70,old
4344,19.941561937332153,0.23570816447617612,obse,soup_scene3,70,old
4345,19.945878744125366,0.2247357314407838,obse,soup_scene3,70,old
4346,19.950565099716187,0.22310841193339556,obse,soup_scene3,70,old
4347,19.954752206802368,0.22310841193339556,obse,soup_scene3,70,old
4348,19.959529161453247,0.22340114048789012,obse,soup_scene3,70,old
4349,19.96372628211975,0.22340114048789012,obse,soup_scene3,70,old
4350,19.968240976333618,0.22396502919396316,obse,soup_scene3,70,old
4351,19.972525596618652,0.22375160508978392,obse,soup_scene3,70,old
4352,19.97700810432434,0.22357389511282239,obse,soup_scene3,70,old
4353,19.981476306915283,0.22328131531495016,obse,soup_scene3,70,old
4354,19.98586630821228,0.22328131531495016,obse,soup_scene3,70,old
4355,19.990368843078613,0.22331474263349016,obse,soup_scene3,70,old
4356,19.994768619537354,0.22331474263349016,obse,soup_scene3,70,old
4357,19.999232053756714,0.22325267970341325,obse,soup_scene3,70,old
4358,20.003581285476685,0.2236101261478004,obse,soup_scene3,70,old
4359,20.00799536705017,0.2231959660526588,obse,soup_scene3,70,old
4360,20.012413024902344,0.2301530036295588,obse,soup_scene3,70,old
4361,20.016983032226562,0.23069172104299965,obse,soup_scene3,70,old
4362,20.021338939666748,0.23069172104299965,obse,soup_scene3,70,old
4363,20.025943756103516,0.23121090225090302,obse,soup_scene3,70,old
4364,20.030259609222412,0.23121090225090302,obse,soup_scene3,70,old
4365,20.034886121749878,0.23149054897669902,obse,soup_scene3,70,old
4366,20.039212226867676,0.23105425735791577,obse,soup_scene3,70,old
4367,20.04369616508484,0.23102193901838622,obse,soup_scene3,70,old
4368,20.04815673828125,0.2313400857931621,obse,soup_scene3,70,old
4369,20.052543878555298,0.2313400857931621,obse,soup_scene3,70,old
4370,20.056945085525513,0.23102080472266695,obse,soup_scene3,70,old
4371,20.061418294906616,0.23102080472266695,obse,soup_scene3,70,old
4372,20.066091060638428,0.2311369398186221,obse,soup_scene3,70,old
4373,20.07046389579773,0.2311369398186221,obse,soup_scene3,70,old
4374,20.07511830329895,0.23068872605776794,obse,soup_scene3,70,old
4375,20.079559087753296,0.23779148032274064,obse,soup_scene3,70,old
4376,20.08415722846985,0.23916608314417298,obse,soup_scene3,70,old
4377,20.088576555252075,0.23919809842104467,obse,soup_scene3,70,old
4378,20.093156337738037,0.23850560360890302,obse,soup_scene3,70,old
4379,20.09752368927002,0.2388822685680149,obse,soup_scene3,70,old
4380,20.102097988128662,0.2388501141155907,obse,soup_scene3,70,old
4381,20.106507539749146,0.23871244392868576,obse,soup_scene3,70,old
4382,20.110934257507324,0.23871244392868576,obse,soup_scene3,70,old
4383,20.115635871887207,0.23917437856864449,obse,soup_scene3,70,old
4384,20.120216131210327,0.23917437856864449,obse,soup_scene3,70,old
4385,20.124744415283203,0.23879394080290914,obse,soup_scene3,70,old
4386,20.129122734069824,0.23879394080290914,obse,soup_scene3,70,old
4387,20.133777856826782,0.2391286866874881,obse,soup_scene3,70,old
4388,20.1382052898407,0.2391286866874881,obse,soup_scene3,70,old
4389,20.14282727241516,0.23861285536558344,obse,soup_scene3,70,old
4390,20.147395610809326,0.23379884062820752,obse,soup_scene3,70,old
4391,20.152180910110474,0.23373049951309183,obse,soup_scene3,70,old
4392,20.156458854675293,0.23373049951309183,obse,soup_scene3,70,old
4393,20.16107201576233,0.23367054232778894,obse,soup_scene3,70,old
4394,20.16550064086914,0.23367054232778894,obse,soup_scene3,70,old
4395,20.170032262802124,0.23357892689679052,obse,soup_scene3,70,old
4396,20.174415826797485,0.23357892689679052,obse,soup_scene3,70,old
4397,20.178802728652954,0.23395714670561474,obse,soup_scene3,70,old
4398,20.18345546722412,0.23353981039254137,obse,soup_scene3,70,old
4399,20.187690258026123,0.23353981039254137,obse,soup_scene3,70,old
4400,20.192232847213745,0.2332787655219684,obse,soup_scene3,70,old
4401,20.196574449539185,0.23331948621383464,obse,soup_scene3,70,old
4402,20.20118474960327,0.2335381813934407,obse,soup_scene3,70,old
4403,20.2056405544281,0.23365978180699043,obse,soup_scene3,70,old
4404,20.21016550064087,0.23368174907908612,obse,soup_scene3,70,old
4405,20.214478492736816,0.23325872116340324,obse,soup_scene3,70,old
4406,20.218939781188965,0.23377484018351224,obse,soup_scene3,70,old
4407,20.223618745803833,0.2338741612058911,obse,soup_scene3,70,old
4408,20.228286027908325,0.2337308358171992,obse,soup_scene3,70,old
4409,20.232908487319946,0.23360296852367757,obse,soup_scene3,70,old
4410,20.237289905548096,0.23360296852367757,obse,soup_scene3,70,old
4411,20.241697788238525,0.23360296852367757,obse,soup_scene3,70,old
4412,20.246248722076416,0.23353573432389813,obse,soup_scene3,70,old
4413,20.25078558921814,0.23360917288616873,obse,soup_scene3,70,old
4414,20.2552547454834,0.23324489485589608,obse,soup_scene3,70,old
4415,20.25987434387207,0.2332575719963764,obse,soup_scene3,70,old
4416,20.264214515686035,0.2333176965634738,obse,soup_scene3,70,old
4417,20.2686128616333,0.2333176965634738,obse,soup_scene3,70,old
4418,20.273730039596558,0.2330593992305825,obse,soup_scene3,70,old
4419,20.278583765029907,0.2334834827127525,obse,soup_scene3,70,old
4420,20.2834894657135,0.21840897141505747,obse,soup_scene3,70,old
4421,20.28812551498413,0.21866074437056846,obse,soup_scene3,70,old
4422,20.292941570281982,0.21880045758415112,obse,soup_scene3,70,old
4423,20.29725408554077,0.2183874645222738,obse,soup_scene3,70,old
4424,20.30202627182007,0.21834903572206818,obse,soup_scene3,70,old
4425,20.306348085403442,0.21876856588657712,obse,soup_scene3,70,old
4426,20.311183214187622,0.21862729124527264,obse,soup_scene3,70,old
4427,20.31597065925598,0.2185645634028824,obse,soup_scene3,70,old
4428,20.320342540740967,0.2185645634028824,obse,soup_scene3,70,old
4429,20.324951648712158,0.2187681993402319,obse,soup_scene3,70,old
4430,20.32922053337097,0.2187681993402319,obse,soup_scene3,70,old
4431,20.333980321884155,0.21886591564089244,obse,soup_scene3,70,old
4432,20.338189840316772,0.21886591564089244,obse,soup_scene3,70,old
4433,20.342939138412476,0.23092166344661208,obse,soup_scene3,70,old
4434,20.34729504585266,0.2309348326496487,obse,soup_scene3,70,old
4435,20.35214591026306,0.23158925204260947,obse,soup_scene3,70,old
4436,20.356633186340332,0.23138139465041435,obse,soup_scene3,70,old
4437,20.36111855506897,0.23138139465041435,obse,soup_scene3,70,old
4438,20.365670680999756,0.23125565483052782,obse,soup_scene3,70,old
4439,20.370020389556885,0.23125565483052782,obse,soup_scene3,70,old
4440,20.37449836730957,0.23177186556642926,obse,soup_scene3,70,old
4441,20.378711700439453,0.23177186556642926,obse,soup_scene3,70,old
4442,20.383551120758057,0.23203271291321845,obse,soup_scene3,70,old
4443,20.387884616851807,0.23203271291321845,obse,soup_scene3,70,old
4444,20.39334011077881,0.2317821693472722,obse,soup_scene3,70,old
4445,20.397841930389404,0.23216538635053138,obse,soup_scene3,70,old
4446,20.40252661705017,0.23204526245079282,obse,soup_scene3,70,old
4447,20.407124996185303,0.23149941902764196,obse,soup_scene3,70,old
4448,20.41173481941223,0.2323271232447952,obse,soup_scene3,70,old
4449,20.41655468940735,0.23209401952368136,obse,soup_scene3,70,old
4450,20.42093539237976,0.23196266101121166,obse,soup_scene3,70,old
4451,20.425560474395752,0.23287819963328957,obse,soup_scene3,70,old
4452,20.429858922958374,0.23287819963328957,obse,soup_scene3,70,old
4453,20.434561729431152,0.23284303325190062,obse,soup_scene3,70,old
4454,20.43888545036316,0.23284303325190062,obse,soup_scene3,70,old
4455,20.443527460098267,0.23226574362981797,obse,soup_scene3,70,old
4456,20.448002099990845,0.23219738741624776,obse,soup_scene3,70,old
4457,20.452571868896484,0.23219738741624776,obse,soup_scene3,70,old
4458,20.457025051116943,0.2328142469932799,obse,soup_scene3,70,old
4459,20.461539268493652,0.2328142469932799,obse,soup_scene3,70,old
4460,20.466103315353394,0.23228495480170613,obse,soup_scene3,70,old
4461,20.470503568649292,0.23228495480170613,obse,soup_scene3,70,old
4462,20.475141048431396,0.2330342130291325,obse,soup_scene3,70,old
4463,20.479487895965576,0.2306964727662996,obse,soup_scene3,70,old
4464,20.484191417694092,0.2303901257989519,obse,soup_scene3,70,old
4465,20.488434076309204,0.2303901257989519,obse,soup_scene3,70,old
4466,20.49316430091858,0.22976759694442925,obse,soup_scene3,70,old
4467,20.497541427612305,0.22976759694442925,obse,soup_scene3,70,old
4468,20.502152919769287,0.22974048794273713,obse,soup_scene3,70,old
4469,20.506711959838867,0.22951118908684692,obse,soup_scene3,70,old
4470,20.511157751083374,0.22951118908684692,obse,soup_scene3,70,old
4471,20.51585841178894,0.23024036838889794,obse,soup_scene3,70,old
4472,20.52021074295044,0.23024036838889794,obse,soup_scene3,70,old
4473,20.524763584136963,0.23009786041217103,obse,soup_scene3,70,old
4474,20.529067277908325,0.23009786041217103,obse,soup_scene3,70,old
4475,20.533719778060913,0.2302757517055926,obse,soup_scene3,70,old
4476,20.537982940673828,0.2302757517055926,obse,soup_scene3,70,old
4477,20.542602062225342,0.23012035802740854,obse,soup_scene3,70,old
4478,20.547184228897095,0.23210879810899174,obse,soup_scene3,70,old
4479,20.552051782608032,0.23235832680969035,obse,soup_scene3,70,old
4480,20.5566189289093,0.2318221913083538,obse,soup_scene3,70,old
4481,20.56105351448059,0.2318221913083538,obse,soup_scene3,70,old
4482,20.565466165542603,0.23240377365042572,obse,soup_scene3,70,old
4483,20.570019483566284,0.23240377365042572,obse,soup_scene3,70,old
4484,20.574705600738525,0.23225166491113644,obse,soup_scene3,70,old
4485,20.578885078430176,0.23225166491113644,obse,soup_scene3,70,old
4486,20.583555698394775,0.23283382397394375,obse,soup_scene3,70,old
4487,20.58777618408203,0.23283382397394375,obse,soup_scene3,70,old
4488,20.592250108718872,0.2324848723188973,obse,soup_scene3,70,old
4489,20.596465826034546,0.2324848723188973,obse,soup_scene3,70,old
4490,20.600870370864868,0.23194812733447195,obse,soup_scene3,70,old
4491,20.605144262313843,0.23237288431828385,obse,soup_scene3,70,old
4492,20.609792709350586,0.23297811944587504,obse,soup_scene3,70,old
4493,20.614293575286865,0.23735097550461642,obse,soup_scene3,70,old
4494,20.619163274765015,0.23679748082052537,obse,soup_scene3,70,old
4495,20.623621702194214,0.23723476988605352,obse,soup_scene3,70,old
4496,20.627965450286865,0.23723476988605352,obse,soup_scene3,70,old
4497,20.632826328277588,0.23741792141622084,obse,soup_scene3,70,old
4498,20.637011528015137,0.23741792141622084,obse,soup_scene3,70,old
4499,20.64166259765625,0.23714798995461303,obse,soup_scene3,70,old
4500,20.64601707458496,0.23714798995461303,obse,soup_scene3,70,old
4501,20.650750875473022,0.23701406787036447,obse,soup_scene3,70,old
4502,20.654963731765747,0.23701406787036447,obse,soup_scene3,70,old
4503,20.65948796272278,0.23683541273390202,obse,soup_scene3,70,old
4504,20.663824558258057,0.23691576634821268,obse,soup_scene3,70,old
4505,20.668264865875244,0.23691843730585263,obse,soup_scene3,70,old
4506,20.672735691070557,0.23696041387205433,obse,soup_scene3,70,old
4507,20.677135467529297,0.22366760272716948,obse,soup_scene3,70,old
4508,20.681639432907104,0.22387820677271897,obse,soup_scene3,70,old
4509,20.68602967262268,0.22229052885054978,obse,soup_scene3,70,old
4510,20.690510988235474,0.22216538652406032,obse,soup_scene3,70,old
4511,20.694912433624268,0.22216538652406032,obse,soup_scene3,70,old
4512,20.699543714523315,0.2216950334170432,obse,soup_scene3,70,old
4513,20.703946828842163,0.2216950334170432,obse,soup_scene3,70,old
4514,20.708759307861328,0.22197416199420486,obse,soup_scene3,70,old
4515,20.713029861450195,0.22197416199420486,obse,soup_scene3,70,old
4516,20.71775221824646,0.22161318037500807,obse,soup_scene3,70,old
4517,20.7221097946167,0.22161318037500807,obse,soup_scene3,70,old
4518,20.72662091255188,0.2218986629457322,obse,soup_scene3,70,old
4519,20.73102116584778,0.2222378033024954,obse,soup_scene3,70,old
4520,20.735477209091187,0.22228736646864378,obse,soup_scene3,70,old
4521,20.739996194839478,0.22230422196507277,obse,soup_scene3,70,old
4522,20.744503021240234,0.23411659638283722,obse,soup_scene3,70,old
4523,20.74900984764099,0.23392580597242332,obse,soup_scene3,70,old
4524,20.75343084335327,0.2347543296747749,obse,soup_scene3,70,old
4525,20.75807285308838,0.23453989443151615,obse,soup_scene3,70,old
4526,20.762293815612793,0.23453989443151615,obse,soup_scene3,70,old
4527,20.767178297042847,0.2345049368678601,obse,soup_scene3,70,old
4528,20.77134656906128,0.2345049368678601,obse,soup_scene3,70,old
4529,20.775964736938477,0.23451730921076355,obse,soup_scene3,70,old
4530,20.780208826065063,0.23451730921076355,obse,soup_scene3,70,old
4531,20.784977197647095,0.23471584621410613,obse,soup_scene3,70,old
4532,20.789398431777954,0.23520912678576186,obse,soup_scene3,70,old
4533,20.793887853622437,0.23498126984834203,obse,soup_scene3,70,old
4534,20.79849362373352,0.23451528521691703,obse,soup_scene3,70,old
4535,20.802980422973633,0.2344454569756915,obse,soup_scene3,70,old
4536,20.80752682685852,0.2348608751983811,obse,soup_scene3,70,old
4537,20.811970710754395,0.23695444041183558,obse,soup_scene3,70,old
4538,20.81667971611023,0.2367403798981348,obse,soup_scene3,70,old
4539,20.820886373519897,0.23673828541369174,obse,soup_scene3,70,old
4540,20.825581550598145,0.2369061775357348,obse,soup_scene3,70,old
4541,20.829734563827515,0.2369061775357348,obse,soup_scene3,70,old
4542,20.834357738494873,0.23702143325625874,obse,soup_scene3,70,old
4543,20.838630437850952,0.23702143325625874,obse,soup_scene3,70,old
4544,20.843298196792603,0.23623523249227715,obse,soup_scene3,70,old
4545,20.847737550735474,0.23691335091198734,obse,soup_scene3,70,old
4546,20.85226798057556,0.23691335091198734,obse,soup_scene3,70,old
4547,20.856720209121704,0.23707918283358168,obse,soup_scene3,70,old
4548,20.861144542694092,0.23707918283358168,obse,soup_scene3,70,old
4549,20.86585235595703,0.2369563233954112,obse,soup_scene3,70,old
4550,20.870110750198364,0.2369563233954112,obse,soup_scene3,70,old
4551,20.87472939491272,0.2374875987149733,obse,soup_scene3,70,old
4552,20.879189252853394,0.24003892416315536,obse,soup_scene3,70,old
4553,20.883416414260864,0.24003892416315536,obse,soup_scene3,70,old
4554,20.887534618377686,0.24003892416315536,obse,soup_scene3,70,old
4555,20.89165472984314,0.24003892416315536,obse,soup_scene3,70,old
4556,20.895769357681274,0.24003892416315536,obse,soup_scene3,70,old
4557,20.89986252784729,0.24003892416315536,obse,soup_scene3,70,old
4558,20.903937339782715,0.24003892416315536,obse,soup_scene3,70,old
4559,20.908082246780396,0.24003892416315536,obse,soup_scene3,70,old
4560,20.912163257598877,0.24003892416315536,obse,soup_scene3,70,old
4561,20.916272163391113,0.24003892416315536,obse,soup_scene3,70,old
4562,20.920408248901367,0.24003892416315536,obse,soup_scene3,70,old
4563,20.92452311515808,0.24003892416315536,obse,soup_scene3,70,old
4564,20.92864227294922,0.24003892416315536,obse,soup_scene3,70,old
4565,20.93274736404419,0.24003892416315536,obse,soup_scene3,70,old
4566,20.936854124069214,0.24003892416315536,obse,soup_scene3,70,old
4567,20.940966606140137,0.24003892416315536,obse,soup_scene3,70,old
4568,20.945043802261353,0.24003892416315536,obse,soup_scene3,70,old
4569,20.949150800704956,0.24003892416315536,obse,soup_scene3,70,old
4570,20.953261137008667,0.24003892416315536,obse,soup_scene3,70,old
4571,20.95741057395935,0.24003892416315536,obse,soup_scene3,70,old
4572,20.961507320404053,0.24003892416315536,obse,soup_scene3,70,old
4573,20.96562647819519,0.24003892416315536,obse,soup_scene3,70,old
4574,20.969725370407104,0.24003892416315536,obse,soup_scene3,70,old
4575,20.973917722702026,0.24003892416315536,obse,soup_scene3,70,old
4576,20.978013038635254,0.24003892416315536,obse,soup_scene3,70,old
4577,20.982131004333496,0.24003892416315536,obse,soup_scene3,70,old
4578,20.986250638961792,0.24003892416315536,obse,soup_scene3,70,old
4579,20.99037742614746,0.24003892416315536,obse,soup_scene3,70,old
4580,20.994496822357178,0.24003892416315536,obse,soup_scene3,70,old
4581,20.998597860336304,0.24003892416315536,obse,soup_scene3,70,old
4582,21.0027072429657,0.24003892416315536,obse,soup_scene3,70,old
4583,21.00676941871643,0.24003892416315536,obse,soup_scene3,70,old
4584,21.010871410369873,0.24003892416315536,obse,soup_scene3,70,old
4585,21.014951944351196,0.24003892416315536,obse,soup_scene3,70,old
4586,21.019118309020996,0.24003892416315536,obse,soup_scene3,70,old
4587,21.023202180862427,0.24003892416315536,obse,soup_scene3,70,old
4588,21.027334451675415,0.24003892416315536,obse,soup_scene3,70,old
4589,21.031445741653442,0.24003892416315536,obse,soup_scene3,70,old
4590,21.03556752204895,0.24003892416315536,obse,soup_scene3,70,old
4591,21.039663791656494,0.24003892416315536,obse,soup_scene3,70,old
4592,21.043779611587524,0.24003892416315536,obse,soup_scene3,70,old
4593,21.047884941101074,0.24003892416315536,obse,soup_scene3,70,old
4594,21.052361488342285,0.24003892416315536,obse,soup_scene3,70,old
4595,21.05814552307129,0.24003892416315536,obse,soup_scene3,70,old
4596,21.062537670135498,0.24003892416315536,obse,soup_scene3,70,old
4597,21.066766262054443,0.24003892416315536,obse,soup_scene3,70,old
4598,21.070913314819336,0.24003892416315536,obse,soup_scene3,70,old
4599,21.07507061958313,0.24003892416315536,obse,soup_scene3,70,old
4600,21.079182147979736,0.24003892416315536,obse,soup_scene3,70,old
4601,21.08335041999817,0.24003892416315536,obse,soup_scene3,70,old
4602,21.087448835372925,0.24003892416315536,obse,soup_scene3,70,old
4603,21.091580152511597,0.24003892416315536,obse,soup_scene3,70,old
4604,21.09568452835083,0.24003892416315536,obse,soup_scene3,70,old
4605,21.099837064743042,0.24003892416315536,obse,soup_scene3,70,old
4606,21.10395050048828,0.24003892416315536,obse,soup_scene3,70,old
4607,21.108076810836792,0.24003892416315536,obse,soup_scene3,70,old
4608,21.1122567653656,0.24003892416315536,obse,soup_scene3,70,old
4609,21.1164608001709,0.24003892416315536,obse,soup_scene3,70,old
4610,21.120627403259277,0.24003892416315536,obse,soup_scene3,70,old
4611,21.12474298477173,0.24003892416315536,obse,soup_scene3,70,old
4612,21.128835678100586,0.24003892416315536,obse,soup_scene3,70,old
4613,21.133000135421753,0.24003892416315536,obse,soup_scene3,70,old
4614,21.137134075164795,0.24003892416315536,obse,soup_scene3,70,old
4615,21.14123010635376,0.24003892416315536,obse,soup_scene3,70,old
4616,21.14541459083557,0.24003892416315536,obse,soup_scene3,70,old
4617,21.150147676467896,0.24003892416315536,obse,soup_scene3,70,old
4618,21.15462303161621,0.24003892416315536,obse,soup_scene3,70,old
4619,21.1589457988739,0.24003892416315536,obse,soup_scene3,70,old
4620,21.163472175598145,0.24003892416315536,obse,soup_scene3,70,old
4621,21.16794776916504,0.24003892416315536,obse,soup_scene3,70,old
4622,21.172067880630493,0.24003892416315536,obse,soup_scene3,70,old
4623,21.176172971725464,0.24003892416315536,obse,soup_scene3,70,old
4624,21.18027400970459,0.24003892416315536,obse,soup_scene3,70,old
4625,21.184390544891357,0.24003892416315536,obse,soup_scene3,70,old
4626,21.188523292541504,0.24003892416315536,obse,soup_scene3,70,old
4627,21.19263744354248,0.24003892416315536,obse,soup_scene3,70,old
4628,21.19674849510193,0.24003892416315536,obse,soup_scene3,70,old
4629,21.20087695121765,0.24003892416315536,obse,soup_scene3,70,old
4630,21.204946279525757,0.24003892416315536,obse,soup_scene3,70,old
4631,21.209051609039307,0.24003892416315536,obse,soup_scene3,70,old
4632,21.213156700134277,0.24003892416315536,obse,soup_scene3,70,old
4633,21.21722936630249,0.24003892416315536,obse,soup_scene3,70,old
4634,21.22135019302368,0.24003892416315536,obse,soup_scene3,70,old
4635,21.225470066070557,0.24003892416315536,obse,soup_scene3,70,old
4636,21.22956418991089,0.24003892416315536,obse,soup_scene3,70,old
4637,21.23367428779602,0.24003892416315536,obse,soup_scene3,70,old
4638,21.237720489501953,0.24003892416315536,obse,soup_scene3,70,old
4639,21.241816997528076,0.24003892416315536,obse,soup_scene3,70,old
4640,21.245963096618652,0.24003892416315536,obse,soup_scene3,70,old
4641,21.25019860267639,0.24003892416315536,obse,soup_scene3,70,old
4642,21.254342555999756,0.24003892416315536,obse,soup_scene3,70,old
4643,21.258447408676147,0.24003892416315536,obse,soup_scene3,70,old
4644,21.262564420700073,0.24003892416315536,obse,soup_scene3,70,old
4645,21.26666760444641,0.24003892416315536,obse,soup_scene3,70,old
4646,21.27076268196106,0.24003892416315536,obse,soup_scene3,70,old
4647,21.27490735054016,0.24003892416315536,obse,soup_scene3,70,old
4648,21.279181003570557,0.24003892416315536,obse,soup_scene3,70,old
4649,21.28356122970581,0.24003892416315536,obse,soup_scene3,70,old
4650,21.2876877784729,0.24003892416315536,obse,soup_scene3,70,old
4651,21.291943073272705,0.24003892416315536,obse,soup_scene3,70,old
4652,21.29630970954895,0.24003892416315536,obse,soup_scene3,70,old
4653,21.300415992736816,0.24003892416315536,obse,soup_scene3,70,old
4654,21.304665088653564,0.24003892416315536,obse,soup_scene3,70,old
4655,21.309036254882812,0.24003892416315536,obse,soup_scene3,70,old
4656,21.313470602035522,0.24003892416315536,obse,soup_scene3,70,old
4657,21.31790018081665,0.24003892416315536,obse,soup_scene3,70,old
4658,21.32220721244812,0.24003892416315536,obse,soup_scene3,70,old
4659,21.32653284072876,0.24003892416315536,obse,soup_scene3,70,old
4660,21.33090329170227,0.24003892416315536,obse,soup_scene3,70,old
4661,21.335180521011353,0.24003892416315536,obse,soup_scene3,70,old
4662,21.33942198753357,0.24003892416315536,obse,soup_scene3,70,old
4663,21.343729734420776,0.24003892416315536,obse,soup_scene3,70,old
4664,21.347940921783447,0.24003892416315536,obse,soup_scene3,70,old
4665,21.35205626487732,0.24003892416315536,obse,soup_scene3,70,old
4666,21.356388568878174,0.24003892416315536,obse,soup_scene3,70,old
4667,21.360899925231934,0.24003892416315536,obse,soup_scene3,70,old
4668,21.36533236503601,0.24003892416315536,obse,soup_scene3,70,old
4669,21.369799375534058,0.24003892416315536,obse,soup_scene3,70,old
4670,21.37417697906494,0.24003892416315536,obse,soup_scene3,70,old
4671,21.378405570983887,0.24003892416315536,obse,soup_scene3,70,old
4672,21.3826687335968,0.24003892416315536,obse,soup_scene3,70,old
4673,21.386998176574707,0.24003892416315536,obse,soup_scene3,70,old
4674,21.391294240951538,0.24003892416315536,obse,soup_scene3,70,old
4675,21.395629167556763,0.24003892416315536,obse,soup_scene3,70,old
4676,21.39999794960022,0.24003892416315536,obse,soup_scene3,70,old
4677,21.404390335083008,0.24003892416315536,obse,soup_scene3,70,old
4678,21.408753871917725,0.24003892416315536,obse,soup_scene3,70,old
4679,21.412898302078247,0.24003892416315536,obse,soup_scene3,70,old
4680,21.41708207130432,0.24003892416315536,obse,soup_scene3,70,old
4681,21.421159744262695,0.24003892416315536,obse,soup_scene3,70,old
4682,21.425270080566406,0.24003892416315536,obse,soup_scene3,70,old
4683,21.42938208580017,0.24003892416315536,obse,soup_scene3,70,old
4684,21.433480978012085,0.24003892416315536,obse,soup_scene3,70,old
4685,21.43758273124695,0.24003892416315536,obse,soup_scene3,70,old
4686,21.44167733192444,0.24003892416315536,obse,soup_scene3,70,old
4687,21.445796012878418,0.24003892416315536,obse,soup_scene3,70,old
4688,21.44997811317444,0.24003892416315536,obse,soup_scene3,70,old
4689,21.454073190689087,0.24003892416315536,obse,soup_scene3,70,old
4690,21.45823049545288,0.24003892416315536,obse,soup_scene3,70,old
4691,21.462329387664795,0.24003892416315536,obse,soup_scene3,70,old
4692,21.46642804145813,0.24003892416315536,obse,soup_scene3,70,old
4693,21.47052240371704,0.24003892416315536,obse,soup_scene3,70,old
4694,21.474661588668823,0.24003892416315536,obse,soup_scene3,70,old
4695,21.47876477241516,0.24003892416315536,obse,soup_scene3,70,old
4696,21.48293924331665,0.24003892416315536,obse,soup_scene3,70,old
4697,21.487108945846558,0.24003892416315536,obse,soup_scene3,70,old
4698,21.491248846054077,0.24003892416315536,obse,soup_scene3,70,old
4699,21.495402336120605,0.24003892416315536,obse,soup_scene3,70,old
4700,21.49971318244934,0.24003892416315536,obse,soup_scene3,70,old
4701,21.503954887390137,0.24003892416315536,obse,soup_scene3,70,old
4702,21.50806427001953,0.24003892416315536,obse,soup_scene3,70,old
4703,21.512134075164795,0.24003892416315536,obse,soup_scene3,70,old
4704,21.51625418663025,0.24003892416315536,obse,soup_scene3,70,old
4705,21.52039122581482,0.24003892416315536,obse,soup_scene3,70,old
4706,21.52447748184204,0.24003892416315536,obse,soup_scene3,70,old
4707,21.52856755256653,0.24003892416315536,obse,soup_scene3,70,old
4708,21.532694101333618,0.24003892416315536,obse,soup_scene3,70,old
4709,21.536832809448242,0.24003892416315536,obse,soup_scene3,70,old
4710,21.540932416915894,0.24003892416315536,obse,soup_scene3,70,old
4711,21.54500412940979,0.24003892416315536,obse,soup_scene3,70,old
4712,21.549115896224976,0.24003892416315536,obse,soup_scene3,70,old
4713,21.553248167037964,0.24003892416315536,obse,soup_scene3,70,old
4714,21.557393312454224,0.24003892416315536,obse,soup_scene3,70,old
4715,21.561487674713135,0.24003892416315536,obse,soup_scene3,70,old
4716,21.56559658050537,0.24003892416315536,obse,soup_scene3,70,old
4717,21.569721221923828,0.24003892416315536,obse,soup_scene3,70,old
4718,21.57380723953247,0.24003892416315536,obse,soup_scene3,70,old
4719,21.57788062095642,0.24003892416315536,obse,soup_scene3,70,old
4720,21.58196496963501,0.24003892416315536,obse,soup_scene3,70,old
4721,21.58613657951355,0.24003892416315536,obse,soup_scene3,70,old
4722,21.59033513069153,0.24003892416315536,obse,soup_scene3,70,old
4723,21.594446182250977,0.24003892416315536,obse,soup_scene3,70,old
4724,21.598569869995117,0.24003892416315536,obse,soup_scene3,70,old
4725,21.602703332901,0.24003892416315536,obse,soup_scene3,70,old
4726,21.606817722320557,0.24003892416315536,obse,soup_scene3,70,old
4727,21.611034631729126,0.24003892416315536,obse,soup_scene3,70,old
4728,21.61517882347107,0.24003892416315536,obse,soup_scene3,70,old
4729,21.61945939064026,0.24003892416315536,obse,soup_scene3,70,old
4730,21.623627185821533,0.24003892416315536,obse,soup_scene3,70,old
4731,21.62776470184326,0.24003892416315536,obse,soup_scene3,70,old
4732,21.631885766983032,0.24003892416315536,obse,soup_scene3,70,old
4733,21.636008977890015,0.24003892416315536,obse,soup_scene3,70,old
4734,21.64011240005493,0.24003892416315536,obse,soup_scene3,70,old
4735,21.644253253936768,0.24003892416315536,obse,soup_scene3,70,old
4736,21.648353815078735,0.24003892416315536,obse,soup_scene3,70,old
4737,21.652567625045776,0.24003892416315536,obse,soup_scene3,70,old
4738,21.656653881072998,0.24003892416315536,obse,soup_scene3,70,old
4739,21.660801649093628,0.24003892416315536,obse,soup_scene3,70,old
4740,21.664911031723022,0.24003892416315536,obse,soup_scene3,70,old
4741,21.6690092086792,0.24003892416315536,obse,soup_scene3,70,old
4742,21.673137187957764,0.24003892416315536,obse,soup_scene3,70,old
4743,21.677424907684326,0.24003892416315536,obse,soup_scene3,70,old
4744,21.681487798690796,0.24003892416315536,obse,soup_scene3,70,old
4745,21.68560290336609,0.24003892416315536,obse,soup_scene3,70,old
4746,21.689790725708008,0.24003892416315536,obse,soup_scene3,70,old
4747,21.69391179084778,0.24003892416315536,obse,soup_scene3,70,old
4748,21.698010206222534,0.24003892416315536,obse,soup_scene3,70,old
4749,21.70210862159729,0.24003892416315536,obse,soup_scene3,70,old
4750,21.706191301345825,0.24003892416315536,obse,soup_scene3,70,old
4751,21.71030592918396,0.24003892416315536,obse,soup_scene3,70,old
4752,21.714415788650513,0.24003892416315536,obse,soup_scene3,70,old
4753,21.718616485595703,0.24003892416315536,obse,soup_scene3,70,old
4754,21.722724199295044,0.24003892416315536,obse,soup_scene3,70,old
4755,21.726865768432617,0.24003892416315536,obse,soup_scene3,70,old
4756,21.73092746734619,0.24003892416315536,obse,soup_scene3,70,old
4757,21.73501706123352,0.24003892416315536,obse,soup_scene3,70,old
4758,21.739105701446533,0.24003892416315536,obse,soup_scene3,70,old
4759,21.743176460266113,0.24003892416315536,obse,soup_scene3,70,old
4760,21.74731707572937,0.24003892416315536,obse,soup_scene3,70,old
4761,21.751418113708496,0.24003892416315536,obse,soup_scene3,70,old
4762,21.75554084777832,0.24003892416315536,obse,soup_scene3,70,old
4763,21.759655475616455,0.24003892416315536,obse,soup_scene3,70,old
4764,21.763739347457886,0.24003892416315536,obse,soup_scene3,70,old
4765,21.767844915390015,0.24003892416315536,obse,soup_scene3,70,old
4766,21.771926164627075,0.24003892416315536,obse,soup_scene3,70,old
4767,21.77603030204773,0.24003892416315536,obse,soup_scene3,70,old
4768,21.780130863189697,0.24003892416315536,obse,soup_scene3,70,old
4769,21.784311056137085,0.24003892416315536,obse,soup_scene3,70,old
4770,21.788424730300903,0.24003892416315536,obse,soup_scene3,70,old
4771,21.792536973953247,0.24003892416315536,obse,soup_scene3,70,old
4772,21.796650409698486,0.24003892416315536,obse,soup_scene3,70,old
4773,21.800758361816406,0.24003892416315536,obse,soup_scene3,70,old
4774,21.80485725402832,0.24003892416315536,obse,soup_scene3,70,old
4775,21.80898880958557,0.24003892416315536,obse,soup_scene3,70,old
4776,21.813053607940674,0.24003892416315536,obse,soup_scene3,70,old
4777,21.817171096801758,0.24003892416315536,obse,soup_scene3,70,old
4778,21.821329355239868,0.24003892416315536,obse,soup_scene3,70,old
4779,21.825427770614624,0.24003892416315536,obse,soup_scene3,70,old
4780,21.829502820968628,0.24003892416315536,obse,soup_scene3,70,old
4781,21.833681344985962,0.24003892416315536,obse,soup_scene3,70,old
4782,21.837783098220825,0.24003892416315536,obse,soup_scene3,70,old
4783,21.841917037963867,0.24003892416315536,obse,soup_scene3,70,old
4784,21.846019983291626,0.24003892416315536,obse,soup_scene3,70,old
4785,21.85012435913086,0.24003892416315536,obse,soup_scene3,70,old
4786,21.85422420501709,0.24003892416315536,obse,soup_scene3,70,old
4787,21.858333110809326,0.24003892416315536,obse,soup_scene3,70,old
4788,21.862504720687866,0.24003892416315536,obse,soup_scene3,70,old
4789,21.866640329360962,0.24003892416315536,obse,soup_scene3,70,old
4790,21.87072467803955,0.24003892416315536,obse,soup_scene3,70,old
4791,21.87496328353882,0.24003892416315536,obse,soup_scene3,70,old
4792,21.879095315933228,0.24003892416315536,obse,soup_scene3,70,old
4793,21.883220911026,0.24003892416315536,obse,soup_scene3,70,old
4794,21.887417793273926,0.24003892416315536,obse,soup_scene3,70,old
4795,21.891599893569946,0.24003892416315536,obse,soup_scene3,70,old
4796,21.89571523666382,0.24003892416315536,obse,soup_scene3,70,old
4797,21.899821281433105,0.24003892416315536,obse,soup_scene3,70,old
4798,21.903926372528076,0.24003892416315536,obse,soup_scene3,70,old
4799,21.908101320266724,0.24003892416315536,obse,soup_scene3,70,old
4800,21.912245988845825,0.24003892416315536,obse,soup_scene3,70,old
4801,21.916335105895996,0.24003892416315536,obse,soup_scene3,70,old
4802,21.920500993728638,0.24003892416315536,obse,soup_scene3,70,old
4803,21.92463517189026,0.24003892416315536,obse,soup_scene3,70,old
4804,21.928742170333862,0.24003892416315536,obse,soup_scene3,70,old
4805,21.93284559249878,0.24003892416315536,obse,soup_scene3,70,old
4806,21.937004804611206,0.24003892416315536,obse,soup_scene3,70,old
4807,21.941120862960815,0.24003892416315536,obse,soup_scene3,70,old
4808,21.945216178894043,0.24003892416315536,obse,soup_scene3,70,old
4809,21.949331283569336,0.24003892416315536,obse,soup_scene3,70,old
4810,21.953442573547363,0.24003892416315536,obse,soup_scene3,70,old
4811,21.95757007598877,0.24003892416315536,obse,soup_scene3,70,old
4812,21.961733102798462,0.24003892416315536,obse,soup_scene3,70,old
4813,21.965869188308716,0.24003892416315536,obse,soup_scene3,70,old
4814,21.97002863883972,0.24003892416315536,obse,soup_scene3,70,old
4815,21.974146366119385,0.24003892416315536,obse,soup_scene3,70,old
4816,21.978217363357544,0.24003892416315536,obse,soup_scene3,70,old
4817,21.98236346244812,0.24003892416315536,obse,soup_scene3,70,old
4818,21.986512184143066,0.24003892416315536,obse,soup_scene3,70,old
4819,21.990650415420532,0.24003892416315536,obse,soup_scene3,70,old
4820,21.99476981163025,0.24003892416315536,obse,soup_scene3,70,old
4821,21.998902082443237,0.24003892416315536,obse,soup_scene3,70,old
4822,22.003037929534912,0.24003892416315536,obse,soup_scene3,70,old
4823,22.007185459136963,0.24003892416315536,obse,soup_scene3,70,old
4824,22.011305570602417,0.24003892416315536,obse,soup_scene3,70,old
4825,22.015397548675537,0.24003892416315536,obse,soup_scene3,70,old
4826,22.019566535949707,0.24003892416315536,obse,soup_scene3,70,old
4827,22.023700714111328,0.24003892416315536,obse,soup_scene3,70,old
4828,22.027831554412842,0.24003892416315536,obse,soup_scene3,70,old
4829,22.031907558441162,0.24003892416315536,obse,soup_scene3,70,old
4830,22.03606152534485,0.24003892416315536,obse,soup_scene3,70,old
4831,22.040144205093384,0.24003892416315536,obse,soup_scene3,70,old
4832,22.044267177581787,0.24003892416315536,obse,soup_scene3,70,old
4833,22.048351526260376,0.24003892416315536,obse,soup_scene3,70,old
4834,22.05247950553894,0.24003892416315536,obse,soup_scene3,70,old
4835,22.05659508705139,0.24003892416315536,obse,soup_scene3,70,old
4836,22.060710191726685,0.24003892416315536,obse,soup_scene3,70,old
4837,22.064825773239136,0.24003892416315536,obse,soup_scene3,70,old
4838,22.068947792053223,0.24003892416315536,obse,soup_scene3,70,old
4839,22.07305335998535,0.24003892416315536,obse,soup_scene3,70,old
4840,22.07717251777649,0.24003892416315536,obse,soup_scene3,70,old
4841,22.081281423568726,0.24003892416315536,obse,soup_scene3,70,old
4842,22.085448265075684,0.24003892416315536,obse,soup_scene3,70,old
4843,22.08960795402527,0.24003892416315536,obse,soup_scene3,70,old
4844,22.093745946884155,0.24003892416315536,obse,soup_scene3,70,old
4845,22.097845554351807,0.24003892416315536,obse,soup_scene3,70,old
4846,22.101969242095947,0.24003892416315536,obse,soup_scene3,70,old
4847,22.10606360435486,0.24003892416315536,obse,soup_scene3,70,old
4848,22.110217809677124,0.24003892416315536,obse,soup_scene3,70,old
4849,22.114325761795044,0.24003892416315536,obse,soup_scene3,70,old
4850,22.118637800216675,0.24003892416315536,obse,soup_scene3,70,old
4851,22.12279748916626,0.24003892416315536,obse,soup_scene3,70,old
4852,22.126906394958496,0.24003892416315536,obse,soup_scene3,70,old
4853,22.131031274795532,0.24003892416315536,obse,soup_scene3,70,old
4854,22.135191440582275,0.24003892416315536,obse,soup_scene3,70,old
4855,22.139283180236816,0.24003892416315536,obse,soup_scene3,70,old
4856,22.143364906311035,0.24003892416315536,obse,soup_scene3,70,old
4857,22.147441864013672,0.24003892416315536,obse,soup_scene3,70,old
4858,22.15154457092285,0.24003892416315536,obse,soup_scene3,70,old
4859,22.15567898750305,0.24003892416315536,obse,soup_scene3,70,old
4860,22.159780263900757,0.24003892416315536,obse,soup_scene3,70,old
4861,22.16390371322632,0.24003892416315536,obse,soup_scene3,70,old
4862,22.16803503036499,0.24003892416315536,obse,soup_scene3,70,old
4863,22.17212438583374,0.24003892416315536,obse,soup_scene3,70,old
4864,22.176238775253296,0.24003892416315536,obse,soup_scene3,70,old
4865,22.180342197418213,0.24003892416315536,obse,soup_scene3,70,old
4866,22.18449378013611,0.24003892416315536,obse,soup_scene3,70,old
4867,22.188631772994995,0.24003892416315536,obse,soup_scene3,70,old
4868,22.192803144454956,0.24003892416315536,obse,soup_scene3,70,old
4869,22.19689679145813,0.24003892416315536,obse,soup_scene3,70,old
4870,22.20102071762085,0.24003892416315536,obse,soup_scene3,70,old
4871,22.205177068710327,0.24003892416315536,obse,soup_scene3,70,old
4872,22.209319591522217,0.24003892416315536,obse,soup_scene3,70,old
4873,22.213402271270752,0.24003892416315536,obse,soup_scene3,70,old
4874,22.217546224594116,0.24003892416315536,obse,soup_scene3,70,old
4875,22.221699476242065,0.24003892416315536,obse,soup_scene3,70,old
4876,22.225866317749023,0.24003892416315536,obse,soup_scene3,70,old
4877,22.22998285293579,0.24003892416315536,obse,soup_scene3,70,old
4878,22.234060049057007,0.24003892416315536,obse,soup_scene3,70,old
4879,22.238162755966187,0.24003892416315536,obse,soup_scene3,70,old
4880,22.242268085479736,0.24003892416315536,obse,soup_scene3,70,old
4881,22.246350526809692,0.24003892416315536,obse,soup_scene3,70,old
4882,22.250462770462036,0.24003892416315536,obse,soup_scene3,70,old
4883,22.25456976890564,0.24003892416315536,obse,soup_scene3,70,old
4884,22.2588312625885,0.24003892416315536,obse,soup_scene3,70,old
4885,22.263116121292114,0.24003892416315536,obse,soup_scene3,70,old
4886,22.26730489730835,0.24003892416315536,obse,soup_scene3,70,old
4887,22.271401405334473,0.24003892416315536,obse,soup_scene3,70,old
4888,22.2755286693573,0.24003892416315536,obse,soup_scene3,70,old
4889,22.279626846313477,0.24003892416315536,obse,soup_scene3,70,old
4890,22.283763885498047,0.24003892416315536,obse,soup_scene3,70,old
4891,22.28790307044983,0.24003892416315536,obse,soup_scene3,70,old
4892,22.292102813720703,0.24003892416315536,obse,soup_scene3,70,old
4893,22.296244382858276,0.24003892416315536,obse,soup_scene3,70,old
4894,22.300372838974,0.24003892416315536,obse,soup_scene3,70,old
4895,22.304476261138916,0.24003892416315536,obse,soup_scene3,70,old
4896,22.30860447883606,0.24003892416315536,obse,soup_scene3,70,old
4897,22.31275200843811,0.24003892416315536,obse,soup_scene3,70,old
4898,22.31684637069702,0.24003892416315536,obse,soup_scene3,70,old
4899,22.32095217704773,0.24003892416315536,obse,soup_scene3,70,old
4900,22.325058460235596,0.24003892416315536,obse,soup_scene3,70,old
4901,22.32917833328247,0.24003892416315536,obse,soup_scene3,70,old
4902,22.333303689956665,0.24003892416315536,obse,soup_scene3,70,old
4903,22.337464809417725,0.24003892416315536,obse,soup_scene3,70,old
4904,22.341566562652588,0.24003892416315536,obse,soup_scene3,70,old
4905,22.345691919326782,0.24003892416315536,obse,soup_scene3,70,old
4906,22.349809169769287,0.24003892416315536,obse,soup_scene3,70,old
4907,22.35395836830139,0.24003892416315536,obse,soup_scene3,70,old
4908,22.358078479766846,0.24003892416315536,obse,soup_scene3,70,old
4909,22.36223316192627,0.24003892416315536,obse,soup_scene3,70,old
4910,22.366405487060547,0.24003892416315536,obse,soup_scene3,70,old
4911,22.370529890060425,0.24003892416315536,obse,soup_scene3,70,old
4912,22.37468194961548,0.24003892416315536,obse,soup_scene3,70,old
4913,22.378798961639404,0.24003892416315536,obse,soup_scene3,70,old
4914,22.382921934127808,0.24003892416315536,obse,soup_scene3,70,old
4915,22.387096643447876,0.24003892416315536,obse,soup_scene3,70,old
4916,22.391250133514404,0.24003892416315536,obse,soup_scene3,70,old
4917,22.39537286758423,0.24003892416315536,obse,soup_scene3,70,old
4918,22.399465560913086,0.24003892416315536,obse,soup_scene3,70,old
4919,22.40357995033264,0.24003892416315536,obse,soup_scene3,70,old
4920,22.407743453979492,0.24003892416315536,obse,soup_scene3,70,old
4921,22.4118390083313,0.24003892416315536,obse,soup_scene3,70,old
4922,22.415963888168335,0.24003892416315536,obse,soup_scene3,70,old
4923,22.420053482055664,0.24003892416315536,obse,soup_scene3,70,old
4924,22.424187660217285,0.24003892416315536,obse,soup_scene3,70,old
4925,22.42829942703247,0.24003892416315536,obse,soup_scene3,70,old
4926,22.43237805366516,0.24003892416315536,obse,soup_scene3,70,old
4927,22.436498403549194,0.24003892416315536,obse,soup_scene3,70,old
4928,22.44062089920044,0.24003892416315536,obse,soup_scene3,70,old
4929,22.444736003875732,0.24003892416315536,obse,soup_scene3,70,old
4930,22.44883680343628,0.24003892416315536,obse,soup_scene3,70,old
4931,22.452991008758545,0.24003892416315536,obse,soup_scene3,70,old
4932,22.457099199295044,0.24003892416315536,obse,soup_scene3,70,old
4933,22.461235761642456,0.24003892416315536,obse,soup_scene3,70,old
4934,22.46538543701172,0.24003892416315536,obse,soup_scene3,70,old
4935,22.469499826431274,0.24003892416315536,obse,soup_scene3,70,old
4936,22.473592281341553,0.24003892416315536,obse,soup_scene3,70,old
4937,22.477692127227783,0.24003892416315536,obse,soup_scene3,70,old
4938,22.481801509857178,0.24003892416315536,obse,soup_scene3,70,old
4939,22.48593258857727,0.24003892416315536,obse,soup_scene3,70,old
4940,22.490049123764038,0.24003892416315536,obse,soup_scene3,70,old
4941,22.494178533554077,0.24003892416315536,obse,soup_scene3,70,old
4942,22.498249292373657,0.24003892416315536,obse,soup_scene3,70,old
4943,22.502361297607422,0.24003892416315536,obse,soup_scene3,70,old
4944,22.506463766098022,0.24003892416315536,obse,soup_scene3,70,old
4945,22.510610103607178,0.24003892416315536,obse,soup_scene3,70,old
4946,22.514729738235474,0.24003892416315536,obse,soup_scene3,70,old
4947,22.518861532211304,0.24003892416315536,obse,soup_scene3,70,old
4948,22.52297806739807,0.24003892416315536,obse,soup_scene3,70,old
4949,22.527114391326904,0.24003892416315536,obse,soup_scene3,70,old
4950,22.531228065490723,0.24003892416315536,obse,soup_scene3,70,old
4951,22.535364389419556,0.24003892416315536,obse,soup_scene3,70,old
4952,22.539507389068604,0.24003892416315536,obse,soup_scene3,70,old
4953,22.543654680252075,0.24003892416315536,obse,soup_scene3,70,old
4954,22.54777503013611,0.24003892416315536,obse,soup_scene3,70,old
4955,22.55189847946167,0.24003892416315536,obse,soup_scene3,70,old
4956,22.55604362487793,0.24003892416315536,obse,soup_scene3,70,old
4957,22.560197591781616,0.24003892416315536,obse,soup_scene3,70,old
4958,22.564310550689697,0.24003892416315536,obse,soup_scene3,70,old
4959,22.568451166152954,0.24003892416315536,obse,soup_scene3,70,old
4960,22.57256507873535,0.24003892416315536,obse,soup_scene3,70,old
4961,22.576702117919922,0.24003892416315536,obse,soup_scene3,70,old
4962,22.58082103729248,0.24003892416315536,obse,soup_scene3,70,old
4963,22.58497428894043,0.24003892416315536,obse,soup_scene3,70,old
4964,22.58912420272827,0.24003892416315536,obse,soup_scene3,70,old
4965,22.593245267868042,0.24003892416315536,obse,soup_scene3,70,old
4966,22.597400903701782,0.24003892416315536,obse,soup_scene3,70,old
4967,22.601528644561768,0.24003892416315536,obse,soup_scene3,70,old
4968,22.60564684867859,0.24003892416315536,obse,soup_scene3,70,old
4969,22.610233545303345,0.24003892416315536,obse,soup_scene3,70,old
4970,22.61486029624939,0.24003892416315536,obse,soup_scene3,70,old
4971,22.619115591049194,0.24003892416315536,obse,soup_scene3,70,old
4972,22.62336015701294,0.24003892416315536,obse,soup_scene3,70,old
4973,22.627485990524292,0.24003892416315536,obse,soup_scene3,70,old
4974,22.631604433059692,0.24003892416315536,obse,soup_scene3,70,old
4975,22.63572931289673,0.24003892416315536,obse,soup_scene3,70,old
4976,22.63984227180481,0.24003892416315536,obse,soup_scene3,70,old
4977,22.6439528465271,0.24003892416315536,obse,soup_scene3,70,old
4978,22.648048877716064,0.24003892416315536,obse,soup_scene3,70,old
4979,22.6521577835083,0.24003892416315536,obse,soup_scene3,70,old
4980,22.656310558319092,0.24003892416315536,obse,soup_scene3,70,old
4981,22.66041350364685,0.24003892416315536,obse,soup_scene3,70,old
4982,22.664516925811768,0.24003892416315536,obse,soup_scene3,70,old
4983,22.66863489151001,0.24003892416315536,obse,soup_scene3,70,old
4984,22.672815561294556,0.24003892416315536,obse,soup_scene3,70,old
4985,22.676988124847412,0.24003892416315536,obse,soup_scene3,70,old
4986,22.681092977523804,0.24003892416315536,obse,soup_scene3,70,old
4987,22.685242414474487,0.24003892416315536,obse,soup_scene3,70,old
4988,22.689574718475342,0.24003892416315536,obse,soup_scene3,70,old
4989,22.693894386291504,0.24003892416315536,obse,soup_scene3,70,old
4990,22.698018550872803,0.24003892416315536,obse,soup_scene3,70,old
4991,22.70212721824646,0.24003892416315536,obse,soup_scene3,70,old
4992,22.706278562545776,0.24003892416315536,obse,soup_scene3,70,old
4993,22.71043634414673,0.24003892416315536,obse,soup_scene3,70,old
4994,22.714529037475586,0.24003892416315536,obse,soup_scene3,70,old
4995,22.718660831451416,0.24003892416315536,obse,soup_scene3,70,old
4996,22.72277283668518,0.24003892416315536,obse,soup_scene3,70,old
4997,22.726935386657715,0.24003892416315536,obse,soup_scene3,70,old
4998,22.732327222824097,0.24003892416315536,obse,soup_scene3,70,old
4999,22.737167358398438,0.24003892416315536,obse,soup_scene3,70,old
5000,22.741422414779663,0.24003892416315536,obse,soup_scene3,70,old
5001,22.745586156845093,0.24003892416315536,obse,soup_scene3,70,old
5002,22.749696016311646,0.24003892416315536,obse,soup_scene3,70,old
5003,22.75382709503174,0.24003892416315536,obse,soup_scene3,70,old
5004,22.75801396369934,0.24003892416315536,obse,soup_scene3,70,old
5005,22.76213264465332,0.24003892416315536,obse,soup_scene3,70,old
5006,22.766268491744995,0.24003892416315536,obse,soup_scene3,70,old
5007,22.770405054092407,0.24003892416315536,obse,soup_scene3,70,old
5008,22.774582624435425,0.24003892416315536,obse,soup_scene3,70,old
5009,22.778691053390503,0.24003892416315536,obse,soup_scene3,70,old
5010,22.782816171646118,0.24003892416315536,obse,soup_scene3,70,old
5011,22.78696608543396,0.24003892416315536,obse,soup_scene3,70,old
5012,22.791196584701538,0.24003892416315536,obse,soup_scene3,70,old
5013,22.795337438583374,0.24003892416315536,obse,soup_scene3,70,old
5014,22.79946756362915,0.24003892416315536,obse,soup_scene3,70,old
5015,22.803600072860718,0.24003892416315536,obse,soup_scene3,70,old
5016,22.807703495025635,0.24003892416315536,obse,soup_scene3,70,old
5017,22.811805963516235,0.24003892416315536,obse,soup_scene3,70,old
5018,22.815938711166382,0.24003892416315536,obse,soup_scene3,70,old
5019,22.82003092765808,0.24003892416315536,obse,soup_scene3,70,old
5020,22.824172019958496,0.24003892416315536,obse,soup_scene3,70,old
5021,22.828253507614136,0.24003892416315536,obse,soup_scene3,70,old
5022,22.832371473312378,0.24003892416315536,obse,soup_scene3,70,old
5023,22.836543798446655,0.24003892416315536,obse,soup_scene3,70,old
5024,22.8406662940979,0.24003892416315536,obse,soup_scene3,70,old
5025,22.844794511795044,0.24003892416315536,obse,soup_scene3,70,old
5026,22.84887719154358,0.24003892416315536,obse,soup_scene3,70,old
5027,22.853010892868042,0.24003892416315536,obse,soup_scene3,70,old
5028,22.857144832611084,0.24003892416315536,obse,soup_scene3,70,old
5029,22.861321449279785,0.24003892416315536,obse,soup_scene3,70,old
5030,22.865459442138672,0.24003892416315536,obse,soup_scene3,70,old
5031,22.869542598724365,0.24003892416315536,obse,soup_scene3,70,old
5032,22.87368416786194,0.24003892416315536,obse,soup_scene3,70,old
5033,22.877820253372192,0.24003892416315536,obse,soup_scene3,70,old
5034,22.88194441795349,0.24003892416315536,obse,soup_scene3,70,old
5035,22.886103630065918,0.24003892416315536,obse,soup_scene3,70,old
5036,22.8902370929718,0.24003892416315536,obse,soup_scene3,70,old
5037,22.894410133361816,0.24003892416315536,obse,soup_scene3,70,old
5038,22.89853596687317,0.24003892416315536,obse,soup_scene3,70,old
5039,22.90266489982605,0.24003892416315536,obse,soup_scene3,70,old
5040,22.906818628311157,0.24003892416315536,obse,soup_scene3,70,old
5041,22.910918712615967,0.24003892416315536,obse,soup_scene3,70,old
5042,22.91504669189453,0.24003892416315536,obse,soup_scene3,70,old
5043,22.919222831726074,0.24003892416315536,obse,soup_scene3,70,old
5044,22.92336368560791,0.24003892416315536,obse,soup_scene3,70,old
5045,22.92747163772583,0.24003892416315536,obse,soup_scene3,70,old
5046,22.93155860900879,0.24003892416315536,obse,soup_scene3,70,old
5047,22.93568229675293,0.24003892416315536,obse,soup_scene3,70,old
5048,22.939805507659912,0.24003892416315536,obse,soup_scene3,70,old
5049,22.943907737731934,0.24003892416315536,obse,soup_scene3,70,old
5050,22.94803738594055,0.24003892416315536,obse,soup_scene3,70,old
5051,22.95215678215027,0.24003892416315536,obse,soup_scene3,70,old
5052,22.956255435943604,0.24003892416315536,obse,soup_scene3,70,old
5053,22.960360050201416,0.24003892416315536,obse,soup_scene3,70,old
5054,22.9645254611969,0.24003892416315536,obse,soup_scene3,70,old
5055,22.968672037124634,0.24003892416315536,obse,soup_scene3,70,old
5056,22.972808361053467,0.24003892416315536,obse,soup_scene3,70,old
5057,22.976949453353882,0.24003892416315536,obse,soup_scene3,70,old
5058,22.981053829193115,0.24003892416315536,obse,soup_scene3,70,old
5059,22.985193729400635,0.24003892416315536,obse,soup_scene3,70,old
5060,22.989598035812378,0.24003892416315536,obse,soup_scene3,70,old
5061,22.993873596191406,0.24003892416315536,obse,soup_scene3,70,old
5062,22.998067378997803,0.24003892416315536,obse,soup_scene3,70,old
5063,23.00228214263916,0.24003892416315536,obse,soup_scene3,70,old
5064,23.00642442703247,0.24003892416315536,obse,soup_scene3,70,old
5065,23.0106418132782,0.24003892416315536,obse,soup_scene3,70,old
5066,23.01507329940796,0.24003892416315536,obse,soup_scene3,70,old
5067,23.019334316253662,0.24003892416315536,obse,soup_scene3,70,old
5068,23.023443460464478,0.24003892416315536,obse,soup_scene3,70,old
5069,23.02771258354187,0.24003892416315536,obse,soup_scene3,70,old
5070,23.031962871551514,0.24003892416315536,obse,soup_scene3,70,old
5071,23.03622031211853,0.24003892416315536,obse,soup_scene3,70,old
5072,23.040485382080078,0.24003892416315536,obse,soup_scene3,70,old
5073,23.044674396514893,0.24003892416315536,obse,soup_scene3,70,old
5074,23.04881739616394,0.24003892416315536,obse,soup_scene3,70,old
5075,23.052998542785645,0.24003892416315536,obse,soup_scene3,70,old
5076,23.057187795639038,0.24003892416315536,obse,soup_scene3,70,old
5077,23.061323165893555,0.24003892416315536,obse,soup_scene3,70,old
5078,23.065423727035522,0.24003892416315536,obse,soup_scene3,70,old
5079,23.069531440734863,0.24003892416315536,obse,soup_scene3,70,old
5080,23.07365894317627,0.24003892416315536,obse,soup_scene3,70,old
5081,23.07777214050293,0.24003892416315536,obse,soup_scene3,70,old
5082,23.081874132156372,0.24003892416315536,obse,soup_scene3,70,old
5083,23.085952520370483,0.24003892416315536,obse,soup_scene3,70,old
5084,23.090169668197632,0.24003892416315536,obse,soup_scene3,70,old
5085,23.09429430961609,0.24003892416315536,obse,soup_scene3,70,old
5086,23.098430395126343,0.24003892416315536,obse,soup_scene3,70,old
5087,23.102540254592896,0.24003892416315536,obse,soup_scene3,70,old
5088,23.106664657592773,0.24003892416315536,obse,soup_scene3,70,old
5089,23.110777854919434,0.24003892416315536,obse,soup_scene3,70,old
5090,23.114861726760864,0.24003892416315536,obse,soup_scene3,70,old
5091,23.11898708343506,0.24003892416315536,obse,soup_scene3,70,old
5092,23.12327241897583,0.24003892416315536,obse,soup_scene3,70,old
5093,23.1273410320282,0.24003892416315536,obse,soup_scene3,70,old
5094,23.13146471977234,0.24003892416315536,obse,soup_scene3,70,old
5095,23.13560152053833,0.24003892416315536,obse,soup_scene3,70,old
5096,23.13973379135132,0.24003892416315536,obse,soup_scene3,70,old
5097,23.143845319747925,0.24003892416315536,obse,soup_scene3,70,old
5098,23.1479709148407,0.24003892416315536,obse,soup_scene3,70,old
5099,23.152099609375,0.24003892416315536,obse,soup_scene3,70,old
5100,23.15627956390381,0.24003892416315536,obse,soup_scene3,70,old
5101,23.160425186157227,0.24003892416315536,obse,soup_scene3,70,old
5102,23.164551973342896,0.24003892416315536,obse,soup_scene3,70,old
5103,23.16866707801819,0.24003892416315536,obse,soup_scene3,70,old
5104,23.17281436920166,0.24003892416315536,obse,soup_scene3,70,old
5105,23.176963567733765,0.24003892416315536,obse,soup_scene3,70,old
5106,23.1810622215271,0.24003892416315536,obse,soup_scene3,70,old
5107,23.18516969680786,0.24003892416315536,obse,soup_scene3,70,old
5108,23.18937039375305,0.24003892416315536,obse,soup_scene3,70,old
5109,23.193504095077515,0.24003892416315536,obse,soup_scene3,70,old
5110,23.19760537147522,0.24003892416315536,obse,soup_scene3,70,old
5111,23.20172882080078,0.24003892416315536,obse,soup_scene3,70,old
5112,23.205849409103394,0.24003892416315536,obse,soup_scene3,70,old
5113,23.20994257926941,0.24003892416315536,obse,soup_scene3,70,old
5114,23.214067935943604,0.24003892416315536,obse,soup_scene3,70,old
5115,23.21823263168335,0.24003892416315536,obse,soup_scene3,70,old
5116,23.222382307052612,0.24003892416315536,obse,soup_scene3,70,old
5117,23.22652769088745,0.24003892416315536,obse,soup_scene3,70,old
5118,23.23063063621521,0.24003892416315536,obse,soup_scene3,70,old
5119,23.23476266860962,0.24003892416315536,obse,soup_scene3,70,old
5120,23.238847970962524,0.24003892416315536,obse,soup_scene3,70,old
5121,23.242966413497925,0.24003892416315536,obse,soup_scene3,70,old
5122,23.247066259384155,0.24003892416315536,obse,soup_scene3,70,old
5123,23.25120258331299,0.24003892416315536,obse,soup_scene3,70,old
5124,23.255308389663696,0.24003892416315536,obse,soup_scene3,70,old
5125,23.259472131729126,0.24003892416315536,obse,soup_scene3,70,old
5126,23.263558626174927,0.24003892416315536,obse,soup_scene3,70,old
5127,23.267659664154053,0.24003892416315536,obse,soup_scene3,70,old
5128,23.271798610687256,0.24003892416315536,obse,soup_scene3,70,old
5129,23.27595806121826,0.24003892416315536,obse,soup_scene3,70,old
5130,23.280057668685913,0.24003892416315536,obse,soup_scene3,70,old
5131,23.284175157546997,0.24003892416315536,obse,soup_scene3,70,old
5132,23.288331031799316,0.24003892416315536,obse,soup_scene3,70,old
5133,23.292527437210083,0.24003892416315536,obse,soup_scene3,70,old
5134,23.29667329788208,0.24003892416315536,obse,soup_scene3,70,old
5135,23.30080771446228,0.24003892416315536,obse,soup_scene3,70,old
5136,23.304959297180176,0.24003892416315536,obse,soup_scene3,70,old
5137,23.309102773666382,0.24003892416315536,obse,soup_scene3,70,old
5138,23.31326150894165,0.24003892416315536,obse,soup_scene3,70,old
5139,23.317415237426758,0.24003892416315536,obse,soup_scene3,70,old
5140,23.32152533531189,0.24003892416315536,obse,soup_scene3,70,old
5141,23.325674772262573,0.24003892416315536,obse,soup_scene3,70,old
5142,23.329755306243896,0.24003892416315536,obse,soup_scene3,70,old
5143,23.333876371383667,0.24003892416315536,obse,soup_scene3,70,old
5144,23.338026523590088,0.24003892416315536,obse,soup_scene3,70,old
5145,23.34221649169922,0.24003892416315536,obse,soup_scene3,70,old
5146,23.346338272094727,0.24003892416315536,obse,soup_scene3,70,old
5147,23.350480556488037,0.24003892416315536,obse,soup_scene3,70,old
5148,23.35459876060486,0.24003892416315536,obse,soup_scene3,70,old
5149,23.35875177383423,0.24003892416315536,obse,soup_scene3,70,old
5150,23.362883806228638,0.24003892416315536,obse,soup_scene3,70,old
5151,23.367013692855835,0.24003892416315536,obse,soup_scene3,70,old
5152,23.371115922927856,0.24003892416315536,obse,soup_scene3,70,old
5153,23.37520718574524,0.24003892416315536,obse,soup_scene3,70,old
5154,23.37930703163147,0.24003892416315536,obse,soup_scene3,70,old
5155,23.38342785835266,0.24003892416315536,obse,soup_scene3,70,old
5156,23.38759684562683,0.24003892416315536,obse,soup_scene3,70,old
5157,23.391769647598267,0.24003892416315536,obse,soup_scene3,70,old
5158,23.39588165283203,0.24003892416315536,obse,soup_scene3,70,old
5159,23.400009632110596,0.24003892416315536,obse,soup_scene3,70,old
5160,23.404156923294067,0.24003892416315536,obse,soup_scene3,70,old
5161,23.40833282470703,0.24003892416315536,obse,soup_scene3,70,old
5162,23.41246509552002,0.24003892416315536,obse,soup_scene3,70,old
5163,23.41659712791443,0.24003892416315536,obse,soup_scene3,70,old
5164,23.42075252532959,0.24003892416315536,obse,soup_scene3,70,old
5165,23.424909353256226,0.24003892416315536,obse,soup_scene3,70,old
5166,23.428998947143555,0.24003892416315536,obse,soup_scene3,70,old
5167,23.433128356933594,0.24003892416315536,obse,soup_scene3,70,old
5168,23.437241077423096,0.24003892416315536,obse,soup_scene3,70,old
5169,23.441404342651367,0.24003892416315536,obse,soup_scene3,70,old
5170,23.44552183151245,0.24003892416315536,obse,soup_scene3,70,old
5171,23.449666500091553,0.24003892416315536,obse,soup_scene3,70,old
5172,23.45377826690674,0.24003892416315536,obse,soup_scene3,70,old
5173,23.457884550094604,0.24003892416315536,obse,soup_scene3,70,old
5174,23.46196150779724,0.24003892416315536,obse,soup_scene3,70,old
5175,23.46613359451294,0.24003892416315536,obse,soup_scene3,70,old
5176,23.47023892402649,0.24003892416315536,obse,soup_scene3,70,old
5177,23.474395751953125,0.24003892416315536,obse,soup_scene3,70,old
5178,23.478510856628418,0.24003892416315536,obse,soup_scene3,70,old
5179,23.482609033584595,0.24003892416315536,obse,soup_scene3,70,old
5180,23.4866943359375,0.24003892416315536,obse,soup_scene3,70,old
5181,23.49090552330017,0.24003892416315536,obse,soup_scene3,70,old
5182,23.49504017829895,0.24003892416315536,obse,soup_scene3,70,old
5183,23.49916434288025,0.24003892416315536,obse,soup_scene3,70,old
5184,23.503278017044067,0.24003892416315536,obse,soup_scene3,70,old
5185,23.50743818283081,0.24003892416315536,obse,soup_scene3,70,old
5186,23.51156735420227,0.24003892416315536,obse,soup_scene3,70,old
5187,23.5156672000885,0.24003892416315536,obse,soup_scene3,70,old
5188,23.519815921783447,0.24003892416315536,obse,soup_scene3,70,old
5189,23.52406644821167,0.24003892416315536,obse,soup_scene3,70,old
5190,23.52829933166504,0.24003892416315536,obse,soup_scene3,70,old
5191,23.532452821731567,0.24003892416315536,obse,soup_scene3,70,old
5192,23.53659176826477,0.24003892416315536,obse,soup_scene3,70,old
5193,23.5407395362854,0.24003892416315536,obse,soup_scene3,70,old
5194,23.544866800308228,0.24003892416315536,obse,soup_scene3,70,old
5195,23.548994541168213,0.24003892416315536,obse,soup_scene3,70,old
5196,23.553121089935303,0.24003892416315536,obse,soup_scene3,70,old
5197,23.557267427444458,0.24003892416315536,obse,soup_scene3,70,old
5198,23.56142282485962,0.24003892416315536,obse,soup_scene3,70,old
5199,23.565672159194946,0.24003892416315536,obse,soup_scene3,70,old
5200,23.57001566886902,0.24003892416315536,obse,soup_scene3,70,old
5201,23.574263095855713,0.24003892416315536,obse,soup_scene3,70,old
5202,23.578378200531006,0.24003892416315536,obse,soup_scene3,70,old
5203,23.582521677017212,0.24003892416315536,obse,soup_scene3,70,old
5204,23.586613655090332,0.24003892416315536,obse,soup_scene3,70,old
5205,23.590811491012573,0.24003892416315536,obse,soup_scene3,70,old
5206,23.594963312149048,0.24003892416315536,obse,soup_scene3,70,old
5207,23.599087953567505,0.24003892416315536,obse,soup_scene3,70,old
5208,23.603216886520386,0.24003892416315536,obse,soup_scene3,70,old
5209,23.60736918449402,0.24003892416315536,obse,soup_scene3,70,old
5210,23.61219573020935,0.24003892416315536,obse,soup_scene3,70,old
5211,23.616337299346924,0.24003892416315536,obse,soup_scene3,70,old
5212,23.62048363685608,0.24003892416315536,obse,soup_scene3,70,old
5213,23.62483286857605,0.24003892416315536,obse,soup_scene3,70,old
5214,23.628949403762817,0.24003892416315536,obse,soup_scene3,70,old
5215,23.633093118667603,0.24003892416315536,obse,soup_scene3,70,old
5216,23.63722038269043,0.24003892416315536,obse,soup_scene3,70,old
5217,23.641406059265137,0.24003892416315536,obse,soup_scene3,70,old
5218,23.645531177520752,0.24003892416315536,obse,soup_scene3,70,old
5219,23.649707794189453,0.24003892416315536,obse,soup_scene3,70,old
5220,23.654059410095215,0.24003892416315536,obse,soup_scene3,70,old
5221,23.658382654190063,0.24003892416315536,obse,soup_scene3,70,old
5222,23.662724494934082,0.24003892416315536,obse,soup_scene3,70,old
5223,23.666967391967773,0.24003892416315536,obse,soup_scene3,70,old
5224,23.671177864074707,0.24003892416315536,obse,soup_scene3,70,old
5225,23.675621509552002,0.24003892416315536,obse,soup_scene3,70,old
5226,23.681474208831787,0.24003892416315536,obse,soup_scene3,70,old
5227,23.686116695404053,0.24003892416315536,obse,soup_scene3,70,old
5228,23.69168710708618,0.24003892416315536,obse,soup_scene3,70,old
5229,23.69740867614746,0.24003892416315536,obse,soup_scene3,70,old
5230,23.703360557556152,0.24003892416315536,obse,soup_scene3,70,old
5231,23.70777153968811,0.24003892416315536,obse,soup_scene3,70,old
5232,23.711972951889038,0.24003892416315536,obse,soup_scene3,70,old
5233,23.716206789016724,0.24003892416315536,obse,soup_scene3,70,old
5234,23.720386266708374,0.24003892416315536,obse,soup_scene3,70,old
5235,23.72461485862732,0.24003892416315536,obse,soup_scene3,70,old
5236,23.728803873062134,0.24003892416315536,obse,soup_scene3,70,old
5237,23.73296880722046,0.24003892416315536,obse,soup_scene3,70,old
5238,23.73715901374817,0.24003892416315536,obse,soup_scene3,70,old
5239,23.741385459899902,0.24003892416315536,obse,soup_scene3,70,old
5240,23.74560284614563,0.24003892416315536,obse,soup_scene3,70,old
5241,23.749786615371704,0.24003892416315536,obse,soup_scene3,70,old
5242,23.753989219665527,0.24003892416315536,obse,soup_scene3,70,old
5243,23.75823950767517,0.24003892416315536,obse,soup_scene3,70,old
5244,23.762453317642212,0.24003892416315536,obse,soup_scene3,70,old
5245,23.766666412353516,0.24003892416315536,obse,soup_scene3,70,old
5246,23.770848989486694,0.24003892416315536,obse,soup_scene3,70,old
5247,23.775076627731323,0.24003892416315536,obse,soup_scene3,70,old
5248,23.779286861419678,0.24003892416315536,obse,soup_scene3,70,old
5249,23.783486366271973,0.24003892416315536,obse,soup_scene3,70,old
5250,23.787691354751587,0.24003892416315536,obse,soup_scene3,70,old
5251,23.791971683502197,0.24003892416315536,obse,soup_scene3,70,old
5252,23.79629421234131,0.24003892416315536,obse,soup_scene3,70,old
5253,23.800545692443848,0.24003892416315536,obse,soup_scene3,70,old
5254,23.804731369018555,0.24003892416315536,obse,soup_scene3,70,old
5255,23.808940172195435,0.24003892416315536,obse,soup_scene3,70,old
5256,23.813146114349365,0.24003892416315536,obse,soup_scene3,70,old
5257,23.817373275756836,0.24003892416315536,obse,soup_scene3,70,old
5258,23.82158327102661,0.24003892416315536,obse,soup_scene3,70,old
5259,23.82579779624939,0.24003892416315536,obse,soup_scene3,70,old
5260,23.830005645751953,0.24003892416315536,obse,soup_scene3,70,old
5261,23.83421778678894,0.24003892416315536,obse,soup_scene3,70,old
5262,23.838440895080566,0.24003892416315536,obse,soup_scene3,70,old
5263,23.84264826774597,0.24003892416315536,obse,soup_scene3,70,old
5264,23.846893787384033,0.24003892416315536,obse,soup_scene3,70,old
5265,23.85112738609314,0.24003892416315536,obse,soup_scene3,70,old
5266,23.855340003967285,0.24003892416315536,obse,soup_scene3,70,old
5267,23.85958433151245,0.24003892416315536,obse,soup_scene3,70,old
5268,23.86380362510681,0.24003892416315536,obse,soup_scene3,70,old
5269,23.86799430847168,0.24003892416315536,obse,soup_scene3,70,old
5270,23.872159004211426,0.24003892416315536,obse,soup_scene3,70,old
5271,23.876376390457153,0.24003892416315536,obse,soup_scene3,70,old
5272,23.880589485168457,0.24003892416315536,obse,soup_scene3,70,old
5273,23.884767532348633,0.24003892416315536,obse,soup_scene3,70,old
5274,23.888981342315674,0.24003892416315536,obse,soup_scene3,70,old
5275,23.893190383911133,0.24003892416315536,obse,soup_scene3,70,old
5276,23.8973650932312,0.24003892416315536,obse,soup_scene3,70,old
5277,23.90155577659607,0.24003892416315536,obse,soup_scene3,70,old
5278,23.90575075149536,0.24003892416315536,obse,soup_scene3,70,old
5279,23.910004138946533,0.24003892416315536,obse,soup_scene3,70,old
5280,23.91418194770813,0.24003892416315536,obse,soup_scene3,70,old
5281,23.91834568977356,0.24003892416315536,obse,soup_scene3,70,old
5282,23.922561645507812,0.24003892416315536,obse,soup_scene3,70,old
5283,23.926766872406006,0.24003892416315536,obse,soup_scene3,70,old
5284,23.930968761444092,0.24003892416315536,obse,soup_scene3,70,old
5285,23.935161113739014,0.24003892416315536,obse,soup_scene3,70,old
5286,23.939338445663452,0.24003892416315536,obse,soup_scene3,70,old
5287,23.943536043167114,0.24003892416315536,obse,soup_scene3,70,old
5288,23.947706699371338,0.24003892416315536,obse,soup_scene3,70,old
5289,23.951902389526367,0.24003892416315536,obse,soup_scene3,70,old
5290,23.956115007400513,0.24003892416315536,obse,soup_scene3,70,old
5291,23.960313081741333,0.24003892416315536,obse,soup_scene3,70,old
5292,23.964528799057007,0.24003892416315536,obse,soup_scene3,70,old
5293,23.96874165534973,0.24003892416315536,obse,soup_scene3,70,old
5294,23.97292971611023,0.24003892416315536,obse,soup_scene3,70,old
5295,23.977137804031372,0.24003892416315536,obse,soup_scene3,70,old
5296,23.981364727020264,0.24003892416315536,obse,soup_scene3,70,old
5297,23.9855477809906,0.24003892416315536,obse,soup_scene3,70,old
5298,23.989747524261475,0.24003892416315536,obse,soup_scene3,70,old
5299,23.99398970603943,0.24003892416315536,obse,soup_scene3,70,old
5300,23.998138666152954,0.24003892416315536,obse,soup_scene3,70,old
5301,24.00238299369812,0.24003892416315536,obse,soup_scene3,70,old
5302,24.006563663482666,0.24003892416315536,obse,soup_scene3,70,old
5303,24.010730266571045,0.24003892416315536,obse,soup_scene3,70,old
5304,24.014935970306396,0.24003892416315536,obse,soup_scene3,70,old
5305,24.019139528274536,0.24003892416315536,obse,soup_scene3,70,old
5306,24.023338079452515,0.24003892416315536,obse,soup_scene3,70,old
5307,24.027526378631592,0.24003892416315536,obse,soup_scene3,70,old
5308,24.03169012069702,0.24003892416315536,obse,soup_scene3,70,old
5309,24.0358464717865,0.24003892416315536,obse,soup_scene3,70,old
5310,24.0400333404541,0.24003892416315536,obse,soup_scene3,70,old
5311,24.044230699539185,0.24003892416315536,obse,soup_scene3,70,old
5312,24.04841661453247,0.24003892416315536,obse,soup_scene3,70,old
5313,24.05270218849182,0.24003892416315536,obse,soup_scene3,70,old
5314,24.056912899017334,0.24003892416315536,obse,soup_scene3,70,old
5315,24.061110496520996,0.24003892416315536,obse,soup_scene3,70,old
5316,24.06533455848694,0.24003892416315536,obse,soup_scene3,70,old
5317,24.069539785385132,0.24003892416315536,obse,soup_scene3,70,old
5318,24.07372546195984,0.24003892416315536,obse,soup_scene3,70,old
5319,24.077961921691895,0.24003892416315536,obse,soup_scene3,70,old
5320,24.082141876220703,0.24003892416315536,obse,soup_scene3,70,old
5321,24.086341857910156,0.24003892416315536,obse,soup_scene3,70,old
5322,24.090574502944946,0.24003892416315536,obse,soup_scene3,70,old
5323,24.09477972984314,0.24003892416315536,obse,soup_scene3,70,old
5324,24.098978281021118,0.24003892416315536,obse,soup_scene3,70,old
5325,24.103176593780518,0.24003892416315536,obse,soup_scene3,70,old
5326,24.10742449760437,0.24003892416315536,obse,soup_scene3,70,old
5327,24.111621618270874,0.24003892416315536,obse,soup_scene3,70,old
5328,24.11579442024231,0.24003892416315536,obse,soup_scene3,70,old
5329,24.120002269744873,0.24003892416315536,obse,soup_scene3,70,old
5330,24.12430715560913,0.24003892416315536,obse,soup_scene3,70,old
5331,24.12850022315979,0.24003892416315536,obse,soup_scene3,70,old
5332,24.132686376571655,0.24003892416315536,obse,soup_scene3,70,old
5333,24.136852741241455,0.24003892416315536,obse,soup_scene3,70,old
5334,24.141054391860962,0.24003892416315536,obse,soup_scene3,70,old
5335,24.145244359970093,0.24003892416315536,obse,soup_scene3,70,old
5336,24.1494562625885,0.24003892416315536,obse,soup_scene3,70,old
5337,24.153664588928223,0.24003892416315536,obse,soup_scene3,70,old
5338,24.15791416168213,0.24003892416315536,obse,soup_scene3,70,old
5339,24.1621036529541,0.24003892416315536,obse,soup_scene3,70,old
5340,24.16627073287964,0.24003892416315536,obse,soup_scene3,70,old
5341,24.17042088508606,0.24003892416315536,obse,soup_scene3,70,old
5342,24.17460870742798,0.24003892416315536,obse,soup_scene3,70,old
5343,24.178759813308716,0.24003892416315536,obse,soup_scene3,70,old
5344,24.182937383651733,0.24003892416315536,obse,soup_scene3,70,old
5345,24.18709444999695,0.24003892416315536,obse,soup_scene3,70,old
5346,24.19134521484375,0.24003892416315536,obse,soup_scene3,70,old
5347,24.19555687904358,0.24003892416315536,obse,soup_scene3,70,old
5348,24.199761390686035,0.24003892416315536,obse,soup_scene3,70,old
5349,24.20407247543335,0.24003892416315536,obse,soup_scene3,70,old
5350,24.208234786987305,0.24003892416315536,obse,soup_scene3,70,old
5351,24.212337970733643,0.24003892416315536,obse,soup_scene3,70,old
5352,24.216567754745483,0.24003892416315536,obse,soup_scene3,70,old
5353,24.220763206481934,0.24003892416315536,obse,soup_scene3,70,old
5354,24.22501826286316,0.24003892416315536,obse,soup_scene3,70,old
5355,24.229198217391968,0.24003892416315536,obse,soup_scene3,70,old
5356,24.233412265777588,0.24003892416315536,obse,soup_scene3,70,old
5357,24.23758625984192,0.24003892416315536,obse,soup_scene3,70,old
5358,24.241796255111694,0.24003892416315536,obse,soup_scene3,70,old
5359,24.245977640151978,0.24003892416315536,obse,soup_scene3,70,old
5360,24.25018310546875,0.24003892416315536,obse,soup_scene3,70,old
5361,24.254352569580078,0.24003892416315536,obse,soup_scene3,70,old
5362,24.258581399917603,0.24003892416315536,obse,soup_scene3,70,old
5363,24.262935638427734,0.24003892416315536,obse,soup_scene3,70,old
5364,24.267183780670166,0.24003892416315536,obse,soup_scene3,70,old
5365,24.271342515945435,0.24003892416315536,obse,soup_scene3,70,old
5366,24.27552890777588,0.24003892416315536,obse,soup_scene3,70,old
5367,24.279711484909058,0.24003892416315536,obse,soup_scene3,70,old
5368,24.283855199813843,0.24003892416315536,obse,soup_scene3,70,old
5369,24.288052082061768,0.24003892416315536,obse,soup_scene3,70,old
5370,24.292290210723877,0.24003892416315536,obse,soup_scene3,70,old
5371,24.29645586013794,0.24003892416315536,obse,soup_scene3,70,old
5372,24.300647258758545,0.24003892416315536,obse,soup_scene3,70,old
5373,24.304850578308105,0.24003892416315536,obse,soup_scene3,70,old
5374,24.309137105941772,0.24003892416315536,obse,soup_scene3,70,old
5375,24.313392639160156,0.24003892416315536,obse,soup_scene3,70,old
5376,24.31756567955017,0.24003892416315536,obse,soup_scene3,70,old
5377,24.321779489517212,0.24003892416315536,obse,soup_scene3,70,old
5378,24.326016187667847,0.24003892416315536,obse,soup_scene3,70,old
5379,24.330204486846924,0.24003892416315536,obse,soup_scene3,70,old
5380,24.334386348724365,0.24003892416315536,obse,soup_scene3,70,old
5381,24.33856511116028,0.24003892416315536,obse,soup_scene3,70,old
5382,24.34278655052185,0.24003892416315536,obse,soup_scene3,70,old
5383,24.346991539001465,0.24003892416315536,obse,soup_scene3,70,old
5384,24.351192712783813,0.24003892416315536,obse,soup_scene3,70,old
5385,24.35539722442627,0.24003892416315536,obse,soup_scene3,70,old
5386,24.35961675643921,0.24003892416315536,obse,soup_scene3,70,old
5387,24.363823413848877,0.24003892416315536,obse,soup_scene3,70,old
5388,24.368062019348145,0.24003892416315536,obse,soup_scene3,70,old
5389,24.37225103378296,0.24003892416315536,obse,soup_scene3,70,old
5390,24.37645697593689,0.24003892416315536,obse,soup_scene3,70,old
5391,24.380632877349854,0.24003892416315536,obse,soup_scene3,70,old
5392,24.384808778762817,0.24003892416315536,obse,soup_scene3,70,old
5393,24.3890278339386,0.24003892416315536,obse,soup_scene3,70,old
5394,24.39329481124878,0.24003892416315536,obse,soup_scene3,70,old
5395,24.39749264717102,0.24003892416315536,obse,soup_scene3,70,old
5396,24.40168833732605,0.24003892416315536,obse,soup_scene3,70,old
5397,24.405980348587036,0.24003892416315536,obse,soup_scene3,70,old
5398,24.410400390625,0.24003892416315536,obse,soup_scene3,70,old
5399,24.414656400680542,0.24003892416315536,obse,soup_scene3,70,old
5400,24.41885232925415,0.24003892416315536,obse,soup_scene3,70,old
5401,24.42314386367798,0.24003892416315536,obse,soup_scene3,70,old
5402,24.42735242843628,0.24003892416315536,obse,soup_scene3,70,old
5403,24.431536436080933,0.24003892416315536,obse,soup_scene3,70,old
5404,24.435710668563843,0.24003892416315536,obse,soup_scene3,70,old
5405,24.43988537788391,0.24003892416315536,obse,soup_scene3,70,old
5406,24.444090604782104,0.24003892416315536,obse,soup_scene3,70,old
5407,24.44825768470764,0.24003892416315536,obse,soup_scene3,70,old
5408,24.452436685562134,0.24003892416315536,obse,soup_scene3,70,old
5409,24.456659078598022,0.24003892416315536,obse,soup_scene3,70,old
5410,24.46080994606018,0.24003892416315536,obse,soup_scene3,70,old
5411,24.46502161026001,0.24003892416315536,obse,soup_scene3,70,old
5412,24.46923518180847,0.24003892416315536,obse,soup_scene3,70,old
5413,24.473438501358032,0.24003892416315536,obse,soup_scene3,70,old
5414,24.47764301300049,0.24003892416315536,obse,soup_scene3,70,old
5415,24.481824159622192,0.24003892416315536,obse,soup_scene3,70,old
5416,24.486056327819824,0.24003892416315536,obse,soup_scene3,70,old
5417,24.490252256393433,0.24003892416315536,obse,soup_scene3,70,old
5418,24.49449348449707,0.24003892416315536,obse,soup_scene3,70,old
5419,24.498704433441162,0.24003892416315536,obse,soup_scene3,70,old
5420,24.502898454666138,0.24003892416315536,obse,soup_scene3,70,old
5421,24.507113695144653,0.24003892416315536,obse,soup_scene3,70,old
5422,24.51132822036743,0.24003892416315536,obse,soup_scene3,70,old
5423,24.51557993888855,0.24003892416315536,obse,soup_scene3,70,old
5424,24.5198073387146,0.24003892416315536,obse,soup_scene3,70,old
5425,24.524077653884888,0.24003892416315536,obse,soup_scene3,70,old
5426,24.528313398361206,0.24003892416315536,obse,soup_scene3,70,old
5427,24.53249430656433,0.24003892416315536,obse,soup_scene3,70,old
5428,24.536662578582764,0.24003892416315536,obse,soup_scene3,70,old
5429,24.540881633758545,0.24003892416315536,obse,soup_scene3,70,old
5430,24.54508066177368,0.24003892416315536,obse,soup_scene3,70,old
5431,24.549285173416138,0.24003892416315536,obse,soup_scene3,70,old
5432,24.553555488586426,0.24003892416315536,obse,soup_scene3,70,old
5433,24.55777883529663,0.24003892416315536,obse,soup_scene3,70,old
5434,24.5619637966156,0.24003892416315536,obse,soup_scene3,70,old
5435,24.566158056259155,0.24003892416315536,obse,soup_scene3,70,old
5436,24.570388317108154,0.24003892416315536,obse,soup_scene3,70,old
5437,24.574625492095947,0.24003892416315536,obse,soup_scene3,70,old
5438,24.57878875732422,0.24003892416315536,obse,soup_scene3,70,old
5439,24.582982540130615,0.24003892416315536,obse,soup_scene3,70,old
5440,24.58717179298401,0.24003892416315536,obse,soup_scene3,70,old
5441,24.591407299041748,0.24003892416315536,obse,soup_scene3,70,old
5442,24.595661163330078,0.24003892416315536,obse,soup_scene3,70,old
5443,24.59987497329712,0.24003892416315536,obse,soup_scene3,70,old
5444,24.604101419448853,0.24003892416315536,obse,soup_scene3,70,old
5445,24.608306646347046,0.24003892416315536,obse,soup_scene3,70,old
5446,24.613244771957397,0.24003892416315536,obse,soup_scene3,70,old
5447,24.61749267578125,0.24003892416315536,obse,soup_scene3,70,old
5448,24.621734857559204,0.24003892416315536,obse,soup_scene3,70,old
5449,24.62613821029663,0.24003892416315536,obse,soup_scene3,70,old
5450,24.63046646118164,0.24003892416315536,obse,soup_scene3,70,old
5451,24.63477659225464,0.24003892416315536,obse,soup_scene3,70,old
5452,24.638991832733154,0.24003892416315536,obse,soup_scene3,70,old
5453,24.643231630325317,0.24003892416315536,obse,soup_scene3,70,old
5454,24.64742159843445,0.24003892416315536,obse,soup_scene3,70,old
5455,24.651652097702026,0.24003892416315536,obse,soup_scene3,70,old
5456,24.655909299850464,0.24003892416315536,obse,soup_scene3,70,old
5457,24.66013264656067,0.24003892416315536,obse,soup_scene3,70,old
5458,24.664305686950684,0.24003892416315536,obse,soup_scene3,70,old
5459,24.668494939804077,0.24003892416315536,obse,soup_scene3,70,old
5460,24.672711610794067,0.24003892416315536,obse,soup_scene3,70,old
5461,24.676917791366577,0.24003892416315536,obse,soup_scene3,70,old
5462,24.68110966682434,0.24003892416315536,obse,soup_scene3,70,old
5463,24.685340881347656,0.24003892416315536,obse,soup_scene3,70,old
5464,24.689533948898315,0.24003892416315536,obse,soup_scene3,70,old
5465,24.693859338760376,0.24003892416315536,obse,soup_scene3,70,old
5466,24.698129653930664,0.24003892416315536,obse,soup_scene3,70,old
5467,24.70237684249878,0.24003892416315536,obse,soup_scene3,70,old
5468,24.7065851688385,0.24003892416315536,obse,soup_scene3,70,old
5469,24.710883855819702,0.24003892416315536,obse,soup_scene3,70,old
5470,24.71510362625122,0.24003892416315536,obse,soup_scene3,70,old
5471,24.719302892684937,0.24003892416315536,obse,soup_scene3,70,old
5472,24.723551273345947,0.24003892416315536,obse,soup_scene3,70,old
5473,24.727762699127197,0.24003892416315536,obse,soup_scene3,70,old
5474,24.73199701309204,0.24003892416315536,obse,soup_scene3,70,old
5475,24.73616600036621,0.24003892416315536,obse,soup_scene3,70,old
5476,24.74033832550049,0.24003892416315536,obse,soup_scene3,70,old
5477,24.74449872970581,0.24003892416315536,obse,soup_scene3,70,old
5478,24.74877691268921,0.24003892416315536,obse,soup_scene3,70,old
5479,24.753043174743652,0.24003892416315536,obse,soup_scene3,70,old
5480,24.757229566574097,0.24003892416315536,obse,soup_scene3,70,old
5481,24.761451959609985,0.24003892416315536,obse,soup_scene3,70,old
5482,24.76567530632019,0.24003892416315536,obse,soup_scene3,70,old
5483,24.769883155822754,0.24003892416315536,obse,soup_scene3,70,old
5484,24.77410078048706,0.24003892416315536,obse,soup_scene3,70,old
5485,24.77828860282898,0.24003892416315536,obse,soup_scene3,70,old
5486,24.782484769821167,0.24003892416315536,obse,soup_scene3,70,old
5487,24.78678297996521,0.24003892416315536,obse,soup_scene3,70,old
5488,24.791007041931152,0.24003892416315536,obse,soup_scene3,70,old
5489,24.795284032821655,0.24003892416315536,obse,soup_scene3,70,old
5490,24.799370050430298,0.24003892416315536,obse,soup_scene3,70,old
5491,24.803519010543823,0.24003892416315536,obse,soup_scene3,70,old
5492,24.8076491355896,0.24003892416315536,obse,soup_scene3,70,old
5493,24.811893224716187,0.24003892416315536,obse,soup_scene3,70,old
5494,24.81617498397827,0.24003892416315536,obse,soup_scene3,70,old
5495,24.820371389389038,0.24003892416315536,obse,soup_scene3,70,old
5496,24.8245587348938,0.24003892416315536,obse,soup_scene3,70,old
5497,24.828736305236816,0.24003892416315536,obse,soup_scene3,70,old
5498,24.83296275138855,0.24003892416315536,obse,soup_scene3,70,old
5499,24.83714771270752,0.24003892416315536,obse,soup_scene3,70,old
5500,24.841392040252686,0.24003892416315536,obse,soup_scene3,70,old
5501,24.845715522766113,0.24003892416315536,obse,soup_scene3,70,old
5502,24.85006618499756,0.24003892416315536,obse,soup_scene3,70,old
5503,24.85430383682251,0.24003892416315536,obse,soup_scene3,70,old
5504,24.858498334884644,0.24003892416315536,obse,soup_scene3,70,old
5505,24.862723112106323,0.24003892416315536,obse,soup_scene3,70,old
5506,24.86695694923401,0.24003892416315536,obse,soup_scene3,70,old
5507,24.871147632598877,0.24003892416315536,obse,soup_scene3,70,old
5508,24.875475883483887,0.24003892416315536,obse,soup_scene3,70,old
5509,24.87966752052307,0.24003892416315536,obse,soup_scene3,70,old
5510,24.883899450302124,0.24003892416315536,obse,soup_scene3,70,old
5511,24.88809108734131,0.24003892416315536,obse,soup_scene3,70,old
5512,24.892337560653687,0.24003892416315536,obse,soup_scene3,70,old
5513,24.896551847457886,0.24003892416315536,obse,soup_scene3,70,old
5514,24.900803565979004,0.24003892416315536,obse,soup_scene3,70,old
5515,24.90502166748047,0.24003892416315536,obse,soup_scene3,70,old
5516,24.90926694869995,0.24003892416315536,obse,soup_scene3,70,old
5517,24.91345238685608,0.24003892416315536,obse,soup_scene3,70,old
5518,24.917665481567383,0.24003892416315536,obse,soup_scene3,70,old
5519,24.92186999320984,0.24003892416315536,obse,soup_scene3,70,old
5520,24.926180601119995,0.24003892416315536,obse,soup_scene3,70,old
5521,24.930431842803955,0.24003892416315536,obse,soup_scene3,70,old
5522,24.934669017791748,0.24003892416315536,obse,soup_scene3,70,old
5523,24.938844203948975,0.24003892416315536,obse,soup_scene3,70,old
5524,24.943088054656982,0.24003892416315536,obse,soup_scene3,70,old
5525,24.947278261184692,0.24003892416315536,obse,soup_scene3,70,old
5526,24.951467037200928,0.24003892416315536,obse,soup_scene3,70,old
5527,24.955655097961426,0.24003892416315536,obse,soup_scene3,70,old
5528,24.959871530532837,0.24003892416315536,obse,soup_scene3,70,old
5529,24.964049816131592,0.24003892416315536,obse,soup_scene3,70,old
5530,24.96847367286682,0.24003892416315536,obse,soup_scene3,70,old
5531,24.972655296325684,0.24003892416315536,obse,soup_scene3,70,old
5532,24.976869106292725,0.24003892416315536,obse,soup_scene3,70,old
5533,24.98101830482483,0.24003892416315536,obse,soup_scene3,70,old
5534,24.985239028930664,0.24003892416315536,obse,soup_scene3,70,old
5535,24.989431142807007,0.24003892416315536,obse,soup_scene3,70,old
5536,24.99367094039917,0.24003892416315536,obse,soup_scene3,70,old
5537,24.99786639213562,0.24003892416315536,obse,soup_scene3,70,old
5538,25.002102613449097,0.24003892416315536,obse,soup_scene3,70,old
5539,25.006338357925415,0.24003892416315536,obse,soup_scene3,70,old
5540,25.010568618774414,0.24003892416315536,obse,soup_scene3,70,old
5541,25.014764070510864,0.24003892416315536,obse,soup_scene3,70,old
5542,25.018982410430908,0.24003892416315536,obse,soup_scene3,70,old
5543,25.023192167282104,0.24003892416315536,obse,soup_scene3,70,old
5544,25.027410745620728,0.24003892416315536,obse,soup_scene3,70,old
5545,25.03161072731018,0.24003892416315536,obse,soup_scene3,70,old
5546,25.035884618759155,0.24003892416315536,obse,soup_scene3,70,old
5547,25.040145874023438,0.24003892416315536,obse,soup_scene3,70,old
5548,25.044373512268066,0.24003892416315536,obse,soup_scene3,70,old
5549,25.04855966567993,0.24003892416315536,obse,soup_scene3,70,old
5550,25.052789211273193,0.24003892416315536,obse,soup_scene3,70,old
5551,25.056966066360474,0.24003892416315536,obse,soup_scene3,70,old
5552,25.061158657073975,0.24003892416315536,obse,soup_scene3,70,old
5553,25.06537437438965,0.24003892416315536,obse,soup_scene3,70,old
5554,25.069592714309692,0.24003892416315536,obse,soup_scene3,70,old
5555,25.073789596557617,0.24003892416315536,obse,soup_scene3,70,old
5556,25.07799482345581,0.24003892416315536,obse,soup_scene3,70,old
5557,25.082183837890625,0.24003892416315536,obse,soup_scene3,70,old
5558,25.08634042739868,0.24003892416315536,obse,soup_scene3,70,old
5559,25.090550184249878,0.24003892416315536,obse,soup_scene3,70,old
5560,25.094828128814697,0.24003892416315536,obse,soup_scene3,70,old
5561,25.099061012268066,0.24003892416315536,obse,soup_scene3,70,old
5562,25.103281497955322,0.24003892416315536,obse,soup_scene3,70,old
5563,25.107497215270996,0.24003892416315536,obse,soup_scene3,70,old
5564,25.111692190170288,0.24003892416315536,obse,soup_scene3,70,old
5565,25.115907907485962,0.24003892416315536,obse,soup_scene3,70,old
5566,25.12012767791748,0.24003892416315536,obse,soup_scene3,70,old
5567,25.1243999004364,0.24003892416315536,obse,soup_scene3,70,old
5568,25.128675937652588,0.24003892416315536,obse,soup_scene3,70,old
5569,25.13288450241089,0.24003892416315536,obse,soup_scene3,70,old
5570,25.137065172195435,0.24003892416315536,obse,soup_scene3,70,old
5571,25.141241312026978,0.24003892416315536,obse,soup_scene3,70,old
5572,25.145442724227905,0.24003892416315536,obse,soup_scene3,70,old
5573,25.14963173866272,0.24003892416315536,obse,soup_scene3,70,old
5574,25.153827667236328,0.24003892416315536,obse,soup_scene3,70,old
5575,25.158101320266724,0.24003892416315536,obse,soup_scene3,70,old
5576,25.16230273246765,0.24003892416315536,obse,soup_scene3,70,old
5577,25.16650938987732,0.24003892416315536,obse,soup_scene3,70,old
5578,25.17075753211975,0.24003892416315536,obse,soup_scene3,70,old
5579,25.174968481063843,0.24003892416315536,obse,soup_scene3,70,old
5580,25.17913293838501,0.24003892416315536,obse,soup_scene3,70,old
5581,25.183340072631836,0.24003892416315536,obse,soup_scene3,70,old
5582,25.1875216960907,0.24003892416315536,obse,soup_scene3,70,old
5583,25.191783905029297,0.24003892416315536,obse,soup_scene3,70,old
5584,25.19600820541382,0.24003892416315536,obse,soup_scene3,70,old
5585,25.200230360031128,0.24003892416315536,obse,soup_scene3,70,old
5586,25.204485416412354,0.24003892416315536,obse,soup_scene3,70,old
5587,25.208679914474487,0.24003892416315536,obse,soup_scene3,70,old
5588,25.212894201278687,0.24003892416315536,obse,soup_scene3,70,old
5589,25.217140436172485,0.24003892416315536,obse,soup_scene3,70,old
5590,25.221343755722046,0.24003892416315536,obse,soup_scene3,70,old
5591,25.22559666633606,0.24003892416315536,obse,soup_scene3,70,old
5592,25.229772806167603,0.24003892416315536,obse,soup_scene3,70,old
5593,25.233960151672363,0.24003892416315536,obse,soup_scene3,70,old
5594,25.23811984062195,0.24003892416315536,obse,soup_scene3,70,old
5595,25.242342948913574,0.24003892416315536,obse,soup_scene3,70,old
5596,25.246522426605225,0.24003892416315536,obse,soup_scene3,70,old
5597,25.250709772109985,0.24003892416315536,obse,soup_scene3,70,old
5598,25.25493550300598,0.24003892416315536,obse,soup_scene3,70,old
5599,25.259140491485596,0.24003892416315536,obse,soup_scene3,70,old
5600,25.263325929641724,0.24003892416315536,obse,soup_scene3,70,old
5601,25.267532348632812,0.24003892416315536,obse,soup_scene3,70,old
5602,25.27174210548401,0.24003892416315536,obse,soup_scene3,70,old
5603,25.275967121124268,0.24003892416315536,obse,soup_scene3,70,old
5604,25.28017234802246,0.24003892416315536,obse,soup_scene3,70,old
5605,25.284368753433228,0.24003892416315536,obse,soup_scene3,70,old
5606,25.288545608520508,0.24003892416315536,obse,soup_scene3,70,old
5607,25.292826890945435,0.24003892416315536,obse,soup_scene3,70,old
5608,25.297023057937622,0.24003892416315536,obse,soup_scene3,70,old
5609,25.301244974136353,0.24003892416315536,obse,soup_scene3,70,old
5610,25.30551242828369,0.24003892416315536,obse,soup_scene3,70,old
5611,25.309763431549072,0.24003892416315536,obse,soup_scene3,70,old
5612,25.314005851745605,0.24003892416315536,obse,soup_scene3,70,old
5613,25.318180561065674,0.24003892416315536,obse,soup_scene3,70,old
5614,25.322378635406494,0.24003892416315536,obse,soup_scene3,70,old
