0,0.0001575946807861328,0.2939888481327597,CVPF,soup_scene3,70,old
1,0.0019867420196533203,0.2939888481327597,CVPF,soup_scene3,70,old
2,0.005631923675537109,0.29383894057254467,CVPF,soup_scene3,70,old
3,0.00848078727722168,0.29383894057254467,CVPF,soup_scene3,70,old
4,0.011795997619628906,0.29409981364487975,CVPF,soup_scene3,70,old
5,0.015096664428710938,0.29409981364487975,CVPF,soup_scene3,70,old
6,0.01819920539855957,0.2940481309373129,CVPF,soup_scene3,70,old
7,0.021483182907104492,0.29388399638851215,CVPF,soup_scene3,70,old
8,0.024385452270507812,0.29388399638851215,CVPF,soup_scene3,70,old
9,0.0275576114654541,0.2938449778410257,CVPF,soup_scene3,70,old
10,0.030780792236328125,0.2938449778410257,CVPF,soup_scene3,70,old
11,0.033609867095947266,0.2938449778410257,CVPF,soup_scene3,70,old
12,0.03708624839782715,0.29433160572482653,CVPF,soup_scene3,70,old
13,0.03991389274597168,0.29433160572482653,CVPF,soup_scene3,70,old
14,0.042818307876586914,0.29433160572482653,CVPF,soup_scene3,70,old
15,0.04621529579162598,0.29365422678881764,CVPF,soup_scene3,70,old
16,0.04913449287414551,0.29365422678881764,CVPF,soup_scene3,70,old
17,0.05226421356201172,0.2941180273294917,CVPF,soup_scene3,70,old
18,0.05526399612426758,0.2941180273294917,CVPF,soup_scene3,70,old
19,0.0582430362701416,0.2941180273294917,CVPF,soup_scene3,70,old
20,0.06129312515258789,0.2941066849301594,CVPF,soup_scene3,70,old
21,0.06449294090270996,0.2939067201105053,CVPF,soup_scene3,70,old
22,0.06746983528137207,0.2939067201105053,CVPF,soup_scene3,70,old
23,0.07063913345336914,0.2940350881451321,CVPF,soup_scene3,70,old
24,0.07358598709106445,0.2940350881451321,CVPF,soup_scene3,70,old
25,0.07667231559753418,0.2940350881451321,CVPF,soup_scene3,70,old
26,0.07971405982971191,0.2935041152089344,CVPF,soup_scene3,70,old
27,0.0827324390411377,0.2935041152089344,CVPF,soup_scene3,70,old
28,0.08588194847106934,0.2935041152089344,CVPF,soup_scene3,70,old
29,0.09009957313537598,0.2939517247495063,CVPF,soup_scene3,70,old
30,0.09313678741455078,0.29390257454253166,CVPF,soup_scene3,70,old
31,0.09664011001586914,0.2937445548799319,CVPF,soup_scene3,70,old
32,0.0999612808227539,0.2937445548799319,CVPF,soup_scene3,70,old
33,0.10410118103027344,0.2940204737270323,CVPF,soup_scene3,70,old
34,0.10741972923278809,0.2940204737270323,CVPF,soup_scene3,70,old
35,0.11071133613586426,0.2940204737270323,CVPF,soup_scene3,70,old
36,0.1140587329864502,0.2940204737270323,CVPF,soup_scene3,70,old
37,0.11989378929138184,0.2941664997497157,CVPF,soup_scene3,70,old
38,0.12278604507446289,0.2941664997497157,CVPF,soup_scene3,70,old
39,0.12569665908813477,0.2941664997497157,CVPF,soup_scene3,70,old
40,0.12880396842956543,0.2941664997497157,CVPF,soup_scene3,70,old
41,0.1317424774169922,0.2941664997497157,CVPF,soup_scene3,70,old
42,0.13471388816833496,0.2941664997497157,CVPF,soup_scene3,70,old
43,0.13792657852172852,0.29392413226570413,CVPF,soup_scene3,70,old
44,0.14085698127746582,0.29392413226570413,CVPF,soup_scene3,70,old
45,0.14380311965942383,0.29392413226570413,CVPF,soup_scene3,70,old
46,0.14687490463256836,0.30856243866201793,CVPF,soup_scene3,70,old
47,0.14980387687683105,0.30856243866201793,CVPF,soup_scene3,70,old
48,0.15300607681274414,0.30864585886817,CVPF,soup_scene3,70,old
49,0.15522408485412598,0.30864585886817,CVPF,soup_scene3,70,old
50,0.15768957138061523,0.30814860337008465,CVPF,soup_scene3,70,old
51,0.1599874496459961,0.30859622411012433,CVPF,soup_scene3,70,old
52,0.16215968132019043,0.30859622411012433,CVPF,soup_scene3,70,old
53,0.16433048248291016,0.30859622411012433,CVPF,soup_scene3,70,old
54,0.16661858558654785,0.30859622411012433,CVPF,soup_scene3,70,old
55,0.16884160041809082,0.30859622411012433,CVPF,soup_scene3,70,old
56,0.17161202430725098,0.30853481635224494,CVPF,soup_scene3,70,old
57,0.17375779151916504,0.30853481635224494,CVPF,soup_scene3,70,old
58,0.17590880393981934,0.30853481635224494,CVPF,soup_scene3,70,old
59,0.1781160831451416,0.3086527925740308,CVPF,soup_scene3,70,old
60,0.1803140640258789,0.3086527925740308,CVPF,soup_scene3,70,old
61,0.18258428573608398,0.30852833617628433,CVPF,soup_scene3,70,old
62,0.18478703498840332,0.30852833617628433,CVPF,soup_scene3,70,old
63,0.18698763847351074,0.30852833617628433,CVPF,soup_scene3,70,old
64,0.18915319442749023,0.30852833617628433,CVPF,soup_scene3,70,old
65,0.1913907527923584,0.30858613596040485,CVPF,soup_scene3,70,old
66,0.19362425804138184,0.30858613596040485,CVPF,soup_scene3,70,old
67,0.1959092617034912,0.30831981358040983,CVPF,soup_scene3,70,old
68,0.19838953018188477,0.30831981358040983,CVPF,soup_scene3,70,old
69,0.2005448341369629,0.30831981358040983,CVPF,soup_scene3,70,old
70,0.20299315452575684,0.30831747911046153,CVPF,soup_scene3,70,old
71,0.20513415336608887,0.30831747911046153,CVPF,soup_scene3,70,old
72,0.20753240585327148,0.3087011401076058,CVPF,soup_scene3,70,old
73,0.20977473258972168,0.308738555044452,CVPF,soup_scene3,70,old
74,0.21192407608032227,0.308738555044452,CVPF,soup_scene3,70,old
75,0.21410393714904785,0.308688943957106,CVPF,soup_scene3,70,old
76,0.2162458896636963,0.308688943957106,CVPF,soup_scene3,70,old
77,0.21863484382629395,0.308688943957106,CVPF,soup_scene3,70,old
78,0.22083067893981934,0.30838303126191147,CVPF,soup_scene3,70,old
79,0.22298645973205566,0.30838303126191147,CVPF,soup_scene3,70,old
80,0.22523903846740723,0.30838303126191147,CVPF,soup_scene3,70,old
81,0.22747230529785156,0.30838303126191147,CVPF,soup_scene3,70,old
82,0.22973918914794922,0.30795520675985427,CVPF,soup_scene3,70,old
83,0.23195266723632812,0.30795520675985427,CVPF,soup_scene3,70,old
84,0.23417305946350098,0.3078521420219987,CVPF,soup_scene3,70,old
85,0.23650312423706055,0.30832987946912166,CVPF,soup_scene3,70,old
86,0.23865532875061035,0.30832987946912166,CVPF,soup_scene3,70,old
87,0.24105095863342285,0.30832987946912166,CVPF,soup_scene3,70,old
88,0.2432880401611328,0.30832987946912166,CVPF,soup_scene3,70,old
89,0.24553728103637695,0.30832987946912166,CVPF,soup_scene3,70,old
90,0.2477562427520752,0.30832987946912166,CVPF,soup_scene3,70,old
91,0.2500946521759033,0.3084327578219264,CVPF,soup_scene3,70,old
92,0.2522895336151123,0.3084327578219264,CVPF,soup_scene3,70,old
93,0.25446391105651855,0.3084327578219264,CVPF,soup_scene3,70,old
94,0.2566394805908203,0.3084327578219264,CVPF,soup_scene3,70,old
95,0.25905466079711914,0.30857020856981493,CVPF,soup_scene3,70,old
96,0.26148414611816406,0.3082524904400435,CVPF,soup_scene3,70,old
97,0.26424193382263184,0.3082524904400435,CVPF,soup_scene3,70,old
98,0.26633334159851074,0.3082524904400435,CVPF,soup_scene3,70,old
99,0.26856327056884766,0.3086242272625784,CVPF,soup_scene3,70,old
100,0.2708585262298584,0.3086242272625784,CVPF,soup_scene3,70,old
101,0.2730996608734131,0.3086242272625784,CVPF,soup_scene3,70,old
102,0.2757833003997803,0.30899106906004187,CVPF,soup_scene3,70,old
103,0.2781074047088623,0.3086177881207403,CVPF,soup_scene3,70,old
104,0.280750036239624,0.30881071330660387,CVPF,soup_scene3,70,old
105,0.2829141616821289,0.30881071330660387,CVPF,soup_scene3,70,old
106,0.28508949279785156,0.30881071330660387,CVPF,soup_scene3,70,old
107,0.2875688076019287,0.3083726481728297,CVPF,soup_scene3,70,old
108,0.28982067108154297,0.3083726481728297,CVPF,soup_scene3,70,old
109,0.2920970916748047,0.3083726481728297,CVPF,soup_scene3,70,old
110,0.29484105110168457,0.3083726481728297,CVPF,soup_scene3,70,old
111,0.29778003692626953,0.3083726481728297,CVPF,soup_scene3,70,old
112,0.30078625679016113,0.29826788709661994,CVPF,soup_scene3,70,old
113,0.30438828468322754,0.29866791953686367,CVPF,soup_scene3,70,old
114,0.30726003646850586,0.29866791953686367,CVPF,soup_scene3,70,old
115,0.3101029396057129,0.29866791953686367,CVPF,soup_scene3,70,old
116,0.3134138584136963,0.298980128471336,CVPF,soup_scene3,70,old
117,0.3162658214569092,0.298980128471336,CVPF,soup_scene3,70,old
118,0.3192260265350342,0.2982075868670582,CVPF,soup_scene3,70,old
119,0.32152533531188965,0.2982075868670582,CVPF,soup_scene3,70,old
120,0.3238096237182617,0.2982075868670582,CVPF,soup_scene3,70,old
121,0.326096773147583,0.2982075868670582,CVPF,soup_scene3,70,old
122,0.3282470703125,0.2982075868670582,CVPF,soup_scene3,70,old
123,0.3304877281188965,0.2982075868670582,CVPF,soup_scene3,70,old
124,0.33278727531433105,0.298569877248469,CVPF,soup_scene3,70,old
125,0.3350207805633545,0.298569877248469,CVPF,soup_scene3,70,old
126,0.3373603820800781,0.298569877248469,CVPF,soup_scene3,70,old
127,0.33960747718811035,0.298569877248469,CVPF,soup_scene3,70,old
128,0.34186816215515137,0.29854495965864114,CVPF,soup_scene3,70,old
129,0.3440732955932617,0.29846093026179843,CVPF,soup_scene3,70,old
130,0.34626245498657227,0.2984878325156085,CVPF,soup_scene3,70,old
131,0.3487515449523926,0.2984878325156085,CVPF,soup_scene3,70,old
132,0.35097289085388184,0.29881988638973933,CVPF,soup_scene3,70,old
133,0.3532290458679199,0.29881988638973933,CVPF,soup_scene3,70,old
134,0.35538649559020996,0.29881988638973933,CVPF,soup_scene3,70,old
135,0.35773301124572754,0.2988565995308921,CVPF,soup_scene3,70,old
136,0.35991811752319336,0.2988565995308921,CVPF,soup_scene3,70,old
137,0.36217164993286133,0.2988565995308921,CVPF,soup_scene3,70,old
138,0.3643496036529541,0.2988565995308921,CVPF,soup_scene3,70,old
139,0.36643385887145996,0.2988565995308921,CVPF,soup_scene3,70,old
140,0.3686082363128662,0.2988565995308921,CVPF,soup_scene3,70,old
141,0.37075066566467285,0.2988565995308921,CVPF,soup_scene3,70,old
142,0.3731198310852051,0.2979647464595108,CVPF,soup_scene3,70,old
143,0.37535548210144043,0.2979647464595108,CVPF,soup_scene3,70,old
144,0.37758851051330566,0.29873022432106866,CVPF,soup_scene3,70,old
145,0.3798861503601074,0.2990165235043861,CVPF,soup_scene3,70,old
146,0.38214802742004395,0.2990165235043861,CVPF,soup_scene3,70,old
147,0.38428235054016113,0.2990165235043861,CVPF,soup_scene3,70,old
148,0.3866608142852783,0.29852734975357403,CVPF,soup_scene3,70,old
149,0.38898754119873047,0.29852734975357403,CVPF,soup_scene3,70,old
150,0.3911583423614502,0.29852734975357403,CVPF,soup_scene3,70,old
151,0.3933086395263672,0.29852734975357403,CVPF,soup_scene3,70,old
152,0.39558959007263184,0.29819885513756983,CVPF,soup_scene3,70,old
153,0.39775824546813965,0.29819885513756983,CVPF,soup_scene3,70,old
154,0.39989805221557617,0.29819885513756983,CVPF,soup_scene3,70,old
155,0.4021637439727783,0.2983827941476279,CVPF,soup_scene3,70,old
156,0.40444397926330566,0.2983827941476279,CVPF,soup_scene3,70,old
157,0.4068753719329834,0.2986975468090623,CVPF,soup_scene3,70,old
158,0.40910792350769043,0.2986975468090623,CVPF,soup_scene3,70,old
159,0.41124629974365234,0.2986975468090623,CVPF,soup_scene3,70,old
160,0.41354870796203613,0.29866433617113897,CVPF,soup_scene3,70,old
161,0.41574668884277344,0.29866433617113897,CVPF,soup_scene3,70,old
162,0.4179999828338623,0.29826677032857735,CVPF,soup_scene3,70,old
163,0.420182466506958,0.29826677032857735,CVPF,soup_scene3,70,old
164,0.4225020408630371,0.29880907134938106,CVPF,soup_scene3,70,old
165,0.4248182773590088,0.29959975928663357,CVPF,soup_scene3,70,old
166,0.4271714687347412,0.29959975928663357,CVPF,soup_scene3,70,old
167,0.42941927909851074,0.29959975928663357,CVPF,soup_scene3,70,old
168,0.431626558303833,0.29959975928663357,CVPF,soup_scene3,70,old
169,0.43391847610473633,0.29908038604840437,CVPF,soup_scene3,70,old
170,0.4361295700073242,0.29838085487512617,CVPF,soup_scene3,70,old
171,0.4384348392486572,0.29838085487512617,CVPF,soup_scene3,70,old
172,0.44059181213378906,0.29838085487512617,CVPF,soup_scene3,70,old
173,0.4426727294921875,0.29838085487512617,CVPF,soup_scene3,70,old
174,0.44486021995544434,0.29838085487512617,CVPF,soup_scene3,70,old
175,0.44726109504699707,0.2986923765039772,CVPF,soup_scene3,70,old
176,0.4494972229003906,0.2986923765039772,CVPF,soup_scene3,70,old
177,0.4516792297363281,0.2986923765039772,CVPF,soup_scene3,70,old
178,0.4538609981536865,0.2986923765039772,CVPF,soup_scene3,70,old
179,0.456085205078125,0.2989633160137301,CVPF,soup_scene3,70,old
180,0.45861244201660156,0.2987612309856224,CVPF,soup_scene3,70,old
181,0.46126246452331543,0.2987612309856224,CVPF,soup_scene3,70,old
182,0.4634699821472168,0.2987612309856224,CVPF,soup_scene3,70,old
183,0.46587562561035156,0.29316393951252856,CVPF,soup_scene3,70,old
184,0.4679830074310303,0.29316393951252856,CVPF,soup_scene3,70,old
185,0.47017574310302734,0.29316393951252856,CVPF,soup_scene3,70,old
186,0.4725308418273926,0.29311165163901504,CVPF,soup_scene3,70,old
187,0.47477173805236816,0.29311165163901504,CVPF,soup_scene3,70,old
188,0.4772965908050537,0.2932411409110757,CVPF,soup_scene3,70,old
189,0.4795808792114258,0.2930569824434437,CVPF,soup_scene3,70,old
190,0.48195815086364746,0.2930569824434437,CVPF,soup_scene3,70,old
191,0.4841632843017578,0.29285124695607,CVPF,soup_scene3,70,old
192,0.4865870475769043,0.2928581568363668,CVPF,soup_scene3,70,old
193,0.48884034156799316,0.29314426327111837,CVPF,soup_scene3,70,old
194,0.4911637306213379,0.29314426327111837,CVPF,soup_scene3,70,old
195,0.4934666156768799,0.29308452569070176,CVPF,soup_scene3,70,old
196,0.49565911293029785,0.29308452569070176,CVPF,soup_scene3,70,old
197,0.49786925315856934,0.2929825318904453,CVPF,soup_scene3,70,old
198,0.5000472068786621,0.2929825318904453,CVPF,soup_scene3,70,old
199,0.5024867057800293,0.29301424203467874,CVPF,soup_scene3,70,old
200,0.5048139095306396,0.2933756456207707,CVPF,soup_scene3,70,old
201,0.5069549083709717,0.2933756456207707,CVPF,soup_scene3,70,old
202,0.5090610980987549,0.2933756456207707,CVPF,soup_scene3,70,old
203,0.5112764835357666,0.29314785681591554,CVPF,soup_scene3,70,old
204,0.5136339664459229,0.29314785681591554,CVPF,soup_scene3,70,old
205,0.5158095359802246,0.29314785681591554,CVPF,soup_scene3,70,old
206,0.5179367065429688,0.29314785681591554,CVPF,soup_scene3,70,old
207,0.5202751159667969,0.2931022217417759,CVPF,soup_scene3,70,old
208,0.5225017070770264,0.292817807277394,CVPF,soup_scene3,70,old
209,0.5249366760253906,0.292817807277394,CVPF,soup_scene3,70,old
210,0.5271780490875244,0.29238052974506024,CVPF,soup_scene3,70,old
211,0.5293500423431396,0.29238052974506024,CVPF,soup_scene3,70,old
212,0.531550407409668,0.2925793269996483,CVPF,soup_scene3,70,old
213,0.5337584018707275,0.2925793269996483,CVPF,soup_scene3,70,old
214,0.5359816551208496,0.2925793269996483,CVPF,soup_scene3,70,old
215,0.5382592678070068,0.2927796958781071,CVPF,soup_scene3,70,old
216,0.5404040813446045,0.2927796958781071,CVPF,soup_scene3,70,old
217,0.5425426959991455,0.2927796958781071,CVPF,soup_scene3,70,old
218,0.5448789596557617,0.29336583097029834,CVPF,soup_scene3,70,old
219,0.5471231937408447,0.29336583097029834,CVPF,soup_scene3,70,old
220,0.5494163036346436,0.29335467784785607,CVPF,soup_scene3,70,old
221,0.5516409873962402,0.29335467784785607,CVPF,soup_scene3,70,old
222,0.5539274215698242,0.29335467784785607,CVPF,soup_scene3,70,old
223,0.5561919212341309,0.29333308140876013,CVPF,soup_scene3,70,old
224,0.5583465099334717,0.29333308140876013,CVPF,soup_scene3,70,old
225,0.5605356693267822,0.29333308140876013,CVPF,soup_scene3,70,old
226,0.5635178089141846,0.2933322139420112,CVPF,soup_scene3,70,old
227,0.5672001838684082,0.2933322139420112,CVPF,soup_scene3,70,old
228,0.5695576667785645,0.29300571226167005,CVPF,soup_scene3,70,old
229,0.5719115734100342,0.2930950150600788,CVPF,soup_scene3,70,old
230,0.5740780830383301,0.2930950150600788,CVPF,soup_scene3,70,old
231,0.5762457847595215,0.2930950150600788,CVPF,soup_scene3,70,old
232,0.5783722400665283,0.2930950150600788,CVPF,soup_scene3,70,old
233,0.5810818672180176,0.2933086595569715,CVPF,soup_scene3,70,old
234,0.5835573673248291,0.2933086595569715,CVPF,soup_scene3,70,old
235,0.5859053134918213,0.2933086595569715,CVPF,soup_scene3,70,old
236,0.5882940292358398,0.2933086595569715,CVPF,soup_scene3,70,old
237,0.5904390811920166,0.2933086595569715,CVPF,soup_scene3,70,old
238,0.5927472114562988,0.29279098624017436,CVPF,soup_scene3,70,old
239,0.5948967933654785,0.29279098624017436,CVPF,soup_scene3,70,old
240,0.5972695350646973,0.29279098624017436,CVPF,soup_scene3,70,old
241,0.599541425704956,0.29279098624017436,CVPF,soup_scene3,70,old
242,0.6017568111419678,0.29279098624017436,CVPF,soup_scene3,70,old
243,0.6041889190673828,0.29328339274787096,CVPF,soup_scene3,70,old
244,0.6064460277557373,0.29315734512697333,CVPF,soup_scene3,70,old
245,0.6086716651916504,0.29315734512697333,CVPF,soup_scene3,70,old
246,0.6113440990447998,0.29315734512697333,CVPF,soup_scene3,70,old
247,0.6137654781341553,0.29311095877673937,CVPF,soup_scene3,70,old
248,0.6160316467285156,0.2937066202752396,CVPF,soup_scene3,70,old
249,0.6181988716125488,0.2937066202752396,CVPF,soup_scene3,70,old
250,0.6204309463500977,0.2937066202752396,CVPF,soup_scene3,70,old
251,0.6226763725280762,0.2937066202752396,CVPF,soup_scene3,70,old
252,0.6249208450317383,0.2937066202752396,CVPF,soup_scene3,70,old
253,0.6282155513763428,0.285432711390219,CVPF,soup_scene3,70,old
254,0.6305406093597412,0.28508706603382955,CVPF,soup_scene3,70,old
255,0.6327097415924072,0.28508706603382955,CVPF,soup_scene3,70,old
256,0.63492751121521,0.28508706603382955,CVPF,soup_scene3,70,old
257,0.6371324062347412,0.28508706603382955,CVPF,soup_scene3,70,old
258,0.6393146514892578,0.28508706603382955,CVPF,soup_scene3,70,old
259,0.641625165939331,0.28509571877213674,CVPF,soup_scene3,70,old
260,0.6438848972320557,0.28509571877213674,CVPF,soup_scene3,70,old
261,0.6460666656494141,0.28509571877213674,CVPF,soup_scene3,70,old
262,0.6485109329223633,0.2856182780579962,CVPF,soup_scene3,70,old
263,0.6506896018981934,0.2856182780579962,CVPF,soup_scene3,70,old
264,0.6530954837799072,0.28527668727223254,CVPF,soup_scene3,70,old
265,0.6555123329162598,0.2854948229008407,CVPF,soup_scene3,70,old
266,0.657630443572998,0.2854948229008407,CVPF,soup_scene3,70,old
267,0.6597704887390137,0.2854948229008407,CVPF,soup_scene3,70,old
268,0.6619956493377686,0.28555467744234353,CVPF,soup_scene3,70,old
269,0.6640563011169434,0.28555467744234353,CVPF,soup_scene3,70,old
270,0.6660914421081543,0.28555467744234353,CVPF,soup_scene3,70,old
271,0.6682775020599365,0.28536418784926304,CVPF,soup_scene3,70,old
272,0.6706187725067139,0.2852210548531038,CVPF,soup_scene3,70,old
273,0.672929048538208,0.2852210548531038,CVPF,soup_scene3,70,old
274,0.6751613616943359,0.2852210548531038,CVPF,soup_scene3,70,old
275,0.6773436069488525,0.2852210548531038,CVPF,soup_scene3,70,old
276,0.679901123046875,0.2854470437688321,CVPF,soup_scene3,70,old
277,0.6820690631866455,0.2854470437688321,CVPF,soup_scene3,70,old
278,0.6845107078552246,0.2856046648068625,CVPF,soup_scene3,70,old
279,0.6866474151611328,0.2856046648068625,CVPF,soup_scene3,70,old
280,0.6888608932495117,0.2862088736377035,CVPF,soup_scene3,70,old
281,0.6909985542297363,0.2862088736377035,CVPF,soup_scene3,70,old
282,0.6931719779968262,0.2862088736377035,CVPF,soup_scene3,70,old
283,0.6954271793365479,0.28557624335977166,CVPF,soup_scene3,70,old
284,0.6978003978729248,0.28557624335977166,CVPF,soup_scene3,70,old
285,0.700117826461792,0.28557624335977166,CVPF,soup_scene3,70,old
286,0.7023360729217529,0.28557624335977166,CVPF,soup_scene3,70,old
287,0.7045845985412598,0.28557624335977166,CVPF,soup_scene3,70,old
288,0.7067935466766357,0.28536210766242903,CVPF,soup_scene3,70,old
289,0.709129810333252,0.28558567322552875,CVPF,soup_scene3,70,old
290,0.7113020420074463,0.28558567322552875,CVPF,soup_scene3,70,old
291,0.7135899066925049,0.28558567322552875,CVPF,soup_scene3,70,old
292,0.7157952785491943,0.28558567322552875,CVPF,soup_scene3,70,old
293,0.7180860042572021,0.2855534675637157,CVPF,soup_scene3,70,old
294,0.7203564643859863,0.2853696192274799,CVPF,soup_scene3,70,old
295,0.7225308418273926,0.2853696192274799,CVPF,soup_scene3,70,old
296,0.7248098850250244,0.2853696192274799,CVPF,soup_scene3,70,old
297,0.7269587516784668,0.2853696192274799,CVPF,soup_scene3,70,old
298,0.7291154861450195,0.2853696192274799,CVPF,soup_scene3,70,old
299,0.7312817573547363,0.2853696192274799,CVPF,soup_scene3,70,old
300,0.733454704284668,0.2853696192274799,CVPF,soup_scene3,70,old
301,0.735614538192749,0.2853696192274799,CVPF,soup_scene3,70,old
302,0.7377760410308838,0.2853696192274799,CVPF,soup_scene3,70,old
303,0.739938497543335,0.2853696192274799,CVPF,soup_scene3,70,old
304,0.7422659397125244,0.2853696192274799,CVPF,soup_scene3,70,old
305,0.7445285320281982,0.2855049288065481,CVPF,soup_scene3,70,old
306,0.746906042098999,0.28500113484009953,CVPF,soup_scene3,70,old
307,0.7494001388549805,0.28589475236704276,CVPF,soup_scene3,70,old
308,0.751819372177124,0.28589475236704276,CVPF,soup_scene3,70,old
309,0.7539939880371094,0.28589475236704276,CVPF,soup_scene3,70,old
310,0.7561755180358887,0.28589475236704276,CVPF,soup_scene3,70,old
311,0.7583765983581543,0.28589475236704276,CVPF,soup_scene3,70,old
312,0.7611184120178223,0.285469202473641,CVPF,soup_scene3,70,old
313,0.7632746696472168,0.285469202473641,CVPF,soup_scene3,70,old
314,0.7655091285705566,0.2850045001711196,CVPF,soup_scene3,70,old
315,0.767780065536499,0.2850045001711196,CVPF,soup_scene3,70,old
316,0.7699813842773438,0.2850045001711196,CVPF,soup_scene3,70,old
317,0.7721526622772217,0.2850045001711196,CVPF,soup_scene3,70,old
318,0.7744128704071045,0.28515060189030217,CVPF,soup_scene3,70,old
319,0.7765824794769287,0.28515060189030217,CVPF,soup_scene3,70,old
320,0.7788913249969482,0.28451716002681415,CVPF,soup_scene3,70,old
321,0.7818131446838379,0.28501391141915966,CVPF,soup_scene3,70,old
322,0.7843043804168701,0.28501391141915966,CVPF,soup_scene3,70,old
323,0.7864909172058105,0.28501391141915966,CVPF,soup_scene3,70,old
324,0.7886948585510254,0.28501391141915966,CVPF,soup_scene3,70,old
325,0.7908802032470703,0.28501391141915966,CVPF,soup_scene3,70,old
326,0.7930679321289062,0.28501391141915966,CVPF,soup_scene3,70,old
327,0.7952144145965576,0.28501391141915966,CVPF,soup_scene3,70,old
328,0.797349214553833,0.28501391141915966,CVPF,soup_scene3,70,old
329,0.7995185852050781,0.28501391141915966,CVPF,soup_scene3,70,old
330,0.8018448352813721,0.2889577223293745,CVPF,soup_scene3,70,old
331,0.8046603202819824,0.2889577223293745,CVPF,soup_scene3,70,old
332,0.8068759441375732,0.2898181956087318,CVPF,soup_scene3,70,old
333,0.8090806007385254,0.2898181956087318,CVPF,soup_scene3,70,old
334,0.8113515377044678,0.2898181956087318,CVPF,soup_scene3,70,old
335,0.8136794567108154,0.2898181956087318,CVPF,soup_scene3,70,old
336,0.8158907890319824,0.2898181956087318,CVPF,soup_scene3,70,old
337,0.8180432319641113,0.2898181956087318,CVPF,soup_scene3,70,old
338,0.8202543258666992,0.2898181956087318,CVPF,soup_scene3,70,old
339,0.8225548267364502,0.2902787494937451,CVPF,soup_scene3,70,old
340,0.8248188495635986,0.28977246523998973,CVPF,soup_scene3,70,old
341,0.8272128105163574,0.2896742719655379,CVPF,soup_scene3,70,old
342,0.8293983936309814,0.2896742719655379,CVPF,soup_scene3,70,old
343,0.8316202163696289,0.2896742719655379,CVPF,soup_scene3,70,old
344,0.8340115547180176,0.28970780042852917,CVPF,soup_scene3,70,old
345,0.8362019062042236,0.28970780042852917,CVPF,soup_scene3,70,old
346,0.8383431434631348,0.28970780042852917,CVPF,soup_scene3,70,old
347,0.8406219482421875,0.28938928534179803,CVPF,soup_scene3,70,old
348,0.842944860458374,0.28938928534179803,CVPF,soup_scene3,70,old
349,0.8452885150909424,0.28938928534179803,CVPF,soup_scene3,70,old
350,0.8474867343902588,0.28938928534179803,CVPF,soup_scene3,70,old
351,0.8498375415802002,0.289454299623375,CVPF,soup_scene3,70,old
352,0.8520452976226807,0.289454299623375,CVPF,soup_scene3,70,old
353,0.8542172908782959,0.289454299623375,CVPF,soup_scene3,70,old
354,0.8564763069152832,0.2895435219672397,CVPF,soup_scene3,70,old
355,0.858673095703125,0.2895435219672397,CVPF,soup_scene3,70,old
356,0.8610522747039795,0.2895435219672397,CVPF,soup_scene3,70,old
357,0.8632147312164307,0.2895435219672397,CVPF,soup_scene3,70,old
358,0.86543869972229,0.2895435219672397,CVPF,soup_scene3,70,old
359,0.867882251739502,0.28931851631718786,CVPF,soup_scene3,70,old
360,0.8706443309783936,0.28945186885617186,CVPF,soup_scene3,70,old
361,0.8728253841400146,0.28945186885617186,CVPF,soup_scene3,70,old
362,0.8749804496765137,0.28945186885617186,CVPF,soup_scene3,70,old
363,0.8778946399688721,0.2897001440401426,CVPF,soup_scene3,70,old
364,0.8801784515380859,0.2897001440401426,CVPF,soup_scene3,70,old
365,0.8823297023773193,0.2897001440401426,CVPF,soup_scene3,70,old
366,0.8844847679138184,0.2897001440401426,CVPF,soup_scene3,70,old
367,0.8866574764251709,0.2897001440401426,CVPF,soup_scene3,70,old
368,0.888927698135376,0.28950358502755474,CVPF,soup_scene3,70,old
369,0.8910989761352539,0.28950358502755474,CVPF,soup_scene3,70,old
370,0.8934919834136963,0.28901730455049135,CVPF,soup_scene3,70,old
371,0.8956611156463623,0.28901730455049135,CVPF,soup_scene3,70,old
372,0.8979125022888184,0.2895125698623242,CVPF,soup_scene3,70,old
373,0.9005308151245117,0.28951910950963616,CVPF,soup_scene3,70,old
374,0.9027221202850342,0.28951910950963616,CVPF,soup_scene3,70,old
375,0.9055960178375244,0.28932983307732324,CVPF,soup_scene3,70,old
376,0.9077210426330566,0.2894184397702773,CVPF,soup_scene3,70,old
377,0.9098436832427979,0.2894184397702773,CVPF,soup_scene3,70,old
378,0.9121627807617188,0.2893984748079249,CVPF,soup_scene3,70,old
379,0.914466381072998,0.2894650088541586,CVPF,soup_scene3,70,old
380,0.9166231155395508,0.2894650088541586,CVPF,soup_scene3,70,old
381,0.9189162254333496,0.2894696251830802,CVPF,soup_scene3,70,old
382,0.9214227199554443,0.2894696251830802,CVPF,soup_scene3,70,old
383,0.9235877990722656,0.2894515743143738,CVPF,soup_scene3,70,old
384,0.9257659912109375,0.2894515743143738,CVPF,soup_scene3,70,old
385,0.9279220104217529,0.2894515743143738,CVPF,soup_scene3,70,old
386,0.9301016330718994,0.2894515743143738,CVPF,soup_scene3,70,old
387,0.9323515892028809,0.2894515743143738,CVPF,soup_scene3,70,old
388,0.9356343746185303,0.28980487770487584,CVPF,soup_scene3,70,old
389,0.9380607604980469,0.2898545492544272,CVPF,soup_scene3,70,old
390,0.9403102397918701,0.2898545492544272,CVPF,soup_scene3,70,old
391,0.9426333904266357,0.2898545492544272,CVPF,soup_scene3,70,old
392,0.9450047016143799,0.2898545492544272,CVPF,soup_scene3,70,old
393,0.947382926940918,0.290373886242676,CVPF,soup_scene3,70,old
394,0.9495916366577148,0.290373886242676,CVPF,soup_scene3,70,old
395,0.9518957138061523,0.28928940782862644,CVPF,soup_scene3,70,old
396,0.9542968273162842,0.28935317926759424,CVPF,soup_scene3,70,old
397,0.9564056396484375,0.28935317926759424,CVPF,soup_scene3,70,old
398,0.9584388732910156,0.28935317926759424,CVPF,soup_scene3,70,old
399,0.9606125354766846,0.2898772070694003,CVPF,soup_scene3,70,old
400,0.9628071784973145,0.29001578954299456,CVPF,soup_scene3,70,old
401,0.9650323390960693,0.29001578954299456,CVPF,soup_scene3,70,old
402,0.9673454761505127,0.29001578954299456,CVPF,soup_scene3,70,old
403,0.9695310592651367,0.2898303024790731,CVPF,soup_scene3,70,old
404,0.9718186855316162,0.2898303024790731,CVPF,soup_scene3,70,old
405,0.9740855693817139,0.2898303024790731,CVPF,soup_scene3,70,old
406,0.9761683940887451,0.2898303024790731,CVPF,soup_scene3,70,old
407,0.9784715175628662,0.2897529961111046,CVPF,soup_scene3,70,old
408,0.9806876182556152,0.2897529961111046,CVPF,soup_scene3,70,old
409,0.9828438758850098,0.2897529961111046,CVPF,soup_scene3,70,old
410,0.985236644744873,0.28972178851071506,CVPF,soup_scene3,70,old
411,0.987368106842041,0.28972178851071506,CVPF,soup_scene3,70,old
412,0.9895827770233154,0.28989528515107266,CVPF,soup_scene3,70,old
413,0.9919326305389404,0.28989528515107266,CVPF,soup_scene3,70,old
414,0.9940309524536133,0.28989528515107266,CVPF,soup_scene3,70,old
415,0.9963650703430176,0.2905019842771023,CVPF,soup_scene3,70,old
416,0.9985427856445312,0.2905019842771023,CVPF,soup_scene3,70,old
417,1.0009803771972656,0.2905019842771023,CVPF,soup_scene3,70,old
418,1.0031788349151611,0.2905019842771023,CVPF,soup_scene3,70,old
419,1.0053398609161377,0.2905019842771023,CVPF,soup_scene3,70,old
420,1.007507562637329,0.2905019842771023,CVPF,soup_scene3,70,old
421,1.0096840858459473,0.2905019842771023,CVPF,soup_scene3,70,old
422,1.0120577812194824,0.29052714772339044,CVPF,soup_scene3,70,old
423,1.0141818523406982,0.29052714772339044,CVPF,soup_scene3,70,old
424,1.0163981914520264,0.29052714772339044,CVPF,soup_scene3,70,old
425,1.0185847282409668,0.29052714772339044,CVPF,soup_scene3,70,old
426,1.020829677581787,0.29052714772339044,CVPF,soup_scene3,70,old
427,1.0230345726013184,0.2904754435419498,CVPF,soup_scene3,70,old
428,1.0251247882843018,0.2904754435419498,CVPF,soup_scene3,70,old
429,1.027510404586792,0.2901776849002286,CVPF,soup_scene3,70,old
430,1.0296733379364014,0.2901776849002286,CVPF,soup_scene3,70,old
431,1.031893014907837,0.2905039330007239,CVPF,soup_scene3,70,old
432,1.0344421863555908,0.29004638116897113,CVPF,soup_scene3,70,old
433,1.0367834568023682,0.2900144692943558,CVPF,soup_scene3,70,old
434,1.0390002727508545,0.2900144692943558,CVPF,soup_scene3,70,old
435,1.0412042140960693,0.2900144692943558,CVPF,soup_scene3,70,old
436,1.0435521602630615,0.2899801603973252,CVPF,soup_scene3,70,old
437,1.0457384586334229,0.28969553589600705,CVPF,soup_scene3,70,old
438,1.0478627681732178,0.28969553589600705,CVPF,soup_scene3,70,old
439,1.0501203536987305,0.28969553589600705,CVPF,soup_scene3,70,old
440,1.0528430938720703,0.2898568649738671,CVPF,soup_scene3,70,old
441,1.0551533699035645,0.2898568649738671,CVPF,soup_scene3,70,old
442,1.0572209358215332,0.2898568649738671,CVPF,soup_scene3,70,old
443,1.0594203472137451,0.2898568649738671,CVPF,soup_scene3,70,old
444,1.0616357326507568,0.2898568649738671,CVPF,soup_scene3,70,old
445,1.0639967918395996,0.2900924933977179,CVPF,soup_scene3,70,old
446,1.0661520957946777,0.2900924933977179,CVPF,soup_scene3,70,old
447,1.0683915615081787,0.2900924933977179,CVPF,soup_scene3,70,old
448,1.0705804824829102,0.2900924933977179,CVPF,soup_scene3,70,old
449,1.0729832649230957,0.28956414614049186,CVPF,soup_scene3,70,old
450,1.0758743286132812,0.2893853767414353,CVPF,soup_scene3,70,old
451,1.0782041549682617,0.28918441190411204,CVPF,soup_scene3,70,old
452,1.0804905891418457,0.28921025809896744,CVPF,soup_scene3,70,old
453,1.0826869010925293,0.28921025809896744,CVPF,soup_scene3,70,old
454,1.0850720405578613,0.28921025809896744,CVPF,soup_scene3,70,old
455,1.087479591369629,0.2897889381401722,CVPF,soup_scene3,70,old
456,1.0897033214569092,0.2897889381401722,CVPF,soup_scene3,70,old
457,1.0919725894927979,0.2897889381401722,CVPF,soup_scene3,70,old
458,1.0952177047729492,0.2841101302550126,CVPF,soup_scene3,70,old
459,1.0974400043487549,0.28367912493490377,CVPF,soup_scene3,70,old
460,1.0996613502502441,0.28367912493490377,CVPF,soup_scene3,70,old
461,1.101905345916748,0.28367912493490377,CVPF,soup_scene3,70,old
462,1.1041557788848877,0.2841301519919596,CVPF,soup_scene3,70,old
463,1.106318473815918,0.2841301519919596,CVPF,soup_scene3,70,old
464,1.1085000038146973,0.2841301519919596,CVPF,soup_scene3,70,old
465,1.1107594966888428,0.2841301519919596,CVPF,soup_scene3,70,old
466,1.1128973960876465,0.2841301519919596,CVPF,soup_scene3,70,old
467,1.115039587020874,0.2841301519919596,CVPF,soup_scene3,70,old
468,1.1171834468841553,0.2841301519919596,CVPF,soup_scene3,70,old
469,1.1197113990783691,0.2841301519919596,CVPF,soup_scene3,70,old
470,1.1219501495361328,0.28355565080109973,CVPF,soup_scene3,70,old
471,1.1242728233337402,0.28355565080109973,CVPF,soup_scene3,70,old
472,1.12644624710083,0.28355565080109973,CVPF,soup_scene3,70,old
473,1.1286098957061768,0.28355565080109973,CVPF,soup_scene3,70,old
474,1.1310508251190186,0.2836384164969222,CVPF,soup_scene3,70,old
475,1.133718490600586,0.2840429477033094,CVPF,soup_scene3,70,old
476,1.1359856128692627,0.28428763401624035,CVPF,soup_scene3,70,old
477,1.1380627155303955,0.28428763401624035,CVPF,soup_scene3,70,old
478,1.1403260231018066,0.28428763401624035,CVPF,soup_scene3,70,old
479,1.142425298690796,0.28428763401624035,CVPF,soup_scene3,70,old
480,1.1447131633758545,0.28423337892833167,CVPF,soup_scene3,70,old
481,1.1469299793243408,0.28423337892833167,CVPF,soup_scene3,70,old
482,1.1491270065307617,0.28423337892833167,CVPF,soup_scene3,70,old
483,1.1513457298278809,0.28423337892833167,CVPF,soup_scene3,70,old
484,1.1537163257598877,0.2840363044088262,CVPF,soup_scene3,70,old
485,1.1558499336242676,0.2840363044088262,CVPF,soup_scene3,70,old
486,1.15802001953125,0.2840363044088262,CVPF,soup_scene3,70,old
487,1.1601154804229736,0.2840363044088262,CVPF,soup_scene3,70,old
488,1.1624391078948975,0.2841959687494343,CVPF,soup_scene3,70,old
489,1.1645808219909668,0.2841959687494343,CVPF,soup_scene3,70,old
490,1.166822910308838,0.28425854214861296,CVPF,soup_scene3,70,old
491,1.16902494430542,0.28425854214861296,CVPF,soup_scene3,70,old
492,1.171231985092163,0.2843553843642184,CVPF,soup_scene3,70,old
493,1.1735141277313232,0.2843553843642184,CVPF,soup_scene3,70,old
494,1.1757566928863525,0.2843553843642184,CVPF,soup_scene3,70,old
495,1.1779272556304932,0.2843553843642184,CVPF,soup_scene3,70,old
496,1.1801574230194092,0.2843444963341907,CVPF,soup_scene3,70,old
497,1.182363510131836,0.2841506269054516,CVPF,soup_scene3,70,old
498,1.1846649646759033,0.2841506269054516,CVPF,soup_scene3,70,old
499,1.1870908737182617,0.2843601447851554,CVPF,soup_scene3,70,old
500,1.1892986297607422,0.28436258356039046,CVPF,soup_scene3,70,old
501,1.1914305686950684,0.28436258356039046,CVPF,soup_scene3,70,old
502,1.193824291229248,0.28434146945304173,CVPF,soup_scene3,70,old
503,1.1959505081176758,0.28434146945304173,CVPF,soup_scene3,70,old
504,1.1981325149536133,0.2842510254659122,CVPF,soup_scene3,70,old
505,1.2003302574157715,0.2842510254659122,CVPF,soup_scene3,70,old
506,1.202538251876831,0.2842510254659122,CVPF,soup_scene3,70,old
507,1.2049145698547363,0.2837213980618626,CVPF,soup_scene3,70,old
508,1.2071454524993896,0.2837213980618626,CVPF,soup_scene3,70,old
509,1.2092006206512451,0.2837213980618626,CVPF,soup_scene3,70,old
510,1.211425542831421,0.28374863092291797,CVPF,soup_scene3,70,old
511,1.213592529296875,0.28374863092291797,CVPF,soup_scene3,70,old
512,1.215916633605957,0.28454206951720656,CVPF,soup_scene3,70,old
513,1.2182648181915283,0.2845053641424486,CVPF,soup_scene3,70,old
514,1.2206132411956787,0.2843549306061756,CVPF,soup_scene3,70,old
515,1.2228717803955078,0.2843549306061756,CVPF,soup_scene3,70,old
516,1.2251768112182617,0.2843549306061756,CVPF,soup_scene3,70,old
517,1.2276833057403564,0.28410334346603655,CVPF,soup_scene3,70,old
518,1.2298026084899902,0.28410334346603655,CVPF,soup_scene3,70,old
519,1.2320127487182617,0.28410334346603655,CVPF,soup_scene3,70,old
520,1.2341892719268799,0.28410334346603655,CVPF,soup_scene3,70,old
521,1.2365663051605225,0.284289020082323,CVPF,soup_scene3,70,old
522,1.238718032836914,0.284289020082323,CVPF,soup_scene3,70,old
523,1.2409613132476807,0.284289020082323,CVPF,soup_scene3,70,old
524,1.2431626319885254,0.2849367417717261,CVPF,soup_scene3,70,old
525,1.245497703552246,0.28495843387377806,CVPF,soup_scene3,70,old
526,1.2478017807006836,0.28495843387377806,CVPF,soup_scene3,70,old
527,1.2501442432403564,0.28495843387377806,CVPF,soup_scene3,70,old
528,1.2524151802062988,0.28495843387377806,CVPF,soup_scene3,70,old
529,1.254516363143921,0.2842667230700299,CVPF,soup_scene3,70,old
530,1.2567191123962402,0.2842667230700299,CVPF,soup_scene3,70,old
531,1.258815050125122,0.2842667230700299,CVPF,soup_scene3,70,old
532,1.2610869407653809,0.2842895512731347,CVPF,soup_scene3,70,old
533,1.2633891105651855,0.2842895512731347,CVPF,soup_scene3,70,old
534,1.2657277584075928,0.2843680570553285,CVPF,soup_scene3,70,old
535,1.267883539199829,0.2843680570553285,CVPF,soup_scene3,70,old
536,1.270453929901123,0.2839919710006157,CVPF,soup_scene3,70,old
537,1.272810697555542,0.2839919710006157,CVPF,soup_scene3,70,old
538,1.2750236988067627,0.2839919710006157,CVPF,soup_scene3,70,old
539,1.277188777923584,0.2839919710006157,CVPF,soup_scene3,70,old
540,1.2796721458435059,0.295351070087476,CVPF,soup_scene3,70,old
541,1.2818470001220703,0.295351070087476,CVPF,soup_scene3,70,old
542,1.2846601009368896,0.295351070087476,CVPF,soup_scene3,70,old
543,1.2868211269378662,0.295351070087476,CVPF,soup_scene3,70,old
544,1.2891850471496582,0.2955825255439185,CVPF,soup_scene3,70,old
545,1.2914137840270996,0.2954268454597689,CVPF,soup_scene3,70,old
546,1.293546438217163,0.2954268454597689,CVPF,soup_scene3,70,old
547,1.2958345413208008,0.29563752155922,CVPF,soup_scene3,70,old
548,1.298039197921753,0.29563752155922,CVPF,soup_scene3,70,old
549,1.300055980682373,0.29563752155922,CVPF,soup_scene3,70,old
550,1.3021931648254395,0.29563752155922,CVPF,soup_scene3,70,old
551,1.3045356273651123,0.2962180777645842,CVPF,soup_scene3,70,old
552,1.306586503982544,0.2962180777645842,CVPF,soup_scene3,70,old
553,1.3087754249572754,0.2962180777645842,CVPF,soup_scene3,70,old
554,1.3110239505767822,0.2962180777645842,CVPF,soup_scene3,70,old
555,1.3133621215820312,0.2962320021779296,CVPF,soup_scene3,70,old
556,1.3155295848846436,0.2962320021779296,CVPF,soup_scene3,70,old
557,1.317871332168579,0.2962320021779296,CVPF,soup_scene3,70,old
558,1.3201985359191895,0.29552435203127114,CVPF,soup_scene3,70,old
559,1.3223421573638916,0.29552435203127114,CVPF,soup_scene3,70,old
560,1.3244709968566895,0.29552435203127114,CVPF,soup_scene3,70,old
561,1.326685905456543,0.29552435203127114,CVPF,soup_scene3,70,old
562,1.3291757106781006,0.2953742812421078,CVPF,soup_scene3,70,old
563,1.3312489986419678,0.2953742812421078,CVPF,soup_scene3,70,old
564,1.333400011062622,0.2953742812421078,CVPF,soup_scene3,70,old
565,1.3357625007629395,0.2962740219954125,CVPF,soup_scene3,70,old
566,1.3378818035125732,0.2962740219954125,CVPF,soup_scene3,70,old
567,1.3399419784545898,0.2962740219954125,CVPF,soup_scene3,70,old
568,1.341991662979126,0.2962740219954125,CVPF,soup_scene3,70,old
569,1.3442256450653076,0.2962740219954125,CVPF,soup_scene3,70,old
570,1.3465220928192139,0.2960921981806549,CVPF,soup_scene3,70,old
571,1.3487000465393066,0.2960921981806549,CVPF,soup_scene3,70,old
572,1.3507049083709717,0.2960921981806549,CVPF,soup_scene3,70,old
573,1.3529772758483887,0.29547588699888067,CVPF,soup_scene3,70,old
574,1.355118989944458,0.29577216223068525,CVPF,soup_scene3,70,old
575,1.35723876953125,0.29577216223068525,CVPF,soup_scene3,70,old
576,1.3594517707824707,0.29577216223068525,CVPF,soup_scene3,70,old
577,1.3617208003997803,0.2954409912658203,CVPF,soup_scene3,70,old
578,1.3639051914215088,0.2954409912658203,CVPF,soup_scene3,70,old
579,1.3659369945526123,0.2954409912658203,CVPF,soup_scene3,70,old
580,1.3680884838104248,0.2954294948416673,CVPF,soup_scene3,70,old
581,1.370234727859497,0.2954393201800312,CVPF,soup_scene3,70,old
582,1.372375249862671,0.2954393201800312,CVPF,soup_scene3,70,old
583,1.374551773071289,0.2954393201800312,CVPF,soup_scene3,70,old
584,1.376664161682129,0.2954393201800312,CVPF,soup_scene3,70,old
585,1.3789546489715576,0.2949350428262277,CVPF,soup_scene3,70,old
586,1.3811593055725098,0.29491943724257846,CVPF,soup_scene3,70,old
587,1.3833072185516357,0.29491943724257846,CVPF,soup_scene3,70,old
588,1.3854458332061768,0.29610394565534726,CVPF,soup_scene3,70,old
589,1.3876979351043701,0.2960881488951824,CVPF,soup_scene3,70,old
590,1.3898613452911377,0.2960881488951824,CVPF,soup_scene3,70,old
591,1.392045259475708,0.2960881488951824,CVPF,soup_scene3,70,old
592,1.394270658493042,0.29605564576950943,CVPF,soup_scene3,70,old
593,1.3965744972229004,0.29605564576950943,CVPF,soup_scene3,70,old
594,1.398745059967041,0.29605564576950943,CVPF,soup_scene3,70,old
595,1.4010632038116455,0.2962095319378743,CVPF,soup_scene3,70,old
596,1.4033992290496826,0.2962095319378743,CVPF,soup_scene3,70,old
597,1.4059221744537354,0.2954269062487935,CVPF,soup_scene3,70,old
598,1.4081802368164062,0.2954269062487935,CVPF,soup_scene3,70,old
599,1.4106941223144531,0.2954269062487935,CVPF,soup_scene3,70,old
600,1.4128377437591553,0.2951693782979304,CVPF,soup_scene3,70,old
601,1.4150307178497314,0.2951693782979304,CVPF,soup_scene3,70,old
602,1.417222261428833,0.2951693782979304,CVPF,soup_scene3,70,old
603,1.419658899307251,0.29532174986983456,CVPF,soup_scene3,70,old
604,1.4219932556152344,0.29539697935948084,CVPF,soup_scene3,70,old
605,1.4243106842041016,0.29539697935948084,CVPF,soup_scene3,70,old
606,1.4266328811645508,0.2953873573774401,CVPF,soup_scene3,70,old
607,1.4288380146026611,0.2953873573774401,CVPF,soup_scene3,70,old
608,1.4311761856079102,0.2952431604358568,CVPF,soup_scene3,70,old
609,1.4343531131744385,0.2952431604358568,CVPF,soup_scene3,70,old
610,1.436701774597168,0.2956242213592975,CVPF,soup_scene3,70,old
611,1.4391121864318848,0.3116892375882614,CVPF,soup_scene3,70,old
612,1.441218376159668,0.3116892375882614,CVPF,soup_scene3,70,old
613,1.4434292316436768,0.3116794058289443,CVPF,soup_scene3,70,old
614,1.4456532001495361,0.31136304282201294,CVPF,soup_scene3,70,old
615,1.4478185176849365,0.31136304282201294,CVPF,soup_scene3,70,old
616,1.4500868320465088,0.31136304282201294,CVPF,soup_scene3,70,old
617,1.4522395133972168,0.31136304282201294,CVPF,soup_scene3,70,old
618,1.4545314311981201,0.31136304282201294,CVPF,soup_scene3,70,old
619,1.456651210784912,0.31136304282201294,CVPF,soup_scene3,70,old
620,1.4589285850524902,0.31138735259802086,CVPF,soup_scene3,70,old
621,1.4614105224609375,0.31159526705442914,CVPF,soup_scene3,70,old
622,1.4635794162750244,0.31159526705442914,CVPF,soup_scene3,70,old
623,1.4658288955688477,0.31159526705442914,CVPF,soup_scene3,70,old
624,1.467879056930542,0.31159526705442914,CVPF,soup_scene3,70,old
625,1.4701118469238281,0.3115390934012051,CVPF,soup_scene3,70,old
626,1.4722282886505127,0.3115390934012051,CVPF,soup_scene3,70,old
627,1.4744517803192139,0.3115390934012051,CVPF,soup_scene3,70,old
628,1.4765708446502686,0.3116029686721034,CVPF,soup_scene3,70,old
629,1.4789438247680664,0.3114394117091934,CVPF,soup_scene3,70,old
630,1.481133222579956,0.3114394117091934,CVPF,soup_scene3,70,old
631,1.4833130836486816,0.3114394117091934,CVPF,soup_scene3,70,old
632,1.4854528903961182,0.3114394117091934,CVPF,soup_scene3,70,old
633,1.487642765045166,0.3114394117091934,CVPF,soup_scene3,70,old
634,1.48976731300354,0.3114394117091934,CVPF,soup_scene3,70,old
635,1.4919064044952393,0.3114394117091934,CVPF,soup_scene3,70,old
636,1.4947810173034668,0.31177479145437437,CVPF,soup_scene3,70,old
637,1.496938705444336,0.31177479145437437,CVPF,soup_scene3,70,old
638,1.4991095066070557,0.31177479145437437,CVPF,soup_scene3,70,old
639,1.5011348724365234,0.31177479145437437,CVPF,soup_scene3,70,old
640,1.5033893585205078,0.3115787125087328,CVPF,soup_scene3,70,old
641,1.5055484771728516,0.3115787125087328,CVPF,soup_scene3,70,old
642,1.5077381134033203,0.3115787125087328,CVPF,soup_scene3,70,old
643,1.5111992359161377,0.3115787125087328,CVPF,soup_scene3,70,old
644,1.5139436721801758,0.3115823298968039,CVPF,soup_scene3,70,old
645,1.516615867614746,0.3115873806372301,CVPF,soup_scene3,70,old
646,1.5194728374481201,0.3115953201917406,CVPF,soup_scene3,70,old
647,1.5219647884368896,0.31170924796091665,CVPF,soup_scene3,70,old
648,1.5242750644683838,0.31170924796091665,CVPF,soup_scene3,70,old
649,1.5264432430267334,0.31172360285732065,CVPF,soup_scene3,70,old
650,1.528709888458252,0.31165082282790346,CVPF,soup_scene3,70,old
651,1.5312139987945557,0.31165082282790346,CVPF,soup_scene3,70,old
652,1.5332937240600586,0.31165082282790346,CVPF,soup_scene3,70,old
653,1.536658525466919,0.311609046672846,CVPF,soup_scene3,70,old
654,1.5399353504180908,0.31170282615906614,CVPF,soup_scene3,70,old
655,1.543226957321167,0.31170282615906614,CVPF,soup_scene3,70,old
656,1.546571969985962,0.3123706064810264,CVPF,soup_scene3,70,old
657,1.5501034259796143,0.3122576499584,CVPF,soup_scene3,70,old
658,1.553429126739502,0.3122576499584,CVPF,soup_scene3,70,old
659,1.5568571090698242,0.31159893468957517,CVPF,soup_scene3,70,old
660,1.5603218078613281,0.31159893468957517,CVPF,soup_scene3,70,old
661,1.5637483596801758,0.3115649600025387,CVPF,soup_scene3,70,old
662,1.5671958923339844,0.3115649600025387,CVPF,soup_scene3,70,old
663,1.5705440044403076,0.3117345573343784,CVPF,soup_scene3,70,old
664,1.5740914344787598,0.31171704646208165,CVPF,soup_scene3,70,old
665,1.5774846076965332,0.3116083037900848,CVPF,soup_scene3,70,old
666,1.580756425857544,0.3116083037900848,CVPF,soup_scene3,70,old
667,1.5840959548950195,0.31147283118280517,CVPF,soup_scene3,70,old
668,1.5870754718780518,0.31162850934393627,CVPF,soup_scene3,70,old
669,1.5904462337493896,0.31162850934393627,CVPF,soup_scene3,70,old
670,1.5939466953277588,0.311330911801537,CVPF,soup_scene3,70,old
671,1.5974087715148926,0.311433471721645,CVPF,soup_scene3,70,old
672,1.6002535820007324,0.31188509560886934,CVPF,soup_scene3,70,old
673,1.6025021076202393,0.31188509560886934,CVPF,soup_scene3,70,old
674,1.6051404476165771,0.31166548195738003,CVPF,soup_scene3,70,old
675,1.6079325675964355,0.31166548195738003,CVPF,soup_scene3,70,old
676,1.6103136539459229,0.33202561978602363,CVPF,soup_scene3,70,old
677,1.6124460697174072,0.33202561978602363,CVPF,soup_scene3,70,old
678,1.6146605014801025,0.33202561978602363,CVPF,soup_scene3,70,old
679,1.6172096729278564,0.33153143905900406,CVPF,soup_scene3,70,old
680,1.6193263530731201,0.33153143905900406,CVPF,soup_scene3,70,old
681,1.6214263439178467,0.33153143905900406,CVPF,soup_scene3,70,old
682,1.6234376430511475,0.33153143905900406,CVPF,soup_scene3,70,old
683,1.6256377696990967,0.33153143905900406,CVPF,soup_scene3,70,old
684,1.627974271774292,0.3317396985899537,CVPF,soup_scene3,70,old
685,1.6302378177642822,0.3317396985899537,CVPF,soup_scene3,70,old
686,1.6324381828308105,0.3317396985899537,CVPF,soup_scene3,70,old
687,1.63466215133667,0.3317396985899537,CVPF,soup_scene3,70,old
688,1.6368441581726074,0.3317396985899537,CVPF,soup_scene3,70,old
689,1.6391046047210693,0.33187807637638045,CVPF,soup_scene3,70,old
690,1.6414196491241455,0.33191732377805494,CVPF,soup_scene3,70,old
691,1.6436879634857178,0.33191732377805494,CVPF,soup_scene3,70,old
692,1.6461305618286133,0.33191732377805494,CVPF,soup_scene3,70,old
693,1.648386001586914,0.33191732377805494,CVPF,soup_scene3,70,old
694,1.6506226062774658,0.33191732377805494,CVPF,soup_scene3,70,old
695,1.6532318592071533,0.33175431865721017,CVPF,soup_scene3,70,old
696,1.655630350112915,0.33175431865721017,CVPF,soup_scene3,70,old
697,1.6578171253204346,0.33175431865721017,CVPF,soup_scene3,70,old
698,1.65987229347229,0.33175431865721017,CVPF,soup_scene3,70,old
699,1.661907434463501,0.33175431865721017,CVPF,soup_scene3,70,old
700,1.6639659404754639,0.33175431865721017,CVPF,soup_scene3,70,old
701,1.666163444519043,0.33178415727877514,CVPF,soup_scene3,70,old
702,1.6684350967407227,0.33178520513969867,CVPF,soup_scene3,70,old
703,1.6708216667175293,0.33178520513969867,CVPF,soup_scene3,70,old
704,1.6732702255249023,0.3318240492318356,CVPF,soup_scene3,70,old
705,1.675485610961914,0.3318240492318356,CVPF,soup_scene3,70,old
706,1.6776998043060303,0.3318240492318356,CVPF,soup_scene3,70,old
707,1.6800997257232666,0.3318687137205286,CVPF,soup_scene3,70,old
708,1.682509422302246,0.3318401951980671,CVPF,soup_scene3,70,old
709,1.684802770614624,0.3319099196787294,CVPF,soup_scene3,70,old
710,1.687004566192627,0.3319099196787294,CVPF,soup_scene3,70,old
711,1.689542531967163,0.331856971933936,CVPF,soup_scene3,70,old
712,1.6918590068817139,0.3319250710821269,CVPF,soup_scene3,70,old
713,1.6940128803253174,0.3319250710821269,CVPF,soup_scene3,70,old
714,1.6963574886322021,0.33197716200625776,CVPF,soup_scene3,70,old
715,1.6986963748931885,0.3320585188398633,CVPF,soup_scene3,70,old
716,1.700948715209961,0.3320585188398633,CVPF,soup_scene3,70,old
717,1.703200101852417,0.33222953202639977,CVPF,soup_scene3,70,old
718,1.7055323123931885,0.33222953202639977,CVPF,soup_scene3,70,old
719,1.7079448699951172,0.33211545021014144,CVPF,soup_scene3,70,old
720,1.7101953029632568,0.33211545021014144,CVPF,soup_scene3,70,old
721,1.7126140594482422,0.332179590069701,CVPF,soup_scene3,70,old
722,1.7147631645202637,0.332179590069701,CVPF,soup_scene3,70,old
723,1.7171850204467773,0.3321260171744998,CVPF,soup_scene3,70,old
724,1.719463586807251,0.3319328113853776,CVPF,soup_scene3,70,old
725,1.7217166423797607,0.331937506820856,CVPF,soup_scene3,70,old
726,1.7237894535064697,0.331937506820856,CVPF,soup_scene3,70,old
727,1.7259025573730469,0.331937506820856,CVPF,soup_scene3,70,old
728,1.7281744480133057,0.33196163461891465,CVPF,soup_scene3,70,old
729,1.7304959297180176,0.33203016057093127,CVPF,soup_scene3,70,old
730,1.7328343391418457,0.33203016057093127,CVPF,soup_scene3,70,old
731,1.7353391647338867,0.33203016057093127,CVPF,soup_scene3,70,old
732,1.7384686470031738,0.3366010267791967,CVPF,soup_scene3,70,old
733,1.7406864166259766,0.3366010267791967,CVPF,soup_scene3,70,old
734,1.7427456378936768,0.3366010267791967,CVPF,soup_scene3,70,old
735,1.7450754642486572,0.33660923888873395,CVPF,soup_scene3,70,old
736,1.7474184036254883,0.33660923888873395,CVPF,soup_scene3,70,old
737,1.7495169639587402,0.33660923888873395,CVPF,soup_scene3,70,old
738,1.7516226768493652,0.33660923888873395,CVPF,soup_scene3,70,old
739,1.7539007663726807,0.33633545461930175,CVPF,soup_scene3,70,old
740,1.7561416625976562,0.33633545461930175,CVPF,soup_scene3,70,old
741,1.7583045959472656,0.33633545461930175,CVPF,soup_scene3,70,old
742,1.760688304901123,0.33676590506437903,CVPF,soup_scene3,70,old
743,1.7629175186157227,0.336523512242802,CVPF,soup_scene3,70,old
744,1.7651088237762451,0.336523512242802,CVPF,soup_scene3,70,old
745,1.7671380043029785,0.336523512242802,CVPF,soup_scene3,70,old
746,1.769394874572754,0.3367153725275846,CVPF,soup_scene3,70,old
747,1.771615982055664,0.3367153725275846,CVPF,soup_scene3,70,old
748,1.7737197875976562,0.3367153725275846,CVPF,soup_scene3,70,old
749,1.7758374214172363,0.3367153725275846,CVPF,soup_scene3,70,old
750,1.778191328048706,0.33637307644481684,CVPF,soup_scene3,70,old
751,1.7804906368255615,0.33637307644481684,CVPF,soup_scene3,70,old
752,1.7825279235839844,0.33637307644481684,CVPF,soup_scene3,70,old
753,1.7846851348876953,0.33637307644481684,CVPF,soup_scene3,70,old
754,1.787017583847046,0.33661810635315337,CVPF,soup_scene3,70,old
755,1.789257287979126,0.33665104639612387,CVPF,soup_scene3,70,old
756,1.7913646697998047,0.33665104639612387,CVPF,soup_scene3,70,old
757,1.793485403060913,0.3366304626210668,CVPF,soup_scene3,70,old
758,1.7957499027252197,0.3366304626210668,CVPF,soup_scene3,70,old
759,1.7981510162353516,0.3364497549902272,CVPF,soup_scene3,70,old
760,1.8003616333007812,0.3364497549902272,CVPF,soup_scene3,70,old
761,1.8025681972503662,0.3364034758534611,CVPF,soup_scene3,70,old
762,1.8049170970916748,0.33637579631909187,CVPF,soup_scene3,70,old
763,1.8072071075439453,0.33637579631909187,CVPF,soup_scene3,70,old
764,1.8092856407165527,0.33637579631909187,CVPF,soup_scene3,70,old
765,1.8116486072540283,0.33641809514342597,CVPF,soup_scene3,70,old
766,1.8138971328735352,0.33641809514342597,CVPF,soup_scene3,70,old
767,1.8159902095794678,0.33641809514342597,CVPF,soup_scene3,70,old
768,1.8181548118591309,0.33641809514342597,CVPF,soup_scene3,70,old
769,1.8204941749572754,0.33642684686152585,CVPF,soup_scene3,70,old
770,1.8226323127746582,0.33642684686152585,CVPF,soup_scene3,70,old
771,1.8247113227844238,0.33642684686152585,CVPF,soup_scene3,70,old
772,1.8269517421722412,0.33653390636069974,CVPF,soup_scene3,70,old
773,1.8292064666748047,0.336709487287357,CVPF,soup_scene3,70,old
774,1.8313870429992676,0.336709487287357,CVPF,soup_scene3,70,old
775,1.8333580493927002,0.336709487287357,CVPF,soup_scene3,70,old
776,1.8356373310089111,0.3366816715962291,CVPF,soup_scene3,70,old
777,1.8379249572753906,0.33642576371465854,CVPF,soup_scene3,70,old
778,1.840083122253418,0.33642576371465854,CVPF,soup_scene3,70,old
779,1.8422067165374756,0.33642576371465854,CVPF,soup_scene3,70,old
780,1.8444736003875732,0.3364072072354939,CVPF,soup_scene3,70,old
781,1.8468103408813477,0.3364072072354939,CVPF,soup_scene3,70,old
782,1.8490328788757324,0.3364072072354939,CVPF,soup_scene3,70,old
783,1.8511121273040771,0.3364072072354939,CVPF,soup_scene3,70,old
784,1.8535397052764893,0.3359451919769,CVPF,soup_scene3,70,old
785,1.8559045791625977,0.3359451919769,CVPF,soup_scene3,70,old
786,1.8580994606018066,0.3359451919769,CVPF,soup_scene3,70,old
787,1.8603150844573975,0.3359451919769,CVPF,soup_scene3,70,old
788,1.8625905513763428,0.3366335964737312,CVPF,soup_scene3,70,old
789,1.8647713661193848,0.3366335964737312,CVPF,soup_scene3,70,old
790,1.8670916557312012,0.3366335964737312,CVPF,soup_scene3,70,old
791,1.869321584701538,0.3366335964737312,CVPF,soup_scene3,70,old
792,1.8715295791625977,0.3366335964737312,CVPF,soup_scene3,70,old
793,1.8748905658721924,0.3365398651013213,CVPF,soup_scene3,70,old
794,1.8783347606658936,0.33654128583185794,CVPF,soup_scene3,70,old
795,1.881798267364502,0.33664694413752305,CVPF,soup_scene3,70,old
796,1.8853075504302979,0.33668973286330023,CVPF,soup_scene3,70,old
797,1.8875596523284912,0.33668973286330023,CVPF,soup_scene3,70,old
798,1.889911413192749,0.33668973286330023,CVPF,soup_scene3,70,old
799,1.8920400142669678,0.33668973286330023,CVPF,soup_scene3,70,old
800,1.8943183422088623,0.3365097006104513,CVPF,soup_scene3,70,old
801,1.8967697620391846,0.33641792227201717,CVPF,soup_scene3,70,old
802,1.8990068435668945,0.33641792227201717,CVPF,soup_scene3,70,old
803,1.9011399745941162,0.33641792227201717,CVPF,soup_scene3,70,old
804,1.9040660858154297,0.3299703217205969,CVPF,soup_scene3,70,old
805,1.9062325954437256,0.3299703217205969,CVPF,soup_scene3,70,old
806,1.9084596633911133,0.3299703217205969,CVPF,soup_scene3,70,old
807,1.910651683807373,0.3299703217205969,CVPF,soup_scene3,70,old
808,1.9129688739776611,0.33001042909319345,CVPF,soup_scene3,70,old
809,1.915381908416748,0.33001042909319345,CVPF,soup_scene3,70,old
810,1.9174537658691406,0.33001042909319345,CVPF,soup_scene3,70,old
811,1.9196994304656982,0.3298444612127558,CVPF,soup_scene3,70,old
812,1.9219543933868408,0.3298444612127558,CVPF,soup_scene3,70,old
813,1.9242651462554932,0.3298444612127558,CVPF,soup_scene3,70,old
814,1.9264955520629883,0.3298495350395102,CVPF,soup_scene3,70,old
815,1.9286892414093018,0.3301539329282339,CVPF,soup_scene3,70,old
816,1.9308929443359375,0.3301539329282339,CVPF,soup_scene3,70,old
817,1.9329643249511719,0.3301539329282339,CVPF,soup_scene3,70,old
818,1.9349863529205322,0.3301539329282339,CVPF,soup_scene3,70,old
819,1.9371564388275146,0.33020932849465173,CVPF,soup_scene3,70,old
820,1.9394323825836182,0.3299517674417998,CVPF,soup_scene3,70,old
821,1.9415876865386963,0.3299517674417998,CVPF,soup_scene3,70,old
822,1.94362211227417,0.3299517674417998,CVPF,soup_scene3,70,old
823,1.9458682537078857,0.3299517674417998,CVPF,soup_scene3,70,old
824,1.9482743740081787,0.32989987329176385,CVPF,soup_scene3,70,old
825,1.9503111839294434,0.32989987329176385,CVPF,soup_scene3,70,old
826,1.9524555206298828,0.32989987329176385,CVPF,soup_scene3,70,old
827,1.9547250270843506,0.3298656620837195,CVPF,soup_scene3,70,old
828,1.9570260047912598,0.3299323920521462,CVPF,soup_scene3,70,old
829,1.9592175483703613,0.3299323920521462,CVPF,soup_scene3,70,old
830,1.9613616466522217,0.3299323920521462,CVPF,soup_scene3,70,old
831,1.96351957321167,0.3299323920521462,CVPF,soup_scene3,70,old
832,1.9657294750213623,0.3299323920521462,CVPF,soup_scene3,70,old
833,1.9678936004638672,0.32994582994596483,CVPF,soup_scene3,70,old
834,1.970125436782837,0.32979262246546803,CVPF,soup_scene3,70,old
835,1.9724199771881104,0.32979262246546803,CVPF,soup_scene3,70,old
836,1.9744524955749512,0.32979262246546803,CVPF,soup_scene3,70,old
837,1.9765655994415283,0.3297559726960268,CVPF,soup_scene3,70,old
838,1.9786300659179688,0.3297559726960268,CVPF,soup_scene3,70,old
839,1.98087477684021,0.3298360802340113,CVPF,soup_scene3,70,old
840,1.9829890727996826,0.3298360802340113,CVPF,soup_scene3,70,old
841,1.985058307647705,0.3298360802340113,CVPF,soup_scene3,70,old
842,1.9872641563415527,0.3298360802340113,CVPF,soup_scene3,70,old
843,1.989499568939209,0.3298360802340113,CVPF,soup_scene3,70,old
844,1.9918084144592285,0.32998370222193274,CVPF,soup_scene3,70,old
845,1.993905782699585,0.32998370222193274,CVPF,soup_scene3,70,old
846,1.996086597442627,0.32998370222193274,CVPF,soup_scene3,70,old
847,1.9982903003692627,0.32998370222193274,CVPF,soup_scene3,70,old
848,2.000659465789795,0.33003174417641423,CVPF,soup_scene3,70,old
849,2.002885103225708,0.3298022347975944,CVPF,soup_scene3,70,old
850,2.005037784576416,0.3298022347975944,CVPF,soup_scene3,70,old
851,2.007154941558838,0.3298022347975944,CVPF,soup_scene3,70,old
852,2.0092947483062744,0.3298022347975944,CVPF,soup_scene3,70,old
853,2.0113885402679443,0.3298022347975944,CVPF,soup_scene3,70,old
854,2.0134146213531494,0.3298022347975944,CVPF,soup_scene3,70,old
855,2.0154871940612793,0.3298022347975944,CVPF,soup_scene3,70,old
856,2.0177552700042725,0.32983987427544625,CVPF,soup_scene3,70,old
857,2.0199735164642334,0.32983987427544625,CVPF,soup_scene3,70,old
858,2.0220422744750977,0.32983987427544625,CVPF,soup_scene3,70,old
859,2.0242578983306885,0.33003895468584094,CVPF,soup_scene3,70,old
860,2.02657151222229,0.3298772627550213,CVPF,soup_scene3,70,old
861,2.0288338661193848,0.3298772627550213,CVPF,soup_scene3,70,old
862,2.0309085845947266,0.3298772627550213,CVPF,soup_scene3,70,old
863,2.0330631732940674,0.3298772627550213,CVPF,soup_scene3,70,old
864,2.035226345062256,0.3298772627550213,CVPF,soup_scene3,70,old
865,2.037432909011841,0.32988794881121425,CVPF,soup_scene3,70,old
866,2.039531946182251,0.32988794881121425,CVPF,soup_scene3,70,old
867,2.0419576168060303,0.3300952830090729,CVPF,soup_scene3,70,old
868,2.0443429946899414,0.3300952830090729,CVPF,soup_scene3,70,old
869,2.0466973781585693,0.3300952830090729,CVPF,soup_scene3,70,old
870,2.048795223236084,0.3300952830090729,CVPF,soup_scene3,70,old
871,2.0510315895080566,0.3301114051979386,CVPF,soup_scene3,70,old
872,2.0532822608947754,0.3301434650527405,CVPF,soup_scene3,70,old
873,2.055528402328491,0.3301434650527405,CVPF,soup_scene3,70,old
874,2.057910442352295,0.3301434650527405,CVPF,soup_scene3,70,old
875,2.060065269470215,0.3301434650527405,CVPF,soup_scene3,70,old
876,2.062716245651245,0.31146332376434316,CVPF,soup_scene3,70,old
877,2.064943790435791,0.31146332376434316,CVPF,soup_scene3,70,old
878,2.067547082901001,0.31132074815425553,CVPF,soup_scene3,70,old
879,2.069918632507324,0.3113013927144928,CVPF,soup_scene3,70,old
880,2.072248697280884,0.31149571194272574,CVPF,soup_scene3,70,old
881,2.0745699405670166,0.31149571194272574,CVPF,soup_scene3,70,old
882,2.0770962238311768,0.31119363115126336,CVPF,soup_scene3,70,old
883,2.0795159339904785,0.31062873180641953,CVPF,soup_scene3,70,old
884,2.082049608230591,0.31095052553030283,CVPF,soup_scene3,70,old
885,2.0843734741210938,0.3107203952081253,CVPF,soup_scene3,70,old
886,2.0865156650543213,0.3107203952081253,CVPF,soup_scene3,70,old
887,2.0888397693634033,0.31077547669297484,CVPF,soup_scene3,70,old
888,2.091085910797119,0.31125641192494696,CVPF,soup_scene3,70,old
889,2.093212842941284,0.31125641192494696,CVPF,soup_scene3,70,old
890,2.095426559448242,0.31193665363587353,CVPF,soup_scene3,70,old
891,2.097633123397827,0.31193665363587353,CVPF,soup_scene3,70,old
892,2.0997538566589355,0.31193665363587353,CVPF,soup_scene3,70,old
893,2.1020100116729736,0.31187320282115333,CVPF,soup_scene3,70,old
894,2.1042234897613525,0.31182736119184873,CVPF,soup_scene3,70,old
895,2.106581687927246,0.3110878259507583,CVPF,soup_scene3,70,old
896,2.1089537143707275,0.31108674513299456,CVPF,soup_scene3,70,old
897,2.111217498779297,0.3111777668740163,CVPF,soup_scene3,70,old
898,2.113508462905884,0.3111777668740163,CVPF,soup_scene3,70,old
899,2.116014003753662,0.31146479600733995,CVPF,soup_scene3,70,old
900,2.118312358856201,0.31146479600733995,CVPF,soup_scene3,70,old
901,2.1206438541412354,0.31109220865900006,CVPF,soup_scene3,70,old
902,2.122913360595703,0.31109220865900006,CVPF,soup_scene3,70,old
903,2.125063180923462,0.31109220865900006,CVPF,soup_scene3,70,old
904,2.127338171005249,0.3105793601783014,CVPF,soup_scene3,70,old
905,2.1297223567962646,0.310859925921109,CVPF,soup_scene3,70,old
906,2.1319103240966797,0.310859925921109,CVPF,soup_scene3,70,old
907,2.133924961090088,0.310859925921109,CVPF,soup_scene3,70,old
908,2.1362171173095703,0.3108386856202462,CVPF,soup_scene3,70,old
909,2.1384575366973877,0.3108386856202462,CVPF,soup_scene3,70,old
910,2.140556573867798,0.3108386856202462,CVPF,soup_scene3,70,old
911,2.142585515975952,0.3108386856202462,CVPF,soup_scene3,70,old
912,2.14496111869812,0.3112238260608633,CVPF,soup_scene3,70,old
913,2.1471824645996094,0.3112238260608633,CVPF,soup_scene3,70,old
914,2.149420738220215,0.3112238260608633,CVPF,soup_scene3,70,old
915,2.15155291557312,0.3112238260608633,CVPF,soup_scene3,70,old
916,2.154083013534546,0.3111007376694361,CVPF,soup_scene3,70,old
917,2.156278610229492,0.3111007376694361,CVPF,soup_scene3,70,old
918,2.1583657264709473,0.3111007376694361,CVPF,soup_scene3,70,old
919,2.1604926586151123,0.3111007376694361,CVPF,soup_scene3,70,old
920,2.1627442836761475,0.31114282822103406,CVPF,soup_scene3,70,old
921,2.164856433868408,0.31114282822103406,CVPF,soup_scene3,70,old
922,2.1668999195098877,0.31114282822103406,CVPF,soup_scene3,70,old
923,2.169271230697632,0.3111810674682206,CVPF,soup_scene3,70,old
924,2.171555280685425,0.31145436565824597,CVPF,soup_scene3,70,old
925,2.173689126968384,0.31145436565824597,CVPF,soup_scene3,70,old
926,2.175807476043701,0.31145436565824597,CVPF,soup_scene3,70,old
927,2.178079605102539,0.31139183294050116,CVPF,soup_scene3,70,old
928,2.180290699005127,0.311241317438057,CVPF,soup_scene3,70,old
929,2.1824679374694824,0.311241317438057,CVPF,soup_scene3,70,old
930,2.184812545776367,0.311241317438057,CVPF,soup_scene3,70,old
931,2.187152624130249,0.31137219537110206,CVPF,soup_scene3,70,old
932,2.18959903717041,0.31137219537110206,CVPF,soup_scene3,70,old
933,2.1918134689331055,0.31137219537110206,CVPF,soup_scene3,70,old
934,2.194350004196167,0.311187833200675,CVPF,soup_scene3,70,old
935,2.1966447830200195,0.311187833200675,CVPF,soup_scene3,70,old
936,2.1988885402679443,0.311187833200675,CVPF,soup_scene3,70,old
937,2.2011799812316895,0.3112182068315667,CVPF,soup_scene3,70,old
938,2.2033727169036865,0.3112182068315667,CVPF,soup_scene3,70,old
939,2.205703020095825,0.31133929143424216,CVPF,soup_scene3,70,old
940,2.2077887058258057,0.31133929143424216,CVPF,soup_scene3,70,old
941,2.2099123001098633,0.31133929143424216,CVPF,soup_scene3,70,old
942,2.2123003005981445,0.3111751507909618,CVPF,soup_scene3,70,old
943,2.2145235538482666,0.3111751507909618,CVPF,soup_scene3,70,old
944,2.216721773147583,0.3111751507909618,CVPF,soup_scene3,70,old
945,2.219196319580078,0.31119892543420585,CVPF,soup_scene3,70,old
946,2.2223660945892334,0.31145742798567544,CVPF,soup_scene3,70,old
947,2.224652051925659,0.2794393407909344,CVPF,soup_scene3,70,old
948,2.226839303970337,0.2794671605363521,CVPF,soup_scene3,70,old
949,2.22918701171875,0.2791719352166921,CVPF,soup_scene3,70,old
950,2.231349468231201,0.2791719352166921,CVPF,soup_scene3,70,old
951,2.2334401607513428,0.2791719352166921,CVPF,soup_scene3,70,old
952,2.2357242107391357,0.27923756439796443,CVPF,soup_scene3,70,old
953,2.237908363342285,0.27923756439796443,CVPF,soup_scene3,70,old
954,2.2400989532470703,0.27923756439796443,CVPF,soup_scene3,70,old
955,2.242102861404419,0.27923756439796443,CVPF,soup_scene3,70,old
956,2.2443485260009766,0.2794620266736748,CVPF,soup_scene3,70,old
957,2.2466561794281006,0.2794620266736748,CVPF,soup_scene3,70,old
958,2.2488391399383545,0.2794620266736748,CVPF,soup_scene3,70,old
959,2.2508397102355957,0.2794620266736748,CVPF,soup_scene3,70,old
960,2.2531614303588867,0.2793700759014802,CVPF,soup_scene3,70,old
961,2.2552945613861084,0.2793700759014802,CVPF,soup_scene3,70,old
962,2.2575676441192627,0.2793700759014802,CVPF,soup_scene3,70,old
963,2.2598605155944824,0.2793700759014802,CVPF,soup_scene3,70,old
964,2.2621452808380127,0.27885496213712063,CVPF,soup_scene3,70,old
965,2.264324426651001,0.27885496213712063,CVPF,soup_scene3,70,old
966,2.266366481781006,0.27885496213712063,CVPF,soup_scene3,70,old
967,2.268528461456299,0.2793677111195474,CVPF,soup_scene3,70,old
968,2.2707810401916504,0.2789761055816531,CVPF,soup_scene3,70,old
969,2.272970676422119,0.2789761055816531,CVPF,soup_scene3,70,old
970,2.275035858154297,0.2789761055816531,CVPF,soup_scene3,70,old
971,2.2772066593170166,0.2789761055816531,CVPF,soup_scene3,70,old
972,2.279646873474121,0.27969970982243997,CVPF,soup_scene3,70,old
973,2.2817189693450928,0.27969970982243997,CVPF,soup_scene3,70,old
974,2.283738374710083,0.27969970982243997,CVPF,soup_scene3,70,old
975,2.28598952293396,0.2795377248960274,CVPF,soup_scene3,70,old
976,2.2881886959075928,0.2795377248960274,CVPF,soup_scene3,70,old
977,2.29030442237854,0.2795377248960274,CVPF,soup_scene3,70,old
978,2.2924211025238037,0.27958024335057363,CVPF,soup_scene3,70,old
979,2.2946603298187256,0.27958024335057363,CVPF,soup_scene3,70,old
980,2.296872854232788,0.2792870023530367,CVPF,soup_scene3,70,old
981,2.2990000247955322,0.2792870023530367,CVPF,soup_scene3,70,old
982,2.3010177612304688,0.2792870023530367,CVPF,soup_scene3,70,old
983,2.303297519683838,0.27889984636243215,CVPF,soup_scene3,70,old
984,2.305361270904541,0.27889984636243215,CVPF,soup_scene3,70,old
985,2.307558298110962,0.27889984636243215,CVPF,soup_scene3,70,old
986,2.3096561431884766,0.27889984636243215,CVPF,soup_scene3,70,old
987,2.311936378479004,0.2795868299781508,CVPF,soup_scene3,70,old
988,2.314164876937866,0.2795868299781508,CVPF,soup_scene3,70,old
989,2.3162319660186768,0.2795868299781508,CVPF,soup_scene3,70,old
990,2.318516492843628,0.27938393791177957,CVPF,soup_scene3,70,old
991,2.3206217288970947,0.27938393791177957,CVPF,soup_scene3,70,old
992,2.322826862335205,0.27938393791177957,CVPF,soup_scene3,70,old
993,2.324866533279419,0.27938393791177957,CVPF,soup_scene3,70,old
994,2.327235698699951,0.2793379939989717,CVPF,soup_scene3,70,old
995,2.3293676376342773,0.2793379939989717,CVPF,soup_scene3,70,old
996,2.331521987915039,0.2793379939989717,CVPF,soup_scene3,70,old
997,2.33353328704834,0.2793379939989717,CVPF,soup_scene3,70,old
998,2.335836172103882,0.27875713579861594,CVPF,soup_scene3,70,old
999,2.338087558746338,0.27877172893328367,CVPF,soup_scene3,70,old
1000,2.340331554412842,0.27877172893328367,CVPF,soup_scene3,70,old
1001,2.3424184322357178,0.27877172893328367,CVPF,soup_scene3,70,old
1002,2.3448312282562256,0.27938842048807067,CVPF,soup_scene3,70,old
1003,2.347055196762085,0.27938842048807067,CVPF,soup_scene3,70,old
1004,2.3492655754089355,0.27938842048807067,CVPF,soup_scene3,70,old
1005,2.3515899181365967,0.27938842048807067,CVPF,soup_scene3,70,old
1006,2.354532241821289,0.27863109146654375,CVPF,soup_scene3,70,old
1007,2.3569653034210205,0.27863109146654375,CVPF,soup_scene3,70,old
1008,2.3592445850372314,0.27863109146654375,CVPF,soup_scene3,70,old
1009,2.361593246459961,0.27939941755971937,CVPF,soup_scene3,70,old
1010,2.363727331161499,0.27939941755971937,CVPF,soup_scene3,70,old
1011,2.365943193435669,0.27939941755971937,CVPF,soup_scene3,70,old
1012,2.3681366443634033,0.27939941755971937,CVPF,soup_scene3,70,old
1013,2.3703513145446777,0.27818244479320337,CVPF,soup_scene3,70,old
1014,2.3725931644439697,0.27818244479320337,CVPF,soup_scene3,70,old
1015,2.3746488094329834,0.27818244479320337,CVPF,soup_scene3,70,old
1016,2.3768107891082764,0.27818244479320337,CVPF,soup_scene3,70,old
1017,2.379251480102539,0.27924452865879007,CVPF,soup_scene3,70,old
1018,2.382542610168457,0.2504260921949079,CVPF,soup_scene3,70,old
1019,2.384563446044922,0.2504260921949079,CVPF,soup_scene3,70,old
1020,2.3869011402130127,0.2502568643902959,CVPF,soup_scene3,70,old
1021,2.389416217803955,0.2502568643902959,CVPF,soup_scene3,70,old
1022,2.391510248184204,0.2502568643902959,CVPF,soup_scene3,70,old
1023,2.393636703491211,0.25034064931285027,CVPF,soup_scene3,70,old
1024,2.3959403038024902,0.25048297822410825,CVPF,soup_scene3,70,old
1025,2.3980748653411865,0.25048297822410825,CVPF,soup_scene3,70,old
1026,2.4002439975738525,0.25048297822410825,CVPF,soup_scene3,70,old
1027,2.402675151824951,0.25049271688825336,CVPF,soup_scene3,70,old
1028,2.404855966567993,0.25049271688825336,CVPF,soup_scene3,70,old
1029,2.4069695472717285,0.25049271688825336,CVPF,soup_scene3,70,old
1030,2.409073829650879,0.25049271688825336,CVPF,soup_scene3,70,old
1031,2.411374807357788,0.25027087660946734,CVPF,soup_scene3,70,old
1032,2.413628101348877,0.25027087660946734,CVPF,soup_scene3,70,old
1033,2.4157612323760986,0.25027087660946734,CVPF,soup_scene3,70,old
1034,2.417874336242676,0.2503303383894389,CVPF,soup_scene3,70,old
1035,2.4201221466064453,0.2508101554803405,CVPF,soup_scene3,70,old
1036,2.422244071960449,0.2508101554803405,CVPF,soup_scene3,70,old
1037,2.4244277477264404,0.2508101554803405,CVPF,soup_scene3,70,old
1038,2.4264891147613525,0.2508101554803405,CVPF,soup_scene3,70,old
1039,2.428757429122925,0.25033865517028137,CVPF,soup_scene3,70,old
1040,2.430992841720581,0.25033865517028137,CVPF,soup_scene3,70,old
1041,2.433025598526001,0.25033865517028137,CVPF,soup_scene3,70,old
1042,2.435106039047241,0.25033865517028137,CVPF,soup_scene3,70,old
1043,2.4375064373016357,0.25021338811075466,CVPF,soup_scene3,70,old
1044,2.439950704574585,0.25021338811075466,CVPF,soup_scene3,70,old
1045,2.4419875144958496,0.25021338811075466,CVPF,soup_scene3,70,old
1046,2.4441850185394287,0.2502177763542015,CVPF,soup_scene3,70,old
1047,2.4466452598571777,0.25035502592113923,CVPF,soup_scene3,70,old
1048,2.4488513469696045,0.25035502592113923,CVPF,soup_scene3,70,old
1049,2.450948715209961,0.25035502592113923,CVPF,soup_scene3,70,old
1050,2.453361749649048,0.2504726140289521,CVPF,soup_scene3,70,old
1051,2.4556007385253906,0.25042182314612343,CVPF,soup_scene3,70,old
1052,2.4577462673187256,0.25042182314612343,CVPF,soup_scene3,70,old
1053,2.4600250720977783,0.25042182314612343,CVPF,soup_scene3,70,old
1054,2.4625039100646973,0.2504048198413212,CVPF,soup_scene3,70,old
1055,2.464907646179199,0.2504048198413212,CVPF,soup_scene3,70,old
1056,2.4671008586883545,0.2504048198413212,CVPF,soup_scene3,70,old
1057,2.4693074226379395,0.2503756996329453,CVPF,soup_scene3,70,old
1058,2.4717307090759277,0.25043158707995095,CVPF,soup_scene3,70,old
1059,2.4738564491271973,0.25043158707995095,CVPF,soup_scene3,70,old
1060,2.4759392738342285,0.25043158707995095,CVPF,soup_scene3,70,old
1061,2.47821307182312,0.25053634739423325,CVPF,soup_scene3,70,old
1062,2.480578899383545,0.2506396556364841,CVPF,soup_scene3,70,old
1063,2.4827520847320557,0.2506396556364841,CVPF,soup_scene3,70,old
1064,2.4848852157592773,0.2506396556364841,CVPF,soup_scene3,70,old
1065,2.4873077869415283,0.2503518084027048,CVPF,soup_scene3,70,old
1066,2.489546775817871,0.2503518084027048,CVPF,soup_scene3,70,old
1067,2.4915666580200195,0.2503518084027048,CVPF,soup_scene3,70,old
1068,2.4936487674713135,0.2503518084027048,CVPF,soup_scene3,70,old
1069,2.496033191680908,0.2504385944802546,CVPF,soup_scene3,70,old
1070,2.4983279705047607,0.2504385944802546,CVPF,soup_scene3,70,old
1071,2.50049090385437,0.2504385944802546,CVPF,soup_scene3,70,old
1072,2.5029656887054443,0.2504385944802546,CVPF,soup_scene3,70,old
1073,2.5053513050079346,0.2502053798908776,CVPF,soup_scene3,70,old
1074,2.50762677192688,0.2502053798908776,CVPF,soup_scene3,70,old
1075,2.5097408294677734,0.2502053798908776,CVPF,soup_scene3,70,old
1076,2.51218581199646,0.25042227653191523,CVPF,soup_scene3,70,old
1077,2.5144708156585693,0.25042227653191523,CVPF,soup_scene3,70,old
1078,2.5165696144104004,0.25042227653191523,CVPF,soup_scene3,70,old
1079,2.5187482833862305,0.25042227653191523,CVPF,soup_scene3,70,old
1080,2.5210795402526855,0.2503370574796986,CVPF,soup_scene3,70,old
1081,2.523408889770508,0.2503370574796986,CVPF,soup_scene3,70,old
1082,2.5256288051605225,0.2503370574796986,CVPF,soup_scene3,70,old
1083,2.5279407501220703,0.2503039775188544,CVPF,soup_scene3,70,old
1084,2.5301523208618164,0.2503039775188544,CVPF,soup_scene3,70,old
1085,2.532442331314087,0.2503039775188544,CVPF,soup_scene3,70,old
1086,2.534543991088867,0.2503039775188544,CVPF,soup_scene3,70,old
1087,2.536918878555298,0.25028016972797457,CVPF,soup_scene3,70,old
1088,2.539752721786499,0.24370839099701305,CVPF,soup_scene3,70,old
1089,2.541872262954712,0.24370839099701305,CVPF,soup_scene3,70,old
1090,2.5440614223480225,0.2438143895707871,CVPF,soup_scene3,70,old
1091,2.5462725162506104,0.2438143895707871,CVPF,soup_scene3,70,old
1092,2.5486502647399902,0.2438143895707871,CVPF,soup_scene3,70,old
1093,2.5508368015289307,0.2438143895707871,CVPF,soup_scene3,70,old
1094,2.55309796333313,0.24378431368836342,CVPF,soup_scene3,70,old
1095,2.555281162261963,0.24378431368836342,CVPF,soup_scene3,70,old
1096,2.557464838027954,0.24378431368836342,CVPF,soup_scene3,70,old
1097,2.559600830078125,0.24380774227139293,CVPF,soup_scene3,70,old
1098,2.5618484020233154,0.24358184149474335,CVPF,soup_scene3,70,old
1099,2.5640006065368652,0.24358184149474335,CVPF,soup_scene3,70,old
1100,2.5662081241607666,0.24358184149474335,CVPF,soup_scene3,70,old
1101,2.5683324337005615,0.2436244356319202,CVPF,soup_scene3,70,old
1102,2.570594310760498,0.24380019981803372,CVPF,soup_scene3,70,old
1103,2.572810173034668,0.24380019981803372,CVPF,soup_scene3,70,old
1104,2.5748836994171143,0.24380019981803372,CVPF,soup_scene3,70,old
1105,2.5769524574279785,0.24375715358252922,CVPF,soup_scene3,70,old
1106,2.579328775405884,0.24351731574318436,CVPF,soup_scene3,70,old
1107,2.5815725326538086,0.24351731574318436,CVPF,soup_scene3,70,old
1108,2.583721160888672,0.24351731574318436,CVPF,soup_scene3,70,old
1109,2.5859339237213135,0.24356213566489252,CVPF,soup_scene3,70,old
1110,2.588176727294922,0.2437956589427645,CVPF,soup_scene3,70,old
1111,2.5904107093811035,0.2437956589427645,CVPF,soup_scene3,70,old
1112,2.5926270484924316,0.2437956589427645,CVPF,soup_scene3,70,old
1113,2.5948054790496826,0.24391973702374384,CVPF,soup_scene3,70,old
1114,2.597015142440796,0.24391973702374384,CVPF,soup_scene3,70,old
1115,2.5992746353149414,0.24391973702374384,CVPF,soup_scene3,70,old
1116,2.6014630794525146,0.24391973702374384,CVPF,soup_scene3,70,old
1117,2.6037633419036865,0.24346667662702715,CVPF,soup_scene3,70,old
1118,2.605971574783325,0.24346667662702715,CVPF,soup_scene3,70,old
1119,2.6080617904663086,0.24346667662702715,CVPF,soup_scene3,70,old
1120,2.6102492809295654,0.24387768512212277,CVPF,soup_scene3,70,old
1121,2.612520217895508,0.24387768512212277,CVPF,soup_scene3,70,old
1122,2.6149168014526367,0.24387768512212277,CVPF,soup_scene3,70,old
1123,2.616891860961914,0.24387768512212277,CVPF,soup_scene3,70,old
1124,2.61903715133667,0.24381067437262957,CVPF,soup_scene3,70,old
1125,2.621265172958374,0.24370416488793661,CVPF,soup_scene3,70,old
1126,2.623478651046753,0.24370416488793661,CVPF,soup_scene3,70,old
1127,2.625443696975708,0.24370416488793661,CVPF,soup_scene3,70,old
1128,2.627584218978882,0.24370416488793661,CVPF,soup_scene3,70,old
1129,2.6298885345458984,0.24359482350749007,CVPF,soup_scene3,70,old
1130,2.6321465969085693,0.24359482350749007,CVPF,soup_scene3,70,old
1131,2.634227991104126,0.24359482350749007,CVPF,soup_scene3,70,old
1132,2.636435031890869,0.24352523640841095,CVPF,soup_scene3,70,old
1133,2.638549327850342,0.24352523640841095,CVPF,soup_scene3,70,old
1134,2.640791416168213,0.24352523640841095,CVPF,soup_scene3,70,old
1135,2.6428563594818115,0.24352523640841095,CVPF,soup_scene3,70,old
1136,2.6451327800750732,0.24333590345562564,CVPF,soup_scene3,70,old
1137,2.647397041320801,0.24333590345562564,CVPF,soup_scene3,70,old
1138,2.6495578289031982,0.24333590345562564,CVPF,soup_scene3,70,old
1139,2.651698589324951,0.2433337806535811,CVPF,soup_scene3,70,old
1140,2.654010772705078,0.24357469929216305,CVPF,soup_scene3,70,old
1141,2.6562256813049316,0.24357469929216305,CVPF,soup_scene3,70,old
1142,2.6583471298217773,0.24357469929216305,CVPF,soup_scene3,70,old
1143,2.6612138748168945,0.24314095907395875,CVPF,soup_scene3,70,old
1144,2.663454055786133,0.24314095907395875,CVPF,soup_scene3,70,old
1145,2.665839910507202,0.24314095907395875,CVPF,soup_scene3,70,old
1146,2.668016195297241,0.24314095907395875,CVPF,soup_scene3,70,old
1147,2.6704251766204834,0.24359310773086323,CVPF,soup_scene3,70,old
1148,2.672724485397339,0.24359310773086323,CVPF,soup_scene3,70,old
1149,2.6749351024627686,0.24359310773086323,CVPF,soup_scene3,70,old
1150,2.6771702766418457,0.2435364870339531,CVPF,soup_scene3,70,old
1151,2.67960262298584,0.24367973526687714,CVPF,soup_scene3,70,old
1152,2.682011127471924,0.24367973526687714,CVPF,soup_scene3,70,old
1153,2.684053659439087,0.24367973526687714,CVPF,soup_scene3,70,old
1154,2.686377763748169,0.2434491492328567,CVPF,soup_scene3,70,old
1155,2.688577651977539,0.2434491492328567,CVPF,soup_scene3,70,old
1156,2.6909799575805664,0.2434491492328567,CVPF,soup_scene3,70,old
1157,2.693263292312622,0.2434239367362802,CVPF,soup_scene3,70,old
1158,2.695539951324463,0.2433634646680067,CVPF,soup_scene3,70,old
1159,2.6977601051330566,0.2433634646680067,CVPF,soup_scene3,70,old
1160,2.699964761734009,0.2433634646680067,CVPF,soup_scene3,70,old
1161,2.7023203372955322,0.24339228034212884,CVPF,soup_scene3,70,old
1162,2.705530881881714,0.259393941474925,CVPF,soup_scene3,70,old
1163,2.707716226577759,0.259393941474925,CVPF,soup_scene3,70,old
1164,2.709843397140503,0.25924477468972285,CVPF,soup_scene3,70,old
1165,2.7121431827545166,0.259103577816155,CVPF,soup_scene3,70,old
1166,2.7143661975860596,0.259103577816155,CVPF,soup_scene3,70,old
1167,2.7164227962493896,0.259103577816155,CVPF,soup_scene3,70,old
1168,2.7185115814208984,0.259103577816155,CVPF,soup_scene3,70,old
1169,2.720824718475342,0.25964467041496775,CVPF,soup_scene3,70,old
1170,2.7229764461517334,0.25964467041496775,CVPF,soup_scene3,70,old
1171,2.725081443786621,0.25964467041496775,CVPF,soup_scene3,70,old
1172,2.7272634506225586,0.26015257491015187,CVPF,soup_scene3,70,old
1173,2.729421377182007,0.26015257491015187,CVPF,soup_scene3,70,old
1174,2.7317111492156982,0.26015257491015187,CVPF,soup_scene3,70,old
1175,2.7338194847106934,0.26015257491015187,CVPF,soup_scene3,70,old
1176,2.7363052368164062,0.25957806691325525,CVPF,soup_scene3,70,old
1177,2.7384145259857178,0.2597109892798918,CVPF,soup_scene3,70,old
1178,2.7405755519866943,0.2597109892798918,CVPF,soup_scene3,70,old
1179,2.7427093982696533,0.2597109892798918,CVPF,soup_scene3,70,old
1180,2.7447915077209473,0.2597109892798918,CVPF,soup_scene3,70,old
1181,2.7470247745513916,0.2597109892798918,CVPF,soup_scene3,70,old
1182,2.749297857284546,0.2597109892798918,CVPF,soup_scene3,70,old
1183,2.7514936923980713,0.25951955495844153,CVPF,soup_scene3,70,old
1184,2.7535598278045654,0.25938722979898904,CVPF,soup_scene3,70,old
1185,2.7555840015411377,0.25938722979898904,CVPF,soup_scene3,70,old
1186,2.757600784301758,0.25938722979898904,CVPF,soup_scene3,70,old
1187,2.759622812271118,0.25938722979898904,CVPF,soup_scene3,70,old
1188,2.761704683303833,0.25938722979898904,CVPF,soup_scene3,70,old
1189,2.763810396194458,0.259551885808333,CVPF,soup_scene3,70,old
1190,2.765904188156128,0.2593590147108967,CVPF,soup_scene3,70,old
1191,2.7679286003112793,0.2593590147108967,CVPF,soup_scene3,70,old
1192,2.7699787616729736,0.2593590147108967,CVPF,soup_scene3,70,old
1193,2.7720389366149902,0.2593590147108967,CVPF,soup_scene3,70,old
1194,2.774047613143921,0.2593590147108967,CVPF,soup_scene3,70,old
1195,2.7762277126312256,0.25936011234745104,CVPF,soup_scene3,70,old
1196,2.7788407802581787,0.2596494486296806,CVPF,soup_scene3,70,old
1197,2.7812061309814453,0.2596494486296806,CVPF,soup_scene3,70,old
1198,2.7833290100097656,0.2596774433168176,CVPF,soup_scene3,70,old
1199,2.7856204509735107,0.25947138074623954,CVPF,soup_scene3,70,old
1200,2.787665605545044,0.25947138074623954,CVPF,soup_scene3,70,old
1201,2.7899739742279053,0.25947138074623954,CVPF,soup_scene3,70,old
1202,2.7921154499053955,0.25947138074623954,CVPF,soup_scene3,70,old
1203,2.794172525405884,0.25947138074623954,CVPF,soup_scene3,70,old
1204,2.7962582111358643,0.25947138074623954,CVPF,soup_scene3,70,old
1205,2.7983484268188477,0.25944418190993646,CVPF,soup_scene3,70,old
1206,2.800511598587036,0.25944418190993646,CVPF,soup_scene3,70,old
1207,2.802521228790283,0.25944418190993646,CVPF,soup_scene3,70,old
1208,2.8047401905059814,0.25954080398446694,CVPF,soup_scene3,70,old
1209,2.806936740875244,0.25954080398446694,CVPF,soup_scene3,70,old
1210,2.8091471195220947,0.25954080398446694,CVPF,soup_scene3,70,old
1211,2.81128191947937,0.25954080398446694,CVPF,soup_scene3,70,old
1212,2.813429832458496,0.25954080398446694,CVPF,soup_scene3,70,old
1213,2.8157031536102295,0.25954080398446694,CVPF,soup_scene3,70,old
1214,2.8180277347564697,0.2587782541911618,CVPF,soup_scene3,70,old
1215,2.8204851150512695,0.25932594007944987,CVPF,soup_scene3,70,old
1216,2.8227105140686035,0.25944501747829996,CVPF,soup_scene3,70,old
1217,2.8249099254608154,0.25944501747829996,CVPF,soup_scene3,70,old
1218,2.8270411491394043,0.25944501747829996,CVPF,soup_scene3,70,old
1219,2.8292441368103027,0.25944501747829996,CVPF,soup_scene3,70,old
1220,2.831655263900757,0.25944501747829996,CVPF,soup_scene3,70,old
1221,2.8339061737060547,0.259355420930943,CVPF,soup_scene3,70,old
1222,2.836210012435913,0.2588365654692614,CVPF,soup_scene3,70,old
1223,2.8384106159210205,0.2588365654692614,CVPF,soup_scene3,70,old
1224,2.8413147926330566,0.2588365654692614,CVPF,soup_scene3,70,old
1225,2.8441786766052246,0.2588365654692614,CVPF,soup_scene3,70,old
1226,2.8472213745117188,0.25913576980770875,CVPF,soup_scene3,70,old
1227,2.850167989730835,0.25913576980770875,CVPF,soup_scene3,70,old
1228,2.853198528289795,0.28307011989863873,CVPF,soup_scene3,70,old
1229,2.8554601669311523,0.28307011989863873,CVPF,soup_scene3,70,old
1230,2.8577144145965576,0.28307011989863873,CVPF,soup_scene3,70,old
1231,2.8599424362182617,0.282982416315314,CVPF,soup_scene3,70,old
1232,2.8620920181274414,0.282982416315314,CVPF,soup_scene3,70,old
1233,2.864133834838867,0.282982416315314,CVPF,soup_scene3,70,old
1234,2.86623215675354,0.28310793119997846,CVPF,soup_scene3,70,old
1235,2.8683977127075195,0.28310793119997846,CVPF,soup_scene3,70,old
1236,2.8706328868865967,0.2831322309568428,CVPF,soup_scene3,70,old
1237,2.8730545043945312,0.2829717169201951,CVPF,soup_scene3,70,old
1238,2.8752665519714355,0.2829717169201951,CVPF,soup_scene3,70,old
1239,2.8774940967559814,0.2830769441650181,CVPF,soup_scene3,70,old
1240,2.879744291305542,0.2830769441650181,CVPF,soup_scene3,70,old
1241,2.8821513652801514,0.28314934411170545,CVPF,soup_scene3,70,old
1242,2.8843255043029785,0.28314934411170545,CVPF,soup_scene3,70,old
1243,2.8866312503814697,0.2830516740629892,CVPF,soup_scene3,70,old
1244,2.8888933658599854,0.2828581987143981,CVPF,soup_scene3,70,old
1245,2.891306161880493,0.2832802155901776,CVPF,soup_scene3,70,old
1246,2.8934366703033447,0.2832802155901776,CVPF,soup_scene3,70,old
1247,2.895833969116211,0.2829484860523316,CVPF,soup_scene3,70,old
1248,2.8979499340057373,0.2829484860523316,CVPF,soup_scene3,70,old
1249,2.9003942012786865,0.2830677189698135,CVPF,soup_scene3,70,old
1250,2.9026694297790527,0.2828267037262547,CVPF,soup_scene3,70,old
1251,2.9050559997558594,0.283239844893292,CVPF,soup_scene3,70,old
1252,2.907243013381958,0.283239844893292,CVPF,soup_scene3,70,old
1253,2.909437656402588,0.283239844893292,CVPF,soup_scene3,70,old
1254,2.9117300510406494,0.28321513900349715,CVPF,soup_scene3,70,old
1255,2.9140191078186035,0.28321513900349715,CVPF,soup_scene3,70,old
1256,2.916260242462158,0.2829206937227643,CVPF,soup_scene3,70,old
1257,2.918398857116699,0.2829206937227643,CVPF,soup_scene3,70,old
1258,2.9206552505493164,0.2829796391576584,CVPF,soup_scene3,70,old
1259,2.923034191131592,0.28340838168526794,CVPF,soup_scene3,70,old
1260,2.925309419631958,0.28340838168526794,CVPF,soup_scene3,70,old
1261,2.9275999069213867,0.28302664048246307,CVPF,soup_scene3,70,old
1262,2.929809808731079,0.28302664048246307,CVPF,soup_scene3,70,old
1263,2.9320459365844727,0.28302664048246307,CVPF,soup_scene3,70,old
1264,2.93416428565979,0.28302664048246307,CVPF,soup_scene3,70,old
1265,2.9364352226257324,0.28295241634522206,CVPF,soup_scene3,70,old
1266,2.9386372566223145,0.28295241634522206,CVPF,soup_scene3,70,old
1267,2.9407806396484375,0.28295241634522206,CVPF,soup_scene3,70,old
1268,2.942983865737915,0.2830860021769936,CVPF,soup_scene3,70,old
1269,2.94519305229187,0.28311352473728385,CVPF,soup_scene3,70,old
1270,2.9473929405212402,0.28311352473728385,CVPF,soup_scene3,70,old
1271,2.9494574069976807,0.28311352473728385,CVPF,soup_scene3,70,old
1272,2.951622724533081,0.28311352473728385,CVPF,soup_scene3,70,old
1273,2.9539642333984375,0.2830182439587701,CVPF,soup_scene3,70,old
1274,2.956125259399414,0.2830182439587701,CVPF,soup_scene3,70,old
1275,2.958225727081299,0.2830182439587701,CVPF,soup_scene3,70,old
1276,2.9604151248931885,0.28298793237196435,CVPF,soup_scene3,70,old
1277,2.962711811065674,0.28335002070729043,CVPF,soup_scene3,70,old
1278,2.964860200881958,0.28335002070729043,CVPF,soup_scene3,70,old
1279,2.966836929321289,0.28335002070729043,CVPF,soup_scene3,70,old
1280,2.969149112701416,0.2829132970580687,CVPF,soup_scene3,70,old
1281,2.9719529151916504,0.28293483720762846,CVPF,soup_scene3,70,old
1282,2.974794626235962,0.28293483720762846,CVPF,soup_scene3,70,old
1283,2.977715492248535,0.28293615486539886,CVPF,soup_scene3,70,old
1284,2.980865716934204,0.28297103633998477,CVPF,soup_scene3,70,old
1285,2.983715057373047,0.28297103633998477,CVPF,soup_scene3,70,old
1286,2.986006021499634,0.28290565055375894,CVPF,soup_scene3,70,old
1287,2.988191843032837,0.28282346796682206,CVPF,soup_scene3,70,old
1288,2.990363836288452,0.28282346796682206,CVPF,soup_scene3,70,old
1289,2.9926507472991943,0.28282346796682206,CVPF,soup_scene3,70,old
1290,2.9950194358825684,0.2831968693447387,CVPF,soup_scene3,70,old
1291,2.9970991611480713,0.2831968693447387,CVPF,soup_scene3,70,old
1292,2.999114751815796,0.2831968693447387,CVPF,soup_scene3,70,old
1293,3.0013043880462646,0.2832440834340692,CVPF,soup_scene3,70,old
1294,3.0036494731903076,0.28304276001255013,CVPF,soup_scene3,70,old
1295,3.0063629150390625,0.28304276001255013,CVPF,soup_scene3,70,old
1296,3.008594036102295,0.28304276001255013,CVPF,soup_scene3,70,old
1297,3.010878562927246,0.28304435658297966,CVPF,soup_scene3,70,old
1298,3.014094829559326,0.3181985516350402,CVPF,soup_scene3,70,old
1299,3.016578197479248,0.3181985516350402,CVPF,soup_scene3,70,old
1300,3.018813371658325,0.31817450038215184,CVPF,soup_scene3,70,old
1301,3.0211918354034424,0.31814412216495425,CVPF,soup_scene3,70,old
1302,3.023607015609741,0.31814412216495425,CVPF,soup_scene3,70,old
1303,3.025669813156128,0.31814412216495425,CVPF,soup_scene3,70,old
1304,3.0279531478881836,0.3180603580415442,CVPF,soup_scene3,70,old
1305,3.0302515029907227,0.3180603580415442,CVPF,soup_scene3,70,old
1306,3.032644271850586,0.3180603580415442,CVPF,soup_scene3,70,old
1307,3.0348005294799805,0.3177305528385526,CVPF,soup_scene3,70,old
1308,3.037090301513672,0.317610619057532,CVPF,soup_scene3,70,old
1309,3.0394153594970703,0.317610619057532,CVPF,soup_scene3,70,old
1310,3.0417561531066895,0.317610619057532,CVPF,soup_scene3,70,old
1311,3.0441346168518066,0.3180948825343647,CVPF,soup_scene3,70,old
1312,3.0464236736297607,0.3181369422670241,CVPF,soup_scene3,70,old
1313,3.048624277114868,0.3181369422670241,CVPF,soup_scene3,70,old
1314,3.050706148147583,0.3181353423480572,CVPF,soup_scene3,70,old
1315,3.052978515625,0.317799360837148,CVPF,soup_scene3,70,old
1316,3.0551581382751465,0.317799360837148,CVPF,soup_scene3,70,old
1317,3.0574777126312256,0.317799360837148,CVPF,soup_scene3,70,old
1318,3.0595908164978027,0.317799360837148,CVPF,soup_scene3,70,old
1319,3.06186842918396,0.3181248169353756,CVPF,soup_scene3,70,old
1320,3.0640854835510254,0.3181248169353756,CVPF,soup_scene3,70,old
1321,3.0661818981170654,0.3181248169353756,CVPF,soup_scene3,70,old
1322,3.0682730674743652,0.3181592478750557,CVPF,soup_scene3,70,old
1323,3.070495843887329,0.31831538004361354,CVPF,soup_scene3,70,old
1324,3.072721004486084,0.31831538004361354,CVPF,soup_scene3,70,old
1325,3.07481050491333,0.31831538004361354,CVPF,soup_scene3,70,old
1326,3.076892852783203,0.31833584486835587,CVPF,soup_scene3,70,old
1327,3.079174757003784,0.31834118693619323,CVPF,soup_scene3,70,old
1328,3.0812838077545166,0.31834118693619323,CVPF,soup_scene3,70,old
1329,3.0834426879882812,0.31834118693619323,CVPF,soup_scene3,70,old
1330,3.085679054260254,0.3182317599056821,CVPF,soup_scene3,70,old
1331,3.087836503982544,0.3182317599056821,CVPF,soup_scene3,70,old
1332,3.090026378631592,0.3182317599056821,CVPF,soup_scene3,70,old
1333,3.0920920372009277,0.3182317599056821,CVPF,soup_scene3,70,old
1334,3.0943925380706787,0.31813746473497106,CVPF,soup_scene3,70,old
1335,3.09653377532959,0.31813746473497106,CVPF,soup_scene3,70,old
1336,3.0986275672912598,0.31813746473497106,CVPF,soup_scene3,70,old
1337,3.100700616836548,0.31813746473497106,CVPF,soup_scene3,70,old
1338,3.103043794631958,0.3181209012873807,CVPF,soup_scene3,70,old
1339,3.1051177978515625,0.3181209012873807,CVPF,soup_scene3,70,old
1340,3.1071879863739014,0.3181209012873807,CVPF,soup_scene3,70,old
1341,3.1092002391815186,0.3181209012873807,CVPF,soup_scene3,70,old
1342,3.111461639404297,0.3176239667268679,CVPF,soup_scene3,70,old
1343,3.11391019821167,0.31763742583230925,CVPF,soup_scene3,70,old
1344,3.1160013675689697,0.31763742583230925,CVPF,soup_scene3,70,old
1345,3.1181108951568604,0.31763742583230925,CVPF,soup_scene3,70,old
1346,3.12054443359375,0.31802433725962903,CVPF,soup_scene3,70,old
1347,3.1230831146240234,0.31802433725962903,CVPF,soup_scene3,70,old
1348,3.1251392364501953,0.31802433725962903,CVPF,soup_scene3,70,old
1349,3.1273891925811768,0.31799154428514315,CVPF,soup_scene3,70,old
1350,3.129661798477173,0.3181203232435847,CVPF,soup_scene3,70,old
1351,3.131805181503296,0.3181203232435847,CVPF,soup_scene3,70,old
1352,3.1338305473327637,0.3181203232435847,CVPF,soup_scene3,70,old
1353,3.135939598083496,0.3181203232435847,CVPF,soup_scene3,70,old
1354,3.138218402862549,0.3181552879272372,CVPF,soup_scene3,70,old
1355,3.140322685241699,0.31829696376284133,CVPF,soup_scene3,70,old
1356,3.1424202919006348,0.31829696376284133,CVPF,soup_scene3,70,old
1357,3.144674062728882,0.31829696376284133,CVPF,soup_scene3,70,old
1358,3.1470706462860107,0.31829696376284133,CVPF,soup_scene3,70,old
1359,3.149404525756836,0.31827787329613366,CVPF,soup_scene3,70,old
1360,3.151789426803589,0.31850259154503757,CVPF,soup_scene3,70,old
1361,3.1540520191192627,0.31850259154503757,CVPF,soup_scene3,70,old
1362,3.1563820838928223,0.31850259154503757,CVPF,soup_scene3,70,old
1363,3.158881187438965,0.31850259154503757,CVPF,soup_scene3,70,old
1364,3.1611082553863525,0.31850713093029315,CVPF,soup_scene3,70,old
1365,3.1632235050201416,0.31850713093029315,CVPF,soup_scene3,70,old
1366,3.165469169616699,0.31853095371864626,CVPF,soup_scene3,70,old
1367,3.1676173210144043,0.31853095371864626,CVPF,soup_scene3,70,old
1368,3.169779062271118,0.31853095371864626,CVPF,soup_scene3,70,old
1369,3.17191743850708,0.31853095371864626,CVPF,soup_scene3,70,old
1370,3.174025058746338,0.31853095371864626,CVPF,soup_scene3,70,old
1371,3.1771981716156006,0.33296962371485267,CVPF,soup_scene3,70,old
1372,3.1795597076416016,0.33296962371485267,CVPF,soup_scene3,70,old
1373,3.1818370819091797,0.3329765524475686,CVPF,soup_scene3,70,old
1374,3.1840052604675293,0.33297710217993054,CVPF,soup_scene3,70,old
1375,3.186053991317749,0.33297710217993054,CVPF,soup_scene3,70,old
1376,3.1881463527679443,0.33297710217993054,CVPF,soup_scene3,70,old
1377,3.1904802322387695,0.33297710217993054,CVPF,soup_scene3,70,old
1378,3.1927220821380615,0.33297710217993054,CVPF,soup_scene3,70,old
1379,3.1948184967041016,0.33297710217993054,CVPF,soup_scene3,70,old
1380,3.1969246864318848,0.33303789484582164,CVPF,soup_scene3,70,old
1381,3.1989729404449463,0.33303789484582164,CVPF,soup_scene3,70,old
1382,3.201082468032837,0.33305627437350105,CVPF,soup_scene3,70,old
1383,3.2033355236053467,0.33305627437350105,CVPF,soup_scene3,70,old
1384,3.205444812774658,0.33305627437350105,CVPF,soup_scene3,70,old
1385,3.2076172828674316,0.3330276881926595,CVPF,soup_scene3,70,old
1386,3.209821939468384,0.3330942094902767,CVPF,soup_scene3,70,old
1387,3.212003231048584,0.3330942094902767,CVPF,soup_scene3,70,old
1388,3.2144527435302734,0.3330942094902767,CVPF,soup_scene3,70,old
1389,3.216840982437134,0.333008963645281,CVPF,soup_scene3,70,old
1390,3.2188827991485596,0.333008963645281,CVPF,soup_scene3,70,old
1391,3.2209413051605225,0.333008963645281,CVPF,soup_scene3,70,old
1392,3.2229814529418945,0.333008963645281,CVPF,soup_scene3,70,old
1393,3.2250258922576904,0.333008963645281,CVPF,soup_scene3,70,old
1394,3.227130174636841,0.3332033107691214,CVPF,soup_scene3,70,old
1395,3.22914719581604,0.3332033107691214,CVPF,soup_scene3,70,old
1396,3.231224536895752,0.3332033107691214,CVPF,soup_scene3,70,old
1397,3.2333476543426514,0.33293316397267697,CVPF,soup_scene3,70,old
1398,3.235399007797241,0.33293316397267697,CVPF,soup_scene3,70,old
1399,3.2374284267425537,0.33293316397267697,CVPF,soup_scene3,70,old
1400,3.2396199703216553,0.3327126516427647,CVPF,soup_scene3,70,old
1401,3.2416739463806152,0.33304197363184823,CVPF,soup_scene3,70,old
1402,3.243751287460327,0.33304197363184823,CVPF,soup_scene3,70,old
1403,3.2461023330688477,0.33304197363184823,CVPF,soup_scene3,70,old
1404,3.2484612464904785,0.33304197363184823,CVPF,soup_scene3,70,old
1405,3.2505805492401123,0.33307721953793623,CVPF,soup_scene3,70,old
1406,3.2527976036071777,0.3330970966645222,CVPF,soup_scene3,70,old
1407,3.255005121231079,0.3330970966645222,CVPF,soup_scene3,70,old
1408,3.257232189178467,0.3330970966645222,CVPF,soup_scene3,70,old
1409,3.2592811584472656,0.3330970966645222,CVPF,soup_scene3,70,old
1410,3.261288642883301,0.3330970966645222,CVPF,soup_scene3,70,old
1411,3.263460636138916,0.3330949685817127,CVPF,soup_scene3,70,old
1412,3.265519618988037,0.3330949685817127,CVPF,soup_scene3,70,old
1413,3.2676143646240234,0.3326694755867753,CVPF,soup_scene3,70,old
1414,3.2697980403900146,0.3326694755867753,CVPF,soup_scene3,70,old
1415,3.272195339202881,0.3332700431014394,CVPF,soup_scene3,70,old
1416,3.274479866027832,0.3332700431014394,CVPF,soup_scene3,70,old
1417,3.2767562866210938,0.33308290914603406,CVPF,soup_scene3,70,old
1418,3.279008626937866,0.33316713589536784,CVPF,soup_scene3,70,old
1419,3.2815234661102295,0.33337301627044985,CVPF,soup_scene3,70,old
1420,3.283799171447754,0.3327795111517653,CVPF,soup_scene3,70,old
1421,3.2862658500671387,0.33287455909648783,CVPF,soup_scene3,70,old
1422,3.288541078567505,0.33287455909648783,CVPF,soup_scene3,70,old
1423,3.2908077239990234,0.33302575868738304,CVPF,soup_scene3,70,old
1424,3.2931294441223145,0.3331986597308706,CVPF,soup_scene3,70,old
1425,3.295466661453247,0.3330496502155656,CVPF,soup_scene3,70,old
1426,3.297970771789551,0.3328514974360669,CVPF,soup_scene3,70,old
1427,3.3002939224243164,0.33286394344176123,CVPF,soup_scene3,70,old
1428,3.3026225566864014,0.33290145729632065,CVPF,soup_scene3,70,old
1429,3.3051812648773193,0.33309372298684053,CVPF,soup_scene3,70,old
1430,3.307589054107666,0.3326682878329212,CVPF,soup_scene3,70,old
1431,3.3099355697631836,0.3327054051820015,CVPF,soup_scene3,70,old
1432,3.3123512268066406,0.3327377960637444,CVPF,soup_scene3,70,old
1433,3.3148372173309326,0.3332282578843518,CVPF,soup_scene3,70,old
1434,3.317087173461914,0.3332282578843518,CVPF,soup_scene3,70,old
1435,3.3193740844726562,0.3332849524721311,CVPF,soup_scene3,70,old
1436,3.3216679096221924,0.3332849524721311,CVPF,soup_scene3,70,old
1437,3.324158191680908,0.3332849524721311,CVPF,soup_scene3,70,old
1438,3.3264236450195312,0.3332849524721311,CVPF,soup_scene3,70,old
1439,3.3287906646728516,0.3330632460354971,CVPF,soup_scene3,70,old
1440,3.331070899963379,0.3330632460354971,CVPF,soup_scene3,70,old
1441,3.3333194255828857,0.3330632460354971,CVPF,soup_scene3,70,old
1442,3.3366596698760986,0.32638977445762096,CVPF,soup_scene3,70,old
1443,3.3389945030212402,0.32638977445762096,CVPF,soup_scene3,70,old
1444,3.3410704135894775,0.32638977445762096,CVPF,soup_scene3,70,old
1445,3.3431785106658936,0.32638977445762096,CVPF,soup_scene3,70,old
1446,3.345482110977173,0.3264835463020159,CVPF,soup_scene3,70,old
1447,3.347651243209839,0.3264835463020159,CVPF,soup_scene3,70,old
1448,3.349884033203125,0.3264835463020159,CVPF,soup_scene3,70,old
1449,3.3520572185516357,0.32642939289982326,CVPF,soup_scene3,70,old
1450,3.3543074131011963,0.3257723139212099,CVPF,soup_scene3,70,old
1451,3.35649037361145,0.3257723139212099,CVPF,soup_scene3,70,old
1452,3.3585305213928223,0.3257723139212099,CVPF,soup_scene3,70,old
1453,3.3606443405151367,0.32626480956308634,CVPF,soup_scene3,70,old
1454,3.3628695011138916,0.3262036303439764,CVPF,soup_scene3,70,old
1455,3.365072250366211,0.3262036303439764,CVPF,soup_scene3,70,old
1456,3.3671152591705322,0.3262036303439764,CVPF,soup_scene3,70,old
1457,3.369320869445801,0.32570224288845884,CVPF,soup_scene3,70,old
1458,3.371511936187744,0.32570224288845884,CVPF,soup_scene3,70,old
1459,3.3736679553985596,0.32570224288845884,CVPF,soup_scene3,70,old
1460,3.375746965408325,0.32570224288845884,CVPF,soup_scene3,70,old
1461,3.3779430389404297,0.3265020133132873,CVPF,soup_scene3,70,old
1462,3.3802027702331543,0.3265020133132873,CVPF,soup_scene3,70,old
1463,3.382364511489868,0.3265020133132873,CVPF,soup_scene3,70,old
1464,3.3844850063323975,0.3265020133132873,CVPF,soup_scene3,70,old
1465,3.3867411613464355,0.32631701745081027,CVPF,soup_scene3,70,old
1466,3.3889310359954834,0.32631701745081027,CVPF,soup_scene3,70,old
1467,3.391103982925415,0.32631701745081027,CVPF,soup_scene3,70,old
1468,3.3933515548706055,0.32631701745081027,CVPF,soup_scene3,70,old
1469,3.395583152770996,0.32581329990742364,CVPF,soup_scene3,70,old
1470,3.397796869277954,0.32581329990742364,CVPF,soup_scene3,70,old
1471,3.399862766265869,0.32581329990742364,CVPF,soup_scene3,70,old
1472,3.4020087718963623,0.32571702855774504,CVPF,soup_scene3,70,old
1473,3.404303550720215,0.3257357913417119,CVPF,soup_scene3,70,old
1474,3.406473159790039,0.3257357913417119,CVPF,soup_scene3,70,old
1475,3.408583164215088,0.3257357913417119,CVPF,soup_scene3,70,old
1476,3.4108386039733887,0.32567258629856294,CVPF,soup_scene3,70,old
1477,3.41304087638855,0.32567258629856294,CVPF,soup_scene3,70,old
1478,3.4153876304626465,0.32567258629856294,CVPF,soup_scene3,70,old
1479,3.4174702167510986,0.32567258629856294,CVPF,soup_scene3,70,old
1480,3.4197299480438232,0.3259117948977515,CVPF,soup_scene3,70,old
1481,3.4219884872436523,0.3259117948977515,CVPF,soup_scene3,70,old
1482,3.4240949153900146,0.3259117948977515,CVPF,soup_scene3,70,old
1483,3.426194906234741,0.3259117948977515,CVPF,soup_scene3,70,old
1484,3.4284451007843018,0.3258005722925055,CVPF,soup_scene3,70,old
1485,3.430605411529541,0.3258005722925055,CVPF,soup_scene3,70,old
1486,3.4326393604278564,0.3258005722925055,CVPF,soup_scene3,70,old
1487,3.434748649597168,0.3258005722925055,CVPF,soup_scene3,70,old
1488,3.4372360706329346,0.32577269505517625,CVPF,soup_scene3,70,old
1489,3.439432144165039,0.32574312955647083,CVPF,soup_scene3,70,old
1490,3.4415321350097656,0.32574312955647083,CVPF,soup_scene3,70,old
1491,3.4437813758850098,0.3257390310827028,CVPF,soup_scene3,70,old
1492,3.446037769317627,0.32588241452467526,CVPF,soup_scene3,70,old
1493,3.4482884407043457,0.32588241452467526,CVPF,soup_scene3,70,old
1494,3.450417995452881,0.32588241452467526,CVPF,soup_scene3,70,old
1495,3.452826976776123,0.32548076068984255,CVPF,soup_scene3,70,old
1496,3.455091714859009,0.32548076068984255,CVPF,soup_scene3,70,old
1497,3.457307815551758,0.32548076068984255,CVPF,soup_scene3,70,old
1498,3.4594194889068604,0.32548076068984255,CVPF,soup_scene3,70,old
1499,3.4616832733154297,0.3260821546176281,CVPF,soup_scene3,70,old
1500,3.464003801345825,0.3260821546176281,CVPF,soup_scene3,70,old
1501,3.4661865234375,0.3260821546176281,CVPF,soup_scene3,70,old
1502,3.4683775901794434,0.3260150216768643,CVPF,soup_scene3,70,old
1503,3.4707565307617188,0.3260113956796011,CVPF,soup_scene3,70,old
1504,3.4731602668762207,0.3260113956796011,CVPF,soup_scene3,70,old
1505,3.4753313064575195,0.3260113956796011,CVPF,soup_scene3,70,old
1506,3.4774866104125977,0.3259778665074203,CVPF,soup_scene3,70,old
1507,3.479900360107422,0.3256862719569185,CVPF,soup_scene3,70,old
1508,3.482205390930176,0.3256862719569185,CVPF,soup_scene3,70,old
1509,3.484415292739868,0.3256862719569185,CVPF,soup_scene3,70,old
1510,3.486954689025879,0.3256623512487472,CVPF,soup_scene3,70,old
1511,3.4892401695251465,0.3256623512487472,CVPF,soup_scene3,70,old
1512,3.491286039352417,0.3256623512487472,CVPF,soup_scene3,70,old
1513,3.4935426712036133,0.326081931037148,CVPF,soup_scene3,70,old
1514,3.4965240955352783,0.3209474078689756,CVPF,soup_scene3,70,old
1515,3.498798370361328,0.3209474078689756,CVPF,soup_scene3,70,old
1516,3.5008721351623535,0.3209474078689756,CVPF,soup_scene3,70,old
1517,3.503187656402588,0.32028595241383045,CVPF,soup_scene3,70,old
1518,3.5055832862854004,0.32028595241383045,CVPF,soup_scene3,70,old
1519,3.5079078674316406,0.32028595241383045,CVPF,soup_scene3,70,old
1520,3.510138750076294,0.3202560883956533,CVPF,soup_scene3,70,old
1521,3.512515068054199,0.32031556211434103,CVPF,soup_scene3,70,old
1522,3.514833927154541,0.32031556211434103,CVPF,soup_scene3,70,old
1523,3.5170538425445557,0.32031556211434103,CVPF,soup_scene3,70,old
1524,3.519303798675537,0.3192403970955655,CVPF,soup_scene3,70,old
1525,3.5218541622161865,0.3192403970955655,CVPF,soup_scene3,70,old
1526,3.5242197513580322,0.3192403970955655,CVPF,soup_scene3,70,old
1527,3.5264477729797363,0.3197292845104296,CVPF,soup_scene3,70,old
1528,3.528714179992676,0.3206852814691671,CVPF,soup_scene3,70,old
1529,3.5309088230133057,0.3206852814691671,CVPF,soup_scene3,70,old
1530,3.5330538749694824,0.3206852814691671,CVPF,soup_scene3,70,old
1531,3.5353753566741943,0.3206852814691671,CVPF,soup_scene3,70,old
1532,3.537667751312256,0.32043377542740903,CVPF,soup_scene3,70,old
1533,3.5398337841033936,0.32043377542740903,CVPF,soup_scene3,70,old
1534,3.5418808460235596,0.32043377542740903,CVPF,soup_scene3,70,old
1535,3.5441226959228516,0.3204524871050748,CVPF,soup_scene3,70,old
1536,3.5464389324188232,0.32017680122125,CVPF,soup_scene3,70,old
1537,3.548656463623047,0.32017680122125,CVPF,soup_scene3,70,old
1538,3.550692319869995,0.32017680122125,CVPF,soup_scene3,70,old
1539,3.552983283996582,0.32043510194604147,CVPF,soup_scene3,70,old
1540,3.5551648139953613,0.32043510194604147,CVPF,soup_scene3,70,old
1541,3.557399034500122,0.32043510194604147,CVPF,soup_scene3,70,old
1542,3.559587240219116,0.3200163019394974,CVPF,soup_scene3,70,old
1543,3.561793565750122,0.3200163019394974,CVPF,soup_scene3,70,old
1544,3.5640816688537598,0.31984295087892417,CVPF,soup_scene3,70,old
1545,3.5662927627563477,0.31984295087892417,CVPF,soup_scene3,70,old
1546,3.5684945583343506,0.31987277922103435,CVPF,soup_scene3,70,old
1547,3.5707335472106934,0.31987277922103435,CVPF,soup_scene3,70,old
1548,3.572906494140625,0.32056598666047675,CVPF,soup_scene3,70,old
1549,3.575000762939453,0.32056598666047675,CVPF,soup_scene3,70,old
1550,3.577263593673706,0.32053725312302317,CVPF,soup_scene3,70,old
1551,3.579540491104126,0.3202143672245663,CVPF,soup_scene3,70,old
1552,3.581704616546631,0.3202143672245663,CVPF,soup_scene3,70,old
1553,3.5838277339935303,0.3202143672245663,CVPF,soup_scene3,70,old
1554,3.5862207412719727,0.3202143672245663,CVPF,soup_scene3,70,old
1555,3.588505506515503,0.32034736117639256,CVPF,soup_scene3,70,old
1556,3.5907554626464844,0.32034736117639256,CVPF,soup_scene3,70,old
1557,3.593050956726074,0.32034736117639256,CVPF,soup_scene3,70,old
1558,3.5953726768493652,0.32035438380937376,CVPF,soup_scene3,70,old
1559,3.5975341796875,0.32035438380937376,CVPF,soup_scene3,70,old
1560,3.5997061729431152,0.32035438380937376,CVPF,soup_scene3,70,old
1561,3.6018900871276855,0.32035438380937376,CVPF,soup_scene3,70,old
1562,3.6041619777679443,0.3203172145543135,CVPF,soup_scene3,70,old
1563,3.606386661529541,0.3203172145543135,CVPF,soup_scene3,70,old
1564,3.6084797382354736,0.3203172145543135,CVPF,soup_scene3,70,old
1565,3.610846757888794,0.32035974794468847,CVPF,soup_scene3,70,old
1566,3.613085985183716,0.32041918305772166,CVPF,soup_scene3,70,old
1567,3.6152870655059814,0.32041918305772166,CVPF,soup_scene3,70,old
1568,3.617326021194458,0.32041918305772166,CVPF,soup_scene3,70,old
1569,3.6196725368499756,0.3198290708652397,CVPF,soup_scene3,70,old
1570,3.621990919113159,0.3198290708652397,CVPF,soup_scene3,70,old
1571,3.6240992546081543,0.3198290708652397,CVPF,soup_scene3,70,old
1572,3.6262872219085693,0.3198290708652397,CVPF,soup_scene3,70,old
1573,3.628631591796875,0.3204303682388924,CVPF,soup_scene3,70,old
1574,3.630889654159546,0.3204303682388924,CVPF,soup_scene3,70,old
1575,3.6329777240753174,0.3204303682388924,CVPF,soup_scene3,70,old
1576,3.635207414627075,0.32045286983830745,CVPF,soup_scene3,70,old
1577,3.637483596801758,0.3202202349755922,CVPF,soup_scene3,70,old
1578,3.639786958694458,0.3202202349755922,CVPF,soup_scene3,70,old
1579,3.6418588161468506,0.3202202349755922,CVPF,soup_scene3,70,old
1580,3.6445775032043457,0.3206242538867055,CVPF,soup_scene3,70,old
1581,3.6476690769195557,0.3206242538867055,CVPF,soup_scene3,70,old
1582,3.6506528854370117,0.3206242538867055,CVPF,soup_scene3,70,old
1583,3.6537117958068848,0.3205151971993428,CVPF,soup_scene3,70,old
1584,3.6573047637939453,0.3101239386144555,CVPF,soup_scene3,70,old
1585,3.6596100330352783,0.3104701732003122,CVPF,soup_scene3,70,old
1586,3.6619865894317627,0.3103048377253601,CVPF,soup_scene3,70,old
1587,3.6643240451812744,0.3103048377253601,CVPF,soup_scene3,70,old
1588,3.6664199829101562,0.3103048377253601,CVPF,soup_scene3,70,old
1589,3.6685805320739746,0.30978143278835163,CVPF,soup_scene3,70,old
1590,3.671093463897705,0.30972733776008704,CVPF,soup_scene3,70,old
1591,3.6733341217041016,0.30972733776008704,CVPF,soup_scene3,70,old
1592,3.675415515899658,0.30972733776008704,CVPF,soup_scene3,70,old
1593,3.677786350250244,0.3099967684230196,CVPF,soup_scene3,70,old
1594,3.680243968963623,0.3099967684230196,CVPF,soup_scene3,70,old
1595,3.682515859603882,0.3099967684230196,CVPF,soup_scene3,70,old
1596,3.684565782546997,0.3099967684230196,CVPF,soup_scene3,70,old
1597,3.6870155334472656,0.3100293147937244,CVPF,soup_scene3,70,old
1598,3.6893856525421143,0.3100293147937244,CVPF,soup_scene3,70,old
1599,3.6914889812469482,0.3100293147937244,CVPF,soup_scene3,70,old
1600,3.693732976913452,0.310014945982686,CVPF,soup_scene3,70,old
1601,3.6962337493896484,0.3101430403581465,CVPF,soup_scene3,70,old
1602,3.698491096496582,0.3101430403581465,CVPF,soup_scene3,70,old
1603,3.7005486488342285,0.3101430403581465,CVPF,soup_scene3,70,old
1604,3.7027578353881836,0.3100352480782764,CVPF,soup_scene3,70,old
1605,3.704955816268921,0.3100352480782764,CVPF,soup_scene3,70,old
1606,3.707205295562744,0.3100352480782764,CVPF,soup_scene3,70,old
1607,3.7093138694763184,0.31013359518931766,CVPF,soup_scene3,70,old
1608,3.7115254402160645,0.3100075429145446,CVPF,soup_scene3,70,old
1609,3.713710069656372,0.3100075429145446,CVPF,soup_scene3,70,old
1610,3.7159523963928223,0.3100075429145446,CVPF,soup_scene3,70,old
1611,3.7181034088134766,0.3100075429145446,CVPF,soup_scene3,70,old
1612,3.720344066619873,0.3098588973457782,CVPF,soup_scene3,70,old
1613,3.722609758377075,0.3098588973457782,CVPF,soup_scene3,70,old
1614,3.7249741554260254,0.3098588973457782,CVPF,soup_scene3,70,old
1615,3.7272260189056396,0.3099612086850664,CVPF,soup_scene3,70,old
1616,3.7293663024902344,0.3099612086850664,CVPF,soup_scene3,70,old
1617,3.7316112518310547,0.3099612086850664,CVPF,soup_scene3,70,old
1618,3.7336294651031494,0.3099612086850664,CVPF,soup_scene3,70,old
1619,3.7359426021575928,0.3099281573966733,CVPF,soup_scene3,70,old
1620,3.73814058303833,0.30954673850297015,CVPF,soup_scene3,70,old
1621,3.740349531173706,0.30954673850297015,CVPF,soup_scene3,70,old
1622,3.74247670173645,0.30952729873648105,CVPF,soup_scene3,70,old
1623,3.7446749210357666,0.30977752298123606,CVPF,soup_scene3,70,old
1624,3.7468724250793457,0.30977752298123606,CVPF,soup_scene3,70,old
1625,3.7490434646606445,0.30977752298123606,CVPF,soup_scene3,70,old
1626,3.7511117458343506,0.30977752298123606,CVPF,soup_scene3,70,old
1627,3.7533340454101562,0.3097962679813997,CVPF,soup_scene3,70,old
1628,3.7556381225585938,0.3098936356221087,CVPF,soup_scene3,70,old
1629,3.757876396179199,0.3098936356221087,CVPF,soup_scene3,70,old
1630,3.7600693702697754,0.3099206768729813,CVPF,soup_scene3,70,old
1631,3.762253761291504,0.3099317136239092,CVPF,soup_scene3,70,old
1632,3.7644574642181396,0.3099317136239092,CVPF,soup_scene3,70,old
1633,3.766535997390747,0.3099317136239092,CVPF,soup_scene3,70,old
1634,3.7687339782714844,0.30973874095401766,CVPF,soup_scene3,70,old
1635,3.7709829807281494,0.30920386821080686,CVPF,soup_scene3,70,old
1636,3.7731308937072754,0.30920386821080686,CVPF,soup_scene3,70,old
1637,3.7753219604492188,0.30920386821080686,CVPF,soup_scene3,70,old
1638,3.777587413787842,0.31002025180991954,CVPF,soup_scene3,70,old
1639,3.780001640319824,0.31002025180991954,CVPF,soup_scene3,70,old
1640,3.7823197841644287,0.31002025180991954,CVPF,soup_scene3,70,old
1641,3.784517765045166,0.31002025180991954,CVPF,soup_scene3,70,old
1642,3.7868807315826416,0.30996438979171625,CVPF,soup_scene3,70,old
1643,3.7891180515289307,0.3099831479246481,CVPF,soup_scene3,70,old
1644,3.791496515274048,0.3099831479246481,CVPF,soup_scene3,70,old
1645,3.793766975402832,0.31001257996993764,CVPF,soup_scene3,70,old
1646,3.7961156368255615,0.31015991411281973,CVPF,soup_scene3,70,old
1647,3.798356771469116,0.31015991411281973,CVPF,soup_scene3,70,old
1648,3.8005709648132324,0.31015991411281973,CVPF,soup_scene3,70,old
1649,3.802785634994507,0.30985926083843324,CVPF,soup_scene3,70,old
1650,3.8050334453582764,0.30985926083843324,CVPF,soup_scene3,70,old
1651,3.8073225021362305,0.30985926083843324,CVPF,soup_scene3,70,old
1652,3.809478998184204,0.30985926083843324,CVPF,soup_scene3,70,old
1653,3.8119237422943115,0.3094726626202969,CVPF,soup_scene3,70,old
1654,3.814216136932373,0.3094726626202969,CVPF,soup_scene3,70,old
1655,3.8166325092315674,0.3094726626202969,CVPF,soup_scene3,70,old
1656,3.8198745250701904,0.28683493206852584,CVPF,soup_scene3,70,old
1657,3.822246789932251,0.28683493206852584,CVPF,soup_scene3,70,old
1658,3.8244922161102295,0.28683493206852584,CVPF,soup_scene3,70,old
1659,3.826738119125366,0.28761856183638185,CVPF,soup_scene3,70,old
1660,3.829061985015869,0.28740648734205154,CVPF,soup_scene3,70,old
1661,3.8314075469970703,0.28740648734205154,CVPF,soup_scene3,70,old
1662,3.8334386348724365,0.28740648734205154,CVPF,soup_scene3,70,old
1663,3.8360464572906494,0.2876144801642198,CVPF,soup_scene3,70,old
1664,3.8390161991119385,0.2876144801642198,CVPF,soup_scene3,70,old
1665,3.841244697570801,0.2876144801642198,CVPF,soup_scene3,70,old
1666,3.8436527252197266,0.28720388802738195,CVPF,soup_scene3,70,old
1667,3.8461005687713623,0.28720551002998407,CVPF,soup_scene3,70,old
1668,3.848348379135132,0.28720551002998407,CVPF,soup_scene3,70,old
1669,3.8504412174224854,0.28720551002998407,CVPF,soup_scene3,70,old
1670,3.8527746200561523,0.2873245502010739,CVPF,soup_scene3,70,old
1671,3.8551597595214844,0.2873245502010739,CVPF,soup_scene3,70,old
1672,3.85737943649292,0.2873245502010739,CVPF,soup_scene3,70,old
1673,3.85966420173645,0.28682455506759885,CVPF,soup_scene3,70,old
1674,3.8620481491088867,0.2866713119988124,CVPF,soup_scene3,70,old
1675,3.8642635345458984,0.2866713119988124,CVPF,soup_scene3,70,old
1676,3.866366147994995,0.2866713119988124,CVPF,soup_scene3,70,old
1677,3.8685145378112793,0.2866713119988124,CVPF,soup_scene3,70,old
1678,3.8708934783935547,0.2869245636128904,CVPF,soup_scene3,70,old
1679,3.8730595111846924,0.2869245636128904,CVPF,soup_scene3,70,old
1680,3.8751118183135986,0.2869245636128904,CVPF,soup_scene3,70,old
1681,3.877415895462036,0.2869129123382733,CVPF,soup_scene3,70,old
1682,3.8797943592071533,0.28734026312862104,CVPF,soup_scene3,70,old
1683,3.8822526931762695,0.28734026312862104,CVPF,soup_scene3,70,old
1684,3.884340286254883,0.28734026312862104,CVPF,soup_scene3,70,old
1685,3.8867437839508057,0.28672239395410015,CVPF,soup_scene3,70,old
1686,3.888977527618408,0.28672239395410015,CVPF,soup_scene3,70,old
1687,3.8911523818969727,0.28672239395410015,CVPF,soup_scene3,70,old
1688,3.893381118774414,0.28724517127041294,CVPF,soup_scene3,70,old
1689,3.895817279815674,0.28740054286997646,CVPF,soup_scene3,70,old
1690,3.8980345726013184,0.28740054286997646,CVPF,soup_scene3,70,old
1691,3.900146961212158,0.28740054286997646,CVPF,soup_scene3,70,old
1692,3.9024970531463623,0.28722418903604746,CVPF,soup_scene3,70,old
1693,3.90472149848938,0.28722418903604746,CVPF,soup_scene3,70,old
1694,3.906886100769043,0.28722418903604746,CVPF,soup_scene3,70,old
1695,3.908949375152588,0.28722418903604746,CVPF,soup_scene3,70,old
1696,3.911318302154541,0.28762201812517846,CVPF,soup_scene3,70,old
1697,3.9135382175445557,0.28762201812517846,CVPF,soup_scene3,70,old
1698,3.9158709049224854,0.28762201812517846,CVPF,soup_scene3,70,old
1699,3.9179584980010986,0.28762201812517846,CVPF,soup_scene3,70,old
1700,3.9202263355255127,0.2874550477162671,CVPF,soup_scene3,70,old
1701,3.9224040508270264,0.2874550477162671,CVPF,soup_scene3,70,old
1702,3.9246513843536377,0.2874550477162671,CVPF,soup_scene3,70,old
1703,3.927098274230957,0.2874806309655559,CVPF,soup_scene3,70,old
1704,3.929553270339966,0.2875820191927918,CVPF,soup_scene3,70,old
1705,3.9318742752075195,0.2875820191927918,CVPF,soup_scene3,70,old
1706,3.933943510055542,0.2868474035666347,CVPF,soup_scene3,70,old
1707,3.9360506534576416,0.2868474035666347,CVPF,soup_scene3,70,old
1708,3.938122272491455,0.2868474035666347,CVPF,soup_scene3,70,old
1709,3.9402685165405273,0.2868474035666347,CVPF,soup_scene3,70,old
1710,3.9424874782562256,0.2863249924768508,CVPF,soup_scene3,70,old
1711,3.9445927143096924,0.2863249924768508,CVPF,soup_scene3,70,old
1712,3.94687557220459,0.2863249924768508,CVPF,soup_scene3,70,old
1713,3.9490935802459717,0.2863249924768508,CVPF,soup_scene3,70,old
1714,3.9513466358184814,0.2863249924768508,CVPF,soup_scene3,70,old
1715,3.9534666538238525,0.2863249924768508,CVPF,soup_scene3,70,old
1716,3.955791711807251,0.28704951058162403,CVPF,soup_scene3,70,old
1717,3.957943916320801,0.28763130426512934,CVPF,soup_scene3,70,old
1718,3.9601829051971436,0.28763130426512934,CVPF,soup_scene3,70,old
1719,3.962550401687622,0.28763130426512934,CVPF,soup_scene3,70,old
1720,3.964855909347534,0.2871272288314822,CVPF,soup_scene3,70,old
1721,3.967224597930908,0.2870913651840119,CVPF,soup_scene3,70,old
1722,3.9694724082946777,0.2870913651840119,CVPF,soup_scene3,70,old
1723,3.971809148788452,0.2870913651840119,CVPF,soup_scene3,70,old
1724,3.9739062786102295,0.2870913651840119,CVPF,soup_scene3,70,old
1725,3.9760875701904297,0.2870913651840119,CVPF,soup_scene3,70,old
1726,3.978604793548584,0.2873631848006846,CVPF,soup_scene3,70,old
1727,3.9809277057647705,0.2873631848006846,CVPF,soup_scene3,70,old
1728,3.983123779296875,0.2873631848006846,CVPF,soup_scene3,70,old
1729,3.9853503704071045,0.2873631848006846,CVPF,soup_scene3,70,old
1730,3.987638235092163,0.28736756394391716,CVPF,soup_scene3,70,old
1731,3.990079879760742,0.28720904772712946,CVPF,soup_scene3,70,old
1732,3.992661952972412,0.28720904772712946,CVPF,soup_scene3,70,old
1733,3.995554208755493,0.27340781561030514,CVPF,soup_scene3,70,old
1734,3.9978909492492676,0.27342079543675385,CVPF,soup_scene3,70,old
1735,4.000094890594482,0.2735179952222473,CVPF,soup_scene3,70,old
1736,4.002195835113525,0.2735179952222473,CVPF,soup_scene3,70,old
1737,4.004402160644531,0.2735179952222473,CVPF,soup_scene3,70,old
1738,4.006695032119751,0.2735179952222473,CVPF,soup_scene3,70,old
1739,4.008848190307617,0.2735179952222473,CVPF,soup_scene3,70,old
1740,4.011041641235352,0.2735179952222473,CVPF,soup_scene3,70,old
1741,4.013415813446045,0.2735179952222473,CVPF,soup_scene3,70,old
1742,4.0157201290130615,0.2735114344480788,CVPF,soup_scene3,70,old
1743,4.017829895019531,0.2735114344480788,CVPF,soup_scene3,70,old
1744,4.019941806793213,0.2735114344480788,CVPF,soup_scene3,70,old
1745,4.02222204208374,0.2735114344480788,CVPF,soup_scene3,70,old
1746,4.024470090866089,0.27354711458431,CVPF,soup_scene3,70,old
1747,4.026646137237549,0.27354711458431,CVPF,soup_scene3,70,old
1748,4.0288379192352295,0.27318433562589467,CVPF,soup_scene3,70,old
1749,4.03108549118042,0.27318433562589467,CVPF,soup_scene3,70,old
1750,4.033278942108154,0.27318433562589467,CVPF,soup_scene3,70,old
1751,4.035630702972412,0.2731870198558315,CVPF,soup_scene3,70,old
1752,4.037969589233398,0.2738128671712259,CVPF,soup_scene3,70,old
1753,4.040128469467163,0.2738128671712259,CVPF,soup_scene3,70,old
1754,4.042333126068115,0.2738128671712259,CVPF,soup_scene3,70,old
1755,4.044485569000244,0.2738128671712259,CVPF,soup_scene3,70,old
1756,4.046713829040527,0.2737861167298868,CVPF,soup_scene3,70,old
1757,4.048908233642578,0.27352593540793824,CVPF,soup_scene3,70,old
1758,4.051030158996582,0.27352593540793824,CVPF,soup_scene3,70,old
1759,4.0532379150390625,0.27352593540793824,CVPF,soup_scene3,70,old
1760,4.055436611175537,0.27352593540793824,CVPF,soup_scene3,70,old
1761,4.057676792144775,0.27352593540793824,CVPF,soup_scene3,70,old
1762,4.05989146232605,0.27354563959754535,CVPF,soup_scene3,70,old
1763,4.062029838562012,0.2736262793446526,CVPF,soup_scene3,70,old
1764,4.064256191253662,0.2736262793446526,CVPF,soup_scene3,70,old
1765,4.066466808319092,0.2736262793446526,CVPF,soup_scene3,70,old
1766,4.068627834320068,0.2736262793446526,CVPF,soup_scene3,70,old
1767,4.070713758468628,0.2736262793446526,CVPF,soup_scene3,70,old
1768,4.072869539260864,0.2735676284138972,CVPF,soup_scene3,70,old
1769,4.075170278549194,0.2735590766888919,CVPF,soup_scene3,70,old
1770,4.077362060546875,0.2735590766888919,CVPF,soup_scene3,70,old
1771,4.080009460449219,0.2731117754060763,CVPF,soup_scene3,70,old
1772,4.08224630355835,0.2731117754060763,CVPF,soup_scene3,70,old
1773,4.084591388702393,0.2741175535857536,CVPF,soup_scene3,70,old
1774,4.086895942687988,0.2741175535857536,CVPF,soup_scene3,70,old
1775,4.089304208755493,0.27353395061089203,CVPF,soup_scene3,70,old
1776,4.091456174850464,0.27353395061089203,CVPF,soup_scene3,70,old
1777,4.093816757202148,0.27305476745373053,CVPF,soup_scene3,70,old
1778,4.096073865890503,0.27318645975538886,CVPF,soup_scene3,70,old
1779,4.098477125167847,0.27368598039419484,CVPF,soup_scene3,70,old
1780,4.100829362869263,0.2736201762189198,CVPF,soup_scene3,70,old
1781,4.103331089019775,0.27358890270399155,CVPF,soup_scene3,70,old
1782,4.105625152587891,0.2735678330112703,CVPF,soup_scene3,70,old
1783,4.1087846755981445,0.27356082356443906,CVPF,soup_scene3,70,old
1784,4.1124396324157715,0.2740897702290849,CVPF,soup_scene3,70,old
1785,4.115686893463135,0.27416210813966707,CVPF,soup_scene3,70,old
1786,4.119332551956177,0.2735639796522481,CVPF,soup_scene3,70,old
1787,4.1226184368133545,0.2735943862282487,CVPF,soup_scene3,70,old
1788,4.125964641571045,0.27365884525793566,CVPF,soup_scene3,70,old
1789,4.129367828369141,0.273646340026119,CVPF,soup_scene3,70,old
1790,4.132960319519043,0.273646340026119,CVPF,soup_scene3,70,old
1791,4.13640832901001,0.273788610323618,CVPF,soup_scene3,70,old
1792,4.13967227935791,0.2735221132575524,CVPF,soup_scene3,70,old
1793,4.143167972564697,0.2734454766061758,CVPF,soup_scene3,70,old
1794,4.146550416946411,0.27365084185615113,CVPF,soup_scene3,70,old
1795,4.150052309036255,0.27365084185615113,CVPF,soup_scene3,70,old
1796,4.153414726257324,0.2735681604244613,CVPF,soup_scene3,70,old
1797,4.156721353530884,0.2735681604244613,CVPF,soup_scene3,70,old
1798,4.159571409225464,0.2735681604244613,CVPF,soup_scene3,70,old
1799,4.161877155303955,0.27351147182682045,CVPF,soup_scene3,70,old
1800,4.1648430824279785,0.26740625920390837,CVPF,soup_scene3,70,old
1801,4.167031526565552,0.26740625920390837,CVPF,soup_scene3,70,old
1802,4.1693274974823,0.2673313137448506,CVPF,soup_scene3,70,old
1803,4.171655654907227,0.26753463965954677,CVPF,soup_scene3,70,old
1804,4.173809289932251,0.26753463965954677,CVPF,soup_scene3,70,old
1805,4.175887584686279,0.26753463965954677,CVPF,soup_scene3,70,old
1806,4.178220510482788,0.2675854391328145,CVPF,soup_scene3,70,old
1807,4.180461406707764,0.2675854391328145,CVPF,soup_scene3,70,old
1808,4.182683229446411,0.2675854391328145,CVPF,soup_scene3,70,old
1809,4.1848814487457275,0.2676123200660378,CVPF,soup_scene3,70,old
1810,4.187190771102905,0.26788861754446525,CVPF,soup_scene3,70,old
1811,4.1894495487213135,0.26788861754446525,CVPF,soup_scene3,70,old
1812,4.191551923751831,0.26788861754446525,CVPF,soup_scene3,70,old
1813,4.193714618682861,0.26772513964750017,CVPF,soup_scene3,70,old
1814,4.196183204650879,0.2673658626573742,CVPF,soup_scene3,70,old
1815,4.198477745056152,0.2673658626573742,CVPF,soup_scene3,70,old
1816,4.200658798217773,0.2673658626573742,CVPF,soup_scene3,70,old
1817,4.20293664932251,0.2676157222715288,CVPF,soup_scene3,70,old
1818,4.205170631408691,0.2676157222715288,CVPF,soup_scene3,70,old
1819,4.2072672843933105,0.2676157222715288,CVPF,soup_scene3,70,old
1820,4.209424257278442,0.2676157222715288,CVPF,soup_scene3,70,old
1821,4.211639881134033,0.2677605447908489,CVPF,soup_scene3,70,old
1822,4.21388578414917,0.2677605447908489,CVPF,soup_scene3,70,old
1823,4.216012239456177,0.2677605447908489,CVPF,soup_scene3,70,old
1824,4.218268394470215,0.2676411122240517,CVPF,soup_scene3,70,old
1825,4.220492124557495,0.26751989701175427,CVPF,soup_scene3,70,old
1826,4.22276759147644,0.26751989701175427,CVPF,soup_scene3,70,old
1827,4.22479510307312,0.26751989701175427,CVPF,soup_scene3,70,old
1828,4.227104663848877,0.26742738977930913,CVPF,soup_scene3,70,old
1829,4.229388475418091,0.26742738977930913,CVPF,soup_scene3,70,old
1830,4.231468439102173,0.26742738977930913,CVPF,soup_scene3,70,old
1831,4.233521223068237,0.26742738977930913,CVPF,soup_scene3,70,old
1832,4.236100673675537,0.26755469635611506,CVPF,soup_scene3,70,old
1833,4.238437652587891,0.26761843663139206,CVPF,soup_scene3,70,old
1834,4.240456819534302,0.26761843663139206,CVPF,soup_scene3,70,old
1835,4.242567777633667,0.26761843663139206,CVPF,soup_scene3,70,old
1836,4.244824409484863,0.26731678471165476,CVPF,soup_scene3,70,old
1837,4.2470738887786865,0.26731678471165476,CVPF,soup_scene3,70,old
1838,4.24924898147583,0.26731678471165476,CVPF,soup_scene3,70,old
1839,4.251518726348877,0.26731678471165476,CVPF,soup_scene3,70,old
1840,4.253740072250366,0.26749417112360946,CVPF,soup_scene3,70,old
1841,4.255946636199951,0.26749417112360946,CVPF,soup_scene3,70,old
1842,4.25823974609375,0.26749417112360946,CVPF,soup_scene3,70,old
1843,4.260621070861816,0.26724470223812247,CVPF,soup_scene3,70,old
1844,4.26298975944519,0.26724470223812247,CVPF,soup_scene3,70,old
1845,4.265372276306152,0.26724470223812247,CVPF,soup_scene3,70,old
1846,4.2678000926971436,0.26728848656974774,CVPF,soup_scene3,70,old
1847,4.270330905914307,0.26748084057309907,CVPF,soup_scene3,70,old
1848,4.272599935531616,0.26748084057309907,CVPF,soup_scene3,70,old
1849,4.274716854095459,0.26748084057309907,CVPF,soup_scene3,70,old
1850,4.277022838592529,0.26727027719184304,CVPF,soup_scene3,70,old
1851,4.279520273208618,0.26739599953719945,CVPF,soup_scene3,70,old
1852,4.282042741775513,0.26739599953719945,CVPF,soup_scene3,70,old
1853,4.284247636795044,0.26739599953719945,CVPF,soup_scene3,70,old
1854,4.286562204360962,0.26757744580648046,CVPF,soup_scene3,70,old
1855,4.288835525512695,0.26757744580648046,CVPF,soup_scene3,70,old
1856,4.291207313537598,0.26757744580648046,CVPF,soup_scene3,70,old
1857,4.293525457382202,0.2676353027400547,CVPF,soup_scene3,70,old
1858,4.295832872390747,0.2676353027400547,CVPF,soup_scene3,70,old
1859,4.29824686050415,0.2676353027400547,CVPF,soup_scene3,70,old
1860,4.300342559814453,0.2676353027400547,CVPF,soup_scene3,70,old
1861,4.302779674530029,0.2666966853825561,CVPF,soup_scene3,70,old
1862,4.305091142654419,0.2666966853825561,CVPF,soup_scene3,70,old
1863,4.307342290878296,0.2666966853825561,CVPF,soup_scene3,70,old
1864,4.309669494628906,0.2667040157807445,CVPF,soup_scene3,70,old
1865,4.312197208404541,0.2669170222228234,CVPF,soup_scene3,70,old
1866,4.31557297706604,0.2622697302855251,CVPF,soup_scene3,70,old
1867,4.317862033843994,0.2622697302855251,CVPF,soup_scene3,70,old
1868,4.32032585144043,0.26270326979852754,CVPF,soup_scene3,70,old
1869,4.322760105133057,0.26270326979852754,CVPF,soup_scene3,70,old
1870,4.324985027313232,0.26270326979852754,CVPF,soup_scene3,70,old
1871,4.327301025390625,0.26275232413166943,CVPF,soup_scene3,70,old
1872,4.329774856567383,0.2629003293415612,CVPF,soup_scene3,70,old
1873,4.331963777542114,0.2629003293415612,CVPF,soup_scene3,70,old
1874,4.334013223648071,0.2629003293415612,CVPF,soup_scene3,70,old
1875,4.336309194564819,0.26247977071333767,CVPF,soup_scene3,70,old
1876,4.338395595550537,0.26247977071333767,CVPF,soup_scene3,70,old
1877,4.340769052505493,0.2623266973742766,CVPF,soup_scene3,70,old
1878,4.3428685665130615,0.2623266973742766,CVPF,soup_scene3,70,old
1879,4.345209121704102,0.2623266973742766,CVPF,soup_scene3,70,old
1880,4.3477160930633545,0.2623266973742766,CVPF,soup_scene3,70,old
1881,4.350005626678467,0.26265937751675866,CVPF,soup_scene3,70,old
1882,4.352209568023682,0.26256413442873344,CVPF,soup_scene3,70,old
1883,4.354380369186401,0.26256413442873344,CVPF,soup_scene3,70,old
1884,4.356584072113037,0.26256413442873344,CVPF,soup_scene3,70,old
1885,4.3588175773620605,0.26256413442873344,CVPF,soup_scene3,70,old
1886,4.361029863357544,0.26276635750799526,CVPF,soup_scene3,70,old
1887,4.363106727600098,0.26276635750799526,CVPF,soup_scene3,70,old
1888,4.365242958068848,0.26276635750799526,CVPF,soup_scene3,70,old
1889,4.367460012435913,0.26276635750799526,CVPF,soup_scene3,70,old
1890,4.369713068008423,0.26276635750799526,CVPF,soup_scene3,70,old
1891,4.372011184692383,0.2627622236461413,CVPF,soup_scene3,70,old
1892,4.374150037765503,0.262923433278884,CVPF,soup_scene3,70,old
1893,4.37636399269104,0.262923433278884,CVPF,soup_scene3,70,old
1894,4.378626823425293,0.262923433278884,CVPF,soup_scene3,70,old
1895,4.380970239639282,0.262923433278884,CVPF,soup_scene3,70,old
1896,4.38325834274292,0.26278887189356603,CVPF,soup_scene3,70,old
1897,4.38541841506958,0.26278887189356603,CVPF,soup_scene3,70,old
1898,4.387460708618164,0.26278887189356603,CVPF,soup_scene3,70,old
1899,4.389653205871582,0.26278887189356603,CVPF,soup_scene3,70,old
1900,4.392034292221069,0.26276727482728995,CVPF,soup_scene3,70,old
1901,4.3939902782440186,0.26276727482728995,CVPF,soup_scene3,70,old
1902,4.396156549453735,0.26276727482728995,CVPF,soup_scene3,70,old
1903,4.398495435714722,0.263558707515305,CVPF,soup_scene3,70,old
1904,4.400596618652344,0.263558707515305,CVPF,soup_scene3,70,old
1905,4.402695178985596,0.263558707515305,CVPF,soup_scene3,70,old
1906,4.404987573623657,0.2626849867746859,CVPF,soup_scene3,70,old
1907,4.407171964645386,0.2626849867746859,CVPF,soup_scene3,70,old
1908,4.409317255020142,0.2626849867746859,CVPF,soup_scene3,70,old
1909,4.411420822143555,0.2626849867746859,CVPF,soup_scene3,70,old
1910,4.413690805435181,0.2626849867746859,CVPF,soup_scene3,70,old
1911,4.415762662887573,0.2626849867746859,CVPF,soup_scene3,70,old
1912,4.417980670928955,0.26277145021027903,CVPF,soup_scene3,70,old
1913,4.420229911804199,0.26277145021027903,CVPF,soup_scene3,70,old
1914,4.422407627105713,0.26277145021027903,CVPF,soup_scene3,70,old
1915,4.424543857574463,0.26277145021027903,CVPF,soup_scene3,70,old
1916,4.426971197128296,0.2630994440684304,CVPF,soup_scene3,70,old
1917,4.429224729537964,0.2630994440684304,CVPF,soup_scene3,70,old
1918,4.431434631347656,0.2630994440684304,CVPF,soup_scene3,70,old
1919,4.433640003204346,0.2630994440684304,CVPF,soup_scene3,70,old
1920,4.435830354690552,0.2630994440684304,CVPF,soup_scene3,70,old
1921,4.437998533248901,0.2630994440684304,CVPF,soup_scene3,70,old
1922,4.4402430057525635,0.2631320353611678,CVPF,soup_scene3,70,old
1923,4.442561388015747,0.2630564700311733,CVPF,soup_scene3,70,old
1924,4.444738388061523,0.2630564700311733,CVPF,soup_scene3,70,old
1925,4.4468584060668945,0.2630564700311733,CVPF,soup_scene3,70,old
1926,4.449090957641602,0.2630564700311733,CVPF,soup_scene3,70,old
1927,4.451388120651245,0.2627624494389884,CVPF,soup_scene3,70,old
1928,4.453417539596558,0.2627624494389884,CVPF,soup_scene3,70,old
1929,4.45558500289917,0.2627624494389884,CVPF,soup_scene3,70,old
1930,4.458021879196167,0.2627624494389884,CVPF,soup_scene3,70,old
1931,4.460386514663696,0.2627624494389884,CVPF,soup_scene3,70,old
1932,4.463415622711182,0.26889943572107444,CVPF,soup_scene3,70,old
1933,4.465466499328613,0.26889943572107444,CVPF,soup_scene3,70,old
1934,4.467705249786377,0.2689167250138714,CVPF,soup_scene3,70,old
1935,4.470020055770874,0.26884230321137215,CVPF,soup_scene3,70,old
1936,4.472378253936768,0.26884230321137215,CVPF,soup_scene3,70,old
1937,4.4748969078063965,0.2687995485251049,CVPF,soup_scene3,70,old
1938,4.477078676223755,0.2687995485251049,CVPF,soup_scene3,70,old
1939,4.479565143585205,0.2688829327374573,CVPF,soup_scene3,70,old
1940,4.482001543045044,0.2688829327374573,CVPF,soup_scene3,70,old
1941,4.4842689037323,0.2691437177901859,CVPF,soup_scene3,70,old
1942,4.486679315567017,0.2691437177901859,CVPF,soup_scene3,70,old
1943,4.489006519317627,0.2686756953025157,CVPF,soup_scene3,70,old
1944,4.491299867630005,0.2686756953025157,CVPF,soup_scene3,70,old
1945,4.4938645362854,0.26877728594342076,CVPF,soup_scene3,70,old
1946,4.49609637260437,0.26877728594342076,CVPF,soup_scene3,70,old
1947,4.498412370681763,0.26872890764712504,CVPF,soup_scene3,70,old
1948,4.500795125961304,0.2691794452789883,CVPF,soup_scene3,70,old
1949,4.503188133239746,0.2691717963405877,CVPF,soup_scene3,70,old
1950,4.505516052246094,0.26890570970896455,CVPF,soup_scene3,70,old
1951,4.507948637008667,0.2696176417836424,CVPF,soup_scene3,70,old
1952,4.51026177406311,0.2696176417836424,CVPF,soup_scene3,70,old
1953,4.512620210647583,0.2690767304359875,CVPF,soup_scene3,70,old
1954,4.514977216720581,0.2690767304359875,CVPF,soup_scene3,70,old
1955,4.517664432525635,0.26903833165232277,CVPF,soup_scene3,70,old
1956,4.520042181015015,0.26903833165232277,CVPF,soup_scene3,70,old
1957,4.52245831489563,0.2691191315557501,CVPF,soup_scene3,70,old
1958,4.524826288223267,0.2688890088718175,CVPF,soup_scene3,70,old
1959,4.52771782875061,0.26880023243901,CVPF,soup_scene3,70,old
1960,4.530720233917236,0.2688242407597496,CVPF,soup_scene3,70,old
1961,4.533643484115601,0.2688242407597496,CVPF,soup_scene3,70,old
1962,4.536415338516235,0.26924071043892334,CVPF,soup_scene3,70,old
1963,4.538571119308472,0.26924071043892334,CVPF,soup_scene3,70,old
1964,4.540829181671143,0.26924071043892334,CVPF,soup_scene3,70,old
1965,4.5431108474731445,0.2691755080395214,CVPF,soup_scene3,70,old
1966,4.54529881477356,0.2687278599845299,CVPF,soup_scene3,70,old
1967,4.547576427459717,0.2687278599845299,CVPF,soup_scene3,70,old
1968,4.54983115196228,0.2687278599845299,CVPF,soup_scene3,70,old
1969,4.551990509033203,0.2688050871673004,CVPF,soup_scene3,70,old
1970,4.55427098274231,0.26903861113809113,CVPF,soup_scene3,70,old
1971,4.556455850601196,0.26903861113809113,CVPF,soup_scene3,70,old
1972,4.5585036277771,0.26903861113809113,CVPF,soup_scene3,70,old
1973,4.560753107070923,0.26851456380517413,CVPF,soup_scene3,70,old
1974,4.5629496574401855,0.26852081608228306,CVPF,soup_scene3,70,old
1975,4.56514310836792,0.26852081608228306,CVPF,soup_scene3,70,old
1976,4.567215204238892,0.26852081608228306,CVPF,soup_scene3,70,old
1977,4.569406270980835,0.26828703556137773,CVPF,soup_scene3,70,old
1978,4.571597337722778,0.26828703556137773,CVPF,soup_scene3,70,old
1979,4.573752403259277,0.26828703556137773,CVPF,soup_scene3,70,old
1980,4.575825214385986,0.26828703556137773,CVPF,soup_scene3,70,old
1981,4.578088283538818,0.26908222382341646,CVPF,soup_scene3,70,old
1982,4.580350875854492,0.26908222382341646,CVPF,soup_scene3,70,old
1983,4.5825417041778564,0.26908222382341646,CVPF,soup_scene3,70,old
1984,4.584642648696899,0.26908222382341646,CVPF,soup_scene3,70,old
1985,4.58689546585083,0.2688758936579205,CVPF,soup_scene3,70,old
1986,4.589120864868164,0.2688758936579205,CVPF,soup_scene3,70,old
1987,4.591606140136719,0.2688758936579205,CVPF,soup_scene3,70,old
1988,4.5938239097595215,0.2689421941790822,CVPF,soup_scene3,70,old
1989,4.596096992492676,0.26887549501154223,CVPF,soup_scene3,70,old
1990,4.598360538482666,0.26887549501154223,CVPF,soup_scene3,70,old
1991,4.600837230682373,0.26887549501154223,CVPF,soup_scene3,70,old
1992,4.603323221206665,0.2697775649895047,CVPF,soup_scene3,70,old
1993,4.605686664581299,0.2697775649895047,CVPF,soup_scene3,70,old
1994,4.607832908630371,0.2697775649895047,CVPF,soup_scene3,70,old
1995,4.610078811645508,0.2691705829043824,CVPF,soup_scene3,70,old
1996,4.61246395111084,0.2689034391075627,CVPF,soup_scene3,70,old
1997,4.614758014678955,0.2689034391075627,CVPF,soup_scene3,70,old
1998,4.616982460021973,0.2689034391075627,CVPF,soup_scene3,70,old
1999,4.619242191314697,0.2689320332634223,CVPF,soup_scene3,70,old
2000,4.6225292682647705,0.29658145645486417,CVPF,soup_scene3,70,old
2001,4.624776840209961,0.29658145645486417,CVPF,soup_scene3,70,old
2002,4.627011775970459,0.29654069976581043,CVPF,soup_scene3,70,old
2003,4.62931489944458,0.29646748194772293,CVPF,soup_scene3,70,old
2004,4.631521940231323,0.29646748194772293,CVPF,soup_scene3,70,old
2005,4.633576393127441,0.29646748194772293,CVPF,soup_scene3,70,old
2006,4.635843515396118,0.2961748394089414,CVPF,soup_scene3,70,old
2007,4.638022184371948,0.2961748394089414,CVPF,soup_scene3,70,old
2008,4.640261650085449,0.2961748394089414,CVPF,soup_scene3,70,old
2009,4.642444610595703,0.2961748394089414,CVPF,soup_scene3,70,old
2010,4.644861221313477,0.2967759626597748,CVPF,soup_scene3,70,old
2011,4.647114515304565,0.2967759626597748,CVPF,soup_scene3,70,old
2012,4.649219274520874,0.2967759626597748,CVPF,soup_scene3,70,old
2013,4.651453733444214,0.29631814119381994,CVPF,soup_scene3,70,old
2014,4.653676748275757,0.2961585109546088,CVPF,soup_scene3,70,old
2015,4.655898571014404,0.2961585109546088,CVPF,soup_scene3,70,old
2016,4.657971143722534,0.2961585109546088,CVPF,soup_scene3,70,old
2017,4.660459518432617,0.29660097388115825,CVPF,soup_scene3,70,old
2018,4.662864446640015,0.2964983107647975,CVPF,soup_scene3,70,old
2019,4.665060758590698,0.2964983107647975,CVPF,soup_scene3,70,old
2020,4.667241811752319,0.2964983107647975,CVPF,soup_scene3,70,old
2021,4.669614791870117,0.29682040379098895,CVPF,soup_scene3,70,old
2022,4.672063827514648,0.29682040379098895,CVPF,soup_scene3,70,old
2023,4.674102306365967,0.29682040379098895,CVPF,soup_scene3,70,old
2024,4.676370859146118,0.29667219592627225,CVPF,soup_scene3,70,old
2025,4.678800106048584,0.29636801372153104,CVPF,soup_scene3,70,old
2026,4.681148290634155,0.29636801372153104,CVPF,soup_scene3,70,old
2027,4.683270215988159,0.29636801372153104,CVPF,soup_scene3,70,old
2028,4.685512542724609,0.2966265212355512,CVPF,soup_scene3,70,old
2029,4.687861442565918,0.2966265212355512,CVPF,soup_scene3,70,old
2030,4.690096855163574,0.2966265212355512,CVPF,soup_scene3,70,old
2031,4.692180871963501,0.2966265212355512,CVPF,soup_scene3,70,old
2032,4.6944780349731445,0.29651966801572527,CVPF,soup_scene3,70,old
2033,4.696928977966309,0.29651966801572527,CVPF,soup_scene3,70,old
2034,4.699134826660156,0.29651966801572527,CVPF,soup_scene3,70,old
2035,4.701303005218506,0.29666995348255415,CVPF,soup_scene3,70,old
2036,4.7037129402160645,0.29653948003698083,CVPF,soup_scene3,70,old
2037,4.706049680709839,0.29653948003698083,CVPF,soup_scene3,70,old
2038,4.708186388015747,0.29653948003698083,CVPF,soup_scene3,70,old
2039,4.710677623748779,0.29712282460035544,CVPF,soup_scene3,70,old
2040,4.713151693344116,0.2972160794525853,CVPF,soup_scene3,70,old
2041,4.71545672416687,0.2972160794525853,CVPF,soup_scene3,70,old
2042,4.717556476593018,0.2972160794525853,CVPF,soup_scene3,70,old
2043,4.719917297363281,0.2966295727534932,CVPF,soup_scene3,70,old
2044,4.722301244735718,0.29650295886848926,CVPF,soup_scene3,70,old
2045,4.724604845046997,0.29650295886848926,CVPF,soup_scene3,70,old
2046,4.726867198944092,0.29644556170217956,CVPF,soup_scene3,70,old
2047,4.729323625564575,0.29650420261338345,CVPF,soup_scene3,70,old
2048,4.731587171554565,0.29650420261338345,CVPF,soup_scene3,70,old
2049,4.73369574546814,0.29650420261338345,CVPF,soup_scene3,70,old
2050,4.735947132110596,0.2969714702060811,CVPF,soup_scene3,70,old
2051,4.738337755203247,0.2969714702060811,CVPF,soup_scene3,70,old
2052,4.740594387054443,0.2969714702060811,CVPF,soup_scene3,70,old
2053,4.742688417434692,0.2969714702060811,CVPF,soup_scene3,70,old
2054,4.745148181915283,0.2965952127824286,CVPF,soup_scene3,70,old
2055,4.747645139694214,0.2965952127824286,CVPF,soup_scene3,70,old
2056,4.749921083450317,0.2965952127824286,CVPF,soup_scene3,70,old
2057,4.752211570739746,0.2965652325336628,CVPF,soup_scene3,70,old
2058,4.7545201778411865,0.2967187155676246,CVPF,soup_scene3,70,old
2059,4.75684666633606,0.2967187155676246,CVPF,soup_scene3,70,old
2060,4.75899076461792,0.2967187155676246,CVPF,soup_scene3,70,old
2061,4.7617034912109375,0.2970353347615709,CVPF,soup_scene3,70,old
2062,4.764358997344971,0.2970353347615709,CVPF,soup_scene3,70,old
2063,4.766658067703247,0.2970353347615709,CVPF,soup_scene3,70,old
2064,4.768933534622192,0.2964501112705258,CVPF,soup_scene3,70,old
2065,4.771267414093018,0.29648468524231847,CVPF,soup_scene3,70,old
2066,4.7736217975616455,0.29648468524231847,CVPF,soup_scene3,70,old
2067,4.775824069976807,0.29648468524231847,CVPF,soup_scene3,70,old
2068,4.778201341629028,0.29662353443789025,CVPF,soup_scene3,70,old
2069,4.78145956993103,0.29662353443789025,CVPF,soup_scene3,70,old
2070,4.783747434616089,0.3086419414270354,CVPF,soup_scene3,70,old
2071,4.78601598739624,0.308783775484027,CVPF,soup_scene3,70,old
2072,4.788211107254028,0.308783775484027,CVPF,soup_scene3,70,old
2073,4.79032564163208,0.308783775484027,CVPF,soup_scene3,70,old
2074,4.792486667633057,0.308783775484027,CVPF,soup_scene3,70,old
2075,4.794813632965088,0.30822502499907944,CVPF,soup_scene3,70,old
2076,4.79709267616272,0.30822502499907944,CVPF,soup_scene3,70,old
2077,4.799246072769165,0.30822502499907944,CVPF,soup_scene3,70,old
2078,4.8013482093811035,0.30822502499907944,CVPF,soup_scene3,70,old
2079,4.803727865219116,0.3086453472682781,CVPF,soup_scene3,70,old
2080,4.806135416030884,0.3086453472682781,CVPF,soup_scene3,70,old
2081,4.808178186416626,0.3086453472682781,CVPF,soup_scene3,70,old
2082,4.810359477996826,0.3086326919261824,CVPF,soup_scene3,70,old
2083,4.8130199909210205,0.3085458068931385,CVPF,soup_scene3,70,old
2084,4.815310478210449,0.3085458068931385,CVPF,soup_scene3,70,old
2085,4.817399024963379,0.3085458068931385,CVPF,soup_scene3,70,old
2086,4.819667100906372,0.30851324547358405,CVPF,soup_scene3,70,old
2087,4.82202410697937,0.3085686109194031,CVPF,soup_scene3,70,old
2088,4.824069976806641,0.3085686109194031,CVPF,soup_scene3,70,old
2089,4.826155662536621,0.3085686109194031,CVPF,soup_scene3,70,old
2090,4.82846999168396,0.30844172429014227,CVPF,soup_scene3,70,old
2091,4.830828905105591,0.30844172429014227,CVPF,soup_scene3,70,old
2092,4.8330397605896,0.30844172429014227,CVPF,soup_scene3,70,old
2093,4.835198402404785,0.30843446084930354,CVPF,soup_scene3,70,old
2094,4.8375256061553955,0.3086693516638748,CVPF,soup_scene3,70,old
2095,4.83981990814209,0.3086693516638748,CVPF,soup_scene3,70,old
2096,4.841887950897217,0.3086693516638748,CVPF,soup_scene3,70,old
2097,4.844249248504639,0.308855933353792,CVPF,soup_scene3,70,old
2098,4.846688508987427,0.308855933353792,CVPF,soup_scene3,70,old
2099,4.848918199539185,0.308855933353792,CVPF,soup_scene3,70,old
2100,4.851039409637451,0.308855933353792,CVPF,soup_scene3,70,old
2101,4.853481292724609,0.3086266889499508,CVPF,soup_scene3,70,old
2102,4.855810880661011,0.3086266889499508,CVPF,soup_scene3,70,old
2103,4.85794472694397,0.3086266889499508,CVPF,soup_scene3,70,old
2104,4.860478639602661,0.308654026744919,CVPF,soup_scene3,70,old
2105,4.8628761768341064,0.30814176630014894,CVPF,soup_scene3,70,old
2106,4.865006685256958,0.30814176630014894,CVPF,soup_scene3,70,old
2107,4.867028474807739,0.30814176630014894,CVPF,soup_scene3,70,old
2108,4.86932635307312,0.30815508492608557,CVPF,soup_scene3,70,old
2109,4.871756315231323,0.3083265427528537,CVPF,soup_scene3,70,old
2110,4.873867750167847,0.3083265427528537,CVPF,soup_scene3,70,old
2111,4.876033544540405,0.30827285825035194,CVPF,soup_scene3,70,old
2112,4.878333568572998,0.3086387895649227,CVPF,soup_scene3,70,old
2113,4.8807690143585205,0.3086387895649227,CVPF,soup_scene3,70,old
2114,4.882955551147461,0.3086387895649227,CVPF,soup_scene3,70,old
2115,4.885174036026001,0.30869084486795184,CVPF,soup_scene3,70,old
2116,4.887549161911011,0.30865972261674307,CVPF,soup_scene3,70,old
2117,4.889718532562256,0.30865972261674307,CVPF,soup_scene3,70,old
2118,4.891894340515137,0.30865972261674307,CVPF,soup_scene3,70,old
2119,4.894368648529053,0.3083227296241177,CVPF,soup_scene3,70,old
2120,4.896738529205322,0.3083227296241177,CVPF,soup_scene3,70,old
2121,4.899095296859741,0.3083227296241177,CVPF,soup_scene3,70,old
2122,4.9012908935546875,0.3083227296241177,CVPF,soup_scene3,70,old
2123,4.903779029846191,0.3083828563944389,CVPF,soup_scene3,70,old
2124,4.906057119369507,0.3083828563944389,CVPF,soup_scene3,70,old
2125,4.908377408981323,0.3083828563944389,CVPF,soup_scene3,70,old
2126,4.9106855392456055,0.308954556696435,CVPF,soup_scene3,70,old
2127,4.913209676742554,0.308954556696435,CVPF,soup_scene3,70,old
2128,4.9155592918396,0.3089440899145187,CVPF,soup_scene3,70,old
2129,4.917667865753174,0.3089440899145187,CVPF,soup_scene3,70,old
2130,4.920129776000977,0.3086155773541996,CVPF,soup_scene3,70,old
2131,4.922484397888184,0.3086155773541996,CVPF,soup_scene3,70,old
2132,4.924680471420288,0.3086155773541996,CVPF,soup_scene3,70,old
2133,4.926894187927246,0.3086155773541996,CVPF,soup_scene3,70,old
2134,4.929311037063599,0.3085547023116095,CVPF,soup_scene3,70,old
2135,4.931829452514648,0.3085547023116095,CVPF,soup_scene3,70,old
2136,4.934704303741455,0.3161844695513396,CVPF,soup_scene3,70,old
2137,4.937068939208984,0.31607949556474463,CVPF,soup_scene3,70,old
2138,4.939338207244873,0.31607949556474463,CVPF,soup_scene3,70,old
2139,4.941486597061157,0.31607949556474463,CVPF,soup_scene3,70,old
2140,4.943857431411743,0.31587057137778424,CVPF,soup_scene3,70,old
2141,4.946235656738281,0.31587057137778424,CVPF,soup_scene3,70,old
2142,4.948473215103149,0.31587057137778424,CVPF,soup_scene3,70,old
2143,4.950553894042969,0.31587057137778424,CVPF,soup_scene3,70,old
2144,4.952984094619751,0.31597679211574486,CVPF,soup_scene3,70,old
2145,4.955369710922241,0.31589923358258293,CVPF,soup_scene3,70,old
2146,4.9574854373931885,0.31589923358258293,CVPF,soup_scene3,70,old
2147,4.959659814834595,0.31589923358258293,CVPF,soup_scene3,70,old
2148,4.962067604064941,0.31606699875062083,CVPF,soup_scene3,70,old
2149,4.964415073394775,0.31606699875062083,CVPF,soup_scene3,70,old
2150,4.966484308242798,0.31606699875062083,CVPF,soup_scene3,70,old
2151,4.968749523162842,0.31607712135236365,CVPF,soup_scene3,70,old
2152,4.97113037109375,0.3160538718693127,CVPF,soup_scene3,70,old
2153,4.973361492156982,0.3160538718693127,CVPF,soup_scene3,70,old
2154,4.975504398345947,0.3160538718693127,CVPF,soup_scene3,70,old
2155,4.977803707122803,0.3162538185509553,CVPF,soup_scene3,70,old
2156,4.980177640914917,0.3162538185509553,CVPF,soup_scene3,70,old
2157,4.982639312744141,0.3162538185509553,CVPF,soup_scene3,70,old
2158,4.984948396682739,0.3162538185509553,CVPF,soup_scene3,70,old
2159,4.987178087234497,0.31566388699455206,CVPF,soup_scene3,70,old
2160,4.9894022941589355,0.31566388699455206,CVPF,soup_scene3,70,old
2161,4.991482973098755,0.31566388699455206,CVPF,soup_scene3,70,old
2162,4.993806600570679,0.3161325472000229,CVPF,soup_scene3,70,old
2163,4.9960455894470215,0.3160095323080551,CVPF,soup_scene3,70,old
2164,4.998302936553955,0.3160095323080551,CVPF,soup_scene3,70,old
2165,5.000612258911133,0.3160095323080551,CVPF,soup_scene3,70,old
2166,5.003018856048584,0.3167422520860278,CVPF,soup_scene3,70,old
2167,5.005269765853882,0.3167422520860278,CVPF,soup_scene3,70,old
2168,5.007497787475586,0.3167422520860278,CVPF,soup_scene3,70,old
2169,5.00961446762085,0.3167422520860278,CVPF,soup_scene3,70,old
2170,5.012096405029297,0.31640280805149557,CVPF,soup_scene3,70,old
2171,5.014393091201782,0.31640280805149557,CVPF,soup_scene3,70,old
2172,5.016763210296631,0.31640280805149557,CVPF,soup_scene3,70,old
2173,5.019265174865723,0.31624516336671393,CVPF,soup_scene3,70,old
2174,5.021500110626221,0.31624516336671393,CVPF,soup_scene3,70,old
2175,5.023757219314575,0.31624516336671393,CVPF,soup_scene3,70,old
2176,5.025845289230347,0.31624516336671393,CVPF,soup_scene3,70,old
2177,5.028166770935059,0.3164030942126038,CVPF,soup_scene3,70,old
2178,5.030412435531616,0.3164030942126038,CVPF,soup_scene3,70,old
2179,5.032735109329224,0.3164030942126038,CVPF,soup_scene3,70,old
2180,5.034949064254761,0.3164150140098671,CVPF,soup_scene3,70,old
2181,5.0372209548950195,0.3164596940484489,CVPF,soup_scene3,70,old
2182,5.0394062995910645,0.3164596940484489,CVPF,soup_scene3,70,old
2183,5.04145073890686,0.3164596940484489,CVPF,soup_scene3,70,old
2184,5.043719530105591,0.31646494241702383,CVPF,soup_scene3,70,old
2185,5.045983552932739,0.3163762951552045,CVPF,soup_scene3,70,old
2186,5.048304080963135,0.3163762951552045,CVPF,soup_scene3,70,old
2187,5.050426721572876,0.3163762951552045,CVPF,soup_scene3,70,old
2188,5.05277943611145,0.31649374249335027,CVPF,soup_scene3,70,old
2189,5.0549421310424805,0.31649374249335027,CVPF,soup_scene3,70,old
2190,5.057135105133057,0.31649374249335027,CVPF,soup_scene3,70,old
2191,5.0593976974487305,0.31639701750063365,CVPF,soup_scene3,70,old
2192,5.061697006225586,0.3160618370226253,CVPF,soup_scene3,70,old
2193,5.064029693603516,0.3160618370226253,CVPF,soup_scene3,70,old
2194,5.066332101821899,0.3160618370226253,CVPF,soup_scene3,70,old
2195,5.069698333740234,0.3162633667370347,CVPF,soup_scene3,70,old
2196,5.073122501373291,0.3162633667370347,CVPF,soup_scene3,70,old
2197,5.076507091522217,0.3162633667370347,CVPF,soup_scene3,70,old
2198,5.079986095428467,0.316345393028279,CVPF,soup_scene3,70,old
2199,5.0833985805511475,0.316345393028279,CVPF,soup_scene3,70,old
2200,5.086256265640259,0.31627544989109835,CVPF,soup_scene3,70,old
2201,5.088507175445557,0.31627544989109835,CVPF,soup_scene3,70,old
2202,5.090789556503296,0.31627544989109835,CVPF,soup_scene3,70,old
2203,5.093274831771851,0.31626330898347416,CVPF,soup_scene3,70,old
2204,5.095659971237183,0.3162635004079124,CVPF,soup_scene3,70,old
2205,5.097977638244629,0.3162635004079124,CVPF,soup_scene3,70,old
2206,5.100729942321777,0.3162635004079124,CVPF,soup_scene3,70,old
2207,5.103099822998047,0.30930873639116135,CVPF,soup_scene3,70,old
2208,5.105353832244873,0.30921800580298653,CVPF,soup_scene3,70,old
2209,5.107584476470947,0.30921800580298653,CVPF,soup_scene3,70,old
2210,5.109800577163696,0.30916438542134667,CVPF,soup_scene3,70,old
2211,5.1120781898498535,0.30922823024649915,CVPF,soup_scene3,70,old
2212,5.114346504211426,0.30922823024649915,CVPF,soup_scene3,70,old
2213,5.116521596908569,0.30922823024649915,CVPF,soup_scene3,70,old
2214,5.1187968254089355,0.30922482668631707,CVPF,soup_scene3,70,old
2215,5.121082544326782,0.3092847198118088,CVPF,soup_scene3,70,old
2216,5.123408555984497,0.3092847198118088,CVPF,soup_scene3,70,old
2217,5.125612258911133,0.3092847198118088,CVPF,soup_scene3,70,old
2218,5.128031015396118,0.3092987827778182,CVPF,soup_scene3,70,old
2219,5.130212306976318,0.3092987827778182,CVPF,soup_scene3,70,old
2220,5.132424592971802,0.3092987827778182,CVPF,soup_scene3,70,old
2221,5.13478684425354,0.3092987827778182,CVPF,soup_scene3,70,old
2222,5.1370298862457275,0.3092976363468817,CVPF,soup_scene3,70,old
2223,5.1390979290008545,0.3092976363468817,CVPF,soup_scene3,70,old
2224,5.141141176223755,0.3092976363468817,CVPF,soup_scene3,70,old
2225,5.143355369567871,0.3092976363468817,CVPF,soup_scene3,70,old
2226,5.1456568241119385,0.3092976363468817,CVPF,soup_scene3,70,old
2227,5.147857427597046,0.30909962883378717,CVPF,soup_scene3,70,old
2228,5.149935722351074,0.30909962883378717,CVPF,soup_scene3,70,old
2229,5.152092456817627,0.30909962883378717,CVPF,soup_scene3,70,old
2230,5.154467344284058,0.30909962883378717,CVPF,soup_scene3,70,old
2231,5.156612873077393,0.30907523288007194,CVPF,soup_scene3,70,old
2232,5.158650636672974,0.30907523288007194,CVPF,soup_scene3,70,old
2233,5.1609108448028564,0.3092008436069498,CVPF,soup_scene3,70,old
2234,5.163305282592773,0.3092008436069498,CVPF,soup_scene3,70,old
2235,5.165420055389404,0.3092008436069498,CVPF,soup_scene3,70,old
2236,5.1675286293029785,0.3092008436069498,CVPF,soup_scene3,70,old
2237,5.1698384284973145,0.3092755045008429,CVPF,soup_scene3,70,old
2238,5.1719255447387695,0.3092755045008429,CVPF,soup_scene3,70,old
2239,5.174001932144165,0.3092755045008429,CVPF,soup_scene3,70,old
2240,5.176131963729858,0.3092755045008429,CVPF,soup_scene3,70,old
2241,5.178381681442261,0.3092755045008429,CVPF,soup_scene3,70,old
2242,5.180826187133789,0.3092725447829032,CVPF,soup_scene3,70,old
2243,5.183158874511719,0.3091969652053975,CVPF,soup_scene3,70,old
2244,5.185369491577148,0.3091969652053975,CVPF,soup_scene3,70,old
2245,5.187514543533325,0.3091969652053975,CVPF,soup_scene3,70,old
2246,5.189716577529907,0.3091178799406215,CVPF,soup_scene3,70,old
2247,5.191906213760376,0.3091178799406215,CVPF,soup_scene3,70,old
2248,5.194043874740601,0.3091178799406215,CVPF,soup_scene3,70,old
2249,5.196180820465088,0.3095001401247102,CVPF,soup_scene3,70,old
2250,5.198367357254028,0.3095001401247102,CVPF,soup_scene3,70,old
2251,5.200546979904175,0.3095001401247102,CVPF,soup_scene3,70,old
2252,5.202636003494263,0.3095001401247102,CVPF,soup_scene3,70,old
2253,5.204977750778198,0.3093377552461819,CVPF,soup_scene3,70,old
2254,5.207076787948608,0.3093377552461819,CVPF,soup_scene3,70,old
2255,5.209261894226074,0.3093377552461819,CVPF,soup_scene3,70,old
2256,5.2113871574401855,0.3093377552461819,CVPF,soup_scene3,70,old
2257,5.213886022567749,0.3091643188025871,CVPF,soup_scene3,70,old
2258,5.215933561325073,0.3091643188025871,CVPF,soup_scene3,70,old
2259,5.217996835708618,0.3091643188025871,CVPF,soup_scene3,70,old
2260,5.220032691955566,0.3091643188025871,CVPF,soup_scene3,70,old
2261,5.222086668014526,0.3091643188025871,CVPF,soup_scene3,70,old
2262,5.22417140007019,0.3091643188025871,CVPF,soup_scene3,70,old
2263,5.226212501525879,0.3091643188025871,CVPF,soup_scene3,70,old
2264,5.228459596633911,0.3090356081581512,CVPF,soup_scene3,70,old
2265,5.230499029159546,0.3090356081581512,CVPF,soup_scene3,70,old
2266,5.232567071914673,0.3090356081581512,CVPF,soup_scene3,70,old
2267,5.23475456237793,0.3090356081581512,CVPF,soup_scene3,70,old
2268,5.236920595169067,0.3090326005811309,CVPF,soup_scene3,70,old
2269,5.238998651504517,0.3090326005811309,CVPF,soup_scene3,70,old
2270,5.241477012634277,0.3090326005811309,CVPF,soup_scene3,70,old
2271,5.244106769561768,0.30898473913933094,CVPF,soup_scene3,70,old
2272,5.247081995010376,0.30898473913933094,CVPF,soup_scene3,70,old
2273,5.2501020431518555,0.3090812669638814,CVPF,soup_scene3,70,old
2274,5.253058671951294,0.2914341324369993,CVPF,soup_scene3,70,old
2275,5.256509780883789,0.2914341324369993,CVPF,soup_scene3,70,old
2276,5.2594335079193115,0.2914633386779141,CVPF,soup_scene3,70,old
2277,5.262288808822632,0.2912817531376735,CVPF,soup_scene3,70,old
2278,5.265296936035156,0.2912817531376735,CVPF,soup_scene3,70,old
2279,5.268280506134033,0.2912817531376735,CVPF,soup_scene3,70,old
2280,5.271056890487671,0.2912817531376735,CVPF,soup_scene3,70,old
2281,5.273810386657715,0.2909084124895741,CVPF,soup_scene3,70,old
2282,5.276177167892456,0.2909084124895741,CVPF,soup_scene3,70,old
2283,5.2785820960998535,0.2912893435558502,CVPF,soup_scene3,70,old
2284,5.280884027481079,0.2912893435558502,CVPF,soup_scene3,70,old
2285,5.283220291137695,0.2912945654751524,CVPF,soup_scene3,70,old
2286,5.2855870723724365,0.2914206540644995,CVPF,soup_scene3,70,old
2287,5.287850379943848,0.2914117157812882,CVPF,soup_scene3,70,old
2288,5.290294647216797,0.2913116531852572,CVPF,soup_scene3,70,old
2289,5.29261040687561,0.2913063733039133,CVPF,soup_scene3,70,old
2290,5.294956922531128,0.2916506093980735,CVPF,soup_scene3,70,old
2291,5.2973175048828125,0.29164716090234155,CVPF,soup_scene3,70,old
2292,5.299563884735107,0.2916521911304354,CVPF,soup_scene3,70,old
2293,5.301980495452881,0.29181972326160105,CVPF,soup_scene3,70,old
2294,5.304296970367432,0.29184773293961225,CVPF,soup_scene3,70,old
2295,5.306633234024048,0.29186474909008925,CVPF,soup_scene3,70,old
2296,5.308933973312378,0.29173058821539594,CVPF,soup_scene3,70,old
2297,5.311365842819214,0.2913795204383929,CVPF,soup_scene3,70,old
2298,5.313623905181885,0.2913795204383929,CVPF,soup_scene3,70,old
2299,5.315936803817749,0.2912006396195056,CVPF,soup_scene3,70,old
2300,5.3182501792907715,0.2912006396195056,CVPF,soup_scene3,70,old
2301,5.3205108642578125,0.29140122378016237,CVPF,soup_scene3,70,old
2302,5.322831630706787,0.29140122378016237,CVPF,soup_scene3,70,old
2303,5.325007677078247,0.29140122378016237,CVPF,soup_scene3,70,old
2304,5.327232122421265,0.2913475356567669,CVPF,soup_scene3,70,old
2305,5.329504489898682,0.2912195347409894,CVPF,soup_scene3,70,old
2306,5.33171820640564,0.2912195347409894,CVPF,soup_scene3,70,old
2307,5.333790063858032,0.2912195347409894,CVPF,soup_scene3,70,old
2308,5.336192607879639,0.29156837704488436,CVPF,soup_scene3,70,old
2309,5.338400363922119,0.29156837704488436,CVPF,soup_scene3,70,old
2310,5.3405537605285645,0.29156837704488436,CVPF,soup_scene3,70,old
2311,5.342670679092407,0.29156837704488436,CVPF,soup_scene3,70,old
2312,5.345018625259399,0.29163814318748443,CVPF,soup_scene3,70,old
2313,5.34730339050293,0.29163814318748443,CVPF,soup_scene3,70,old
2314,5.349424600601196,0.29163814318748443,CVPF,soup_scene3,70,old
2315,5.351635694503784,0.2916172131992239,CVPF,soup_scene3,70,old
2316,5.35401177406311,0.29154094623127585,CVPF,soup_scene3,70,old
2317,5.356318235397339,0.29154094623127585,CVPF,soup_scene3,70,old
2318,5.358456611633301,0.29154094623127585,CVPF,soup_scene3,70,old
2319,5.36068320274353,0.29154094623127585,CVPF,soup_scene3,70,old
2320,5.362989664077759,0.29159628235717244,CVPF,soup_scene3,70,old
2321,5.365212440490723,0.29159628235717244,CVPF,soup_scene3,70,old
2322,5.367504358291626,0.29159628235717244,CVPF,soup_scene3,70,old
2323,5.369802951812744,0.2910157996448976,CVPF,soup_scene3,70,old
2324,5.3720011711120605,0.2910157996448976,CVPF,soup_scene3,70,old
2325,5.374189376831055,0.2910157996448976,CVPF,soup_scene3,70,old
2326,5.376363515853882,0.2909921214376892,CVPF,soup_scene3,70,old
2327,5.378751516342163,0.2910847821956435,CVPF,soup_scene3,70,old
2328,5.381167888641357,0.2910847821956435,CVPF,soup_scene3,70,old
2329,5.383473873138428,0.2910847821956435,CVPF,soup_scene3,70,old
2330,5.386707544326782,0.29155080888191115,CVPF,soup_scene3,70,old
2331,5.388948202133179,0.29155080888191115,CVPF,soup_scene3,70,old
2332,5.3911292552948,0.29155080888191115,CVPF,soup_scene3,70,old
2333,5.393349647521973,0.29158924485770754,CVPF,soup_scene3,70,old
2334,5.395767688751221,0.2917209210804933,CVPF,soup_scene3,70,old
2335,5.3981053829193115,0.2917209210804933,CVPF,soup_scene3,70,old
2336,5.400204420089722,0.2917209210804933,CVPF,soup_scene3,70,old
2337,5.402402400970459,0.29172653643139534,CVPF,soup_scene3,70,old
2338,5.4045915603637695,0.2918364527576545,CVPF,soup_scene3,70,old
2339,5.406850337982178,0.2918364527576545,CVPF,soup_scene3,70,old
2340,5.40909743309021,0.2918364527576545,CVPF,soup_scene3,70,old
2341,5.411486625671387,0.29157835720015024,CVPF,soup_scene3,70,old
2342,5.413804292678833,0.29157835720015024,CVPF,soup_scene3,70,old
2343,5.416625022888184,0.2771182591812222,CVPF,soup_scene3,70,old
2344,5.418833494186401,0.2769445294570971,CVPF,soup_scene3,70,old
2345,5.421036958694458,0.2769445294570971,CVPF,soup_scene3,70,old
2346,5.423251152038574,0.2769445294570971,CVPF,soup_scene3,70,old
2347,5.425431489944458,0.2769445294570971,CVPF,soup_scene3,70,old
2348,5.427630186080933,0.2773042047894558,CVPF,soup_scene3,70,old
2349,5.429821014404297,0.2773042047894558,CVPF,soup_scene3,70,old
2350,5.432023048400879,0.2773042047894558,CVPF,soup_scene3,70,old
2351,5.43413519859314,0.2773042047894558,CVPF,soup_scene3,70,old
2352,5.436352968215942,0.27721524951376175,CVPF,soup_scene3,70,old
2353,5.438523530960083,0.27721524951376175,CVPF,soup_scene3,70,old
2354,5.440710783004761,0.27721524951376175,CVPF,soup_scene3,70,old
2355,5.442849636077881,0.2772535739267532,CVPF,soup_scene3,70,old
2356,5.445196151733398,0.2775009553209531,CVPF,soup_scene3,70,old
2357,5.447409152984619,0.2775009553209531,CVPF,soup_scene3,70,old
2358,5.449735641479492,0.2775009553209531,CVPF,soup_scene3,70,old
2359,5.451908349990845,0.2774591492395176,CVPF,soup_scene3,70,old
2360,5.45413875579834,0.27698881117163293,CVPF,soup_scene3,70,old
2361,5.456428527832031,0.27698881117163293,CVPF,soup_scene3,70,old
2362,5.458574056625366,0.27698881117163293,CVPF,soup_scene3,70,old
2363,5.460982084274292,0.27729249488838864,CVPF,soup_scene3,70,old
2364,5.463223934173584,0.27729249488838864,CVPF,soup_scene3,70,old
2365,5.465506076812744,0.27729249488838864,CVPF,soup_scene3,70,old
2366,5.4676854610443115,0.27729249488838864,CVPF,soup_scene3,70,old
2367,5.469987154006958,0.2771165770874254,CVPF,soup_scene3,70,old
2368,5.472245931625366,0.2771165770874254,CVPF,soup_scene3,70,old
2369,5.474355697631836,0.2771165770874254,CVPF,soup_scene3,70,old
2370,5.476611614227295,0.27664544421481807,CVPF,soup_scene3,70,old
2371,5.478829383850098,0.27668536314841347,CVPF,soup_scene3,70,old
2372,5.481197834014893,0.27668536314841347,CVPF,soup_scene3,70,old
2373,5.483255624771118,0.27668536314841347,CVPF,soup_scene3,70,old
2374,5.485487461090088,0.27718196665147765,CVPF,soup_scene3,70,old
2375,5.487736701965332,0.2771791361422978,CVPF,soup_scene3,70,old
2376,5.489939212799072,0.2771791361422978,CVPF,soup_scene3,70,old
2377,5.492116928100586,0.2771791361422978,CVPF,soup_scene3,70,old
2378,5.494410276412964,0.2767215480932835,CVPF,soup_scene3,70,old
2379,5.496675729751587,0.2763782894622023,CVPF,soup_scene3,70,old
2380,5.498863935470581,0.2763782894622023,CVPF,soup_scene3,70,old
2381,5.501023054122925,0.2768284552876997,CVPF,soup_scene3,70,old
2382,5.503262042999268,0.27696456919837337,CVPF,soup_scene3,70,old
2383,5.505582094192505,0.27696456919837337,CVPF,soup_scene3,70,old
2384,5.507706880569458,0.27696456919837337,CVPF,soup_scene3,70,old
2385,5.509897232055664,0.2769604913062458,CVPF,soup_scene3,70,old
2386,5.512153625488281,0.2769604913062458,CVPF,soup_scene3,70,old
2387,5.514595985412598,0.27707160452160423,CVPF,soup_scene3,70,old
2388,5.516680002212524,0.27707160452160423,CVPF,soup_scene3,70,old
2389,5.518909215927124,0.27649804833945013,CVPF,soup_scene3,70,old
2390,5.521131277084351,0.27649804833945013,CVPF,soup_scene3,70,old
2391,5.523393154144287,0.27649804833945013,CVPF,soup_scene3,70,old
2392,5.5255210399627686,0.27649804833945013,CVPF,soup_scene3,70,old
2393,5.5279130935668945,0.27698377059219337,CVPF,soup_scene3,70,old
2394,5.530199766159058,0.2769629027304306,CVPF,soup_scene3,70,old
2395,5.532404184341431,0.2769629027304306,CVPF,soup_scene3,70,old
2396,5.534526109695435,0.2769629027304306,CVPF,soup_scene3,70,old
2397,5.5368123054504395,0.27707933880611674,CVPF,soup_scene3,70,old
2398,5.53903865814209,0.27707933880611674,CVPF,soup_scene3,70,old
2399,5.541124582290649,0.27707933880611674,CVPF,soup_scene3,70,old
2400,5.543179750442505,0.27707933880611674,CVPF,soup_scene3,70,old
2401,5.5454161167144775,0.27706306214324666,CVPF,soup_scene3,70,old
2402,5.547762870788574,0.2769508211969754,CVPF,soup_scene3,70,old
2403,5.549842119216919,0.2769508211969754,CVPF,soup_scene3,70,old
2404,5.552027225494385,0.2769508211969754,CVPF,soup_scene3,70,old
2405,5.554405927658081,0.27694765930836973,CVPF,soup_scene3,70,old
2406,5.556797027587891,0.2772310373310576,CVPF,soup_scene3,70,old
2407,5.559125185012817,0.2772310373310576,CVPF,soup_scene3,70,old
2408,5.56159520149231,0.2772310373310576,CVPF,soup_scene3,70,old
2409,5.563777208328247,0.2772310373310576,CVPF,soup_scene3,70,old
2410,5.566026926040649,0.2772308439181595,CVPF,soup_scene3,70,old
2411,5.568179368972778,0.2772308439181595,CVPF,soup_scene3,70,old
2412,5.570590972900391,0.2772308439181595,CVPF,soup_scene3,70,old
2413,5.572949409484863,0.27720890439909707,CVPF,soup_scene3,70,old
2414,5.5752668380737305,0.27720890439909707,CVPF,soup_scene3,70,old
2415,5.577635288238525,0.2773347583994685,CVPF,soup_scene3,70,old
2416,5.580996751785278,0.2773347583994685,CVPF,soup_scene3,70,old
2417,5.583922863006592,0.2715414186831576,CVPF,soup_scene3,70,old
2418,5.58681321144104,0.2715902921568747,CVPF,soup_scene3,70,old
2419,5.58982515335083,0.2716768247155152,CVPF,soup_scene3,70,old
2420,5.592724561691284,0.2716768247155152,CVPF,soup_scene3,70,old
2421,5.595673322677612,0.2716768247155152,CVPF,soup_scene3,70,old
2422,5.598732948303223,0.27163327211713917,CVPF,soup_scene3,70,old
2423,5.601610898971558,0.27163327211713917,CVPF,soup_scene3,70,old
2424,5.604503870010376,0.27163327211713917,CVPF,soup_scene3,70,old
2425,5.6075828075408936,0.27155597752197114,CVPF,soup_scene3,70,old
2426,5.610435485839844,0.27155597752197114,CVPF,soup_scene3,70,old
2427,5.613581657409668,0.27143864660268474,CVPF,soup_scene3,70,old
2428,5.616491794586182,0.27143864660268474,CVPF,soup_scene3,70,old
2429,5.619380474090576,0.27143864660268474,CVPF,soup_scene3,70,old
2430,5.622241258621216,0.27143864660268474,CVPF,soup_scene3,70,old
2431,5.625189304351807,0.2714242999223758,CVPF,soup_scene3,70,old
2432,5.6280858516693115,0.2711556086683665,CVPF,soup_scene3,70,old
2433,5.630987167358398,0.2711556086683665,CVPF,soup_scene3,70,old
2434,5.634017705917358,0.27090279054400834,CVPF,soup_scene3,70,old
2435,5.636494159698486,0.27090279054400834,CVPF,soup_scene3,70,old
2436,5.638671636581421,0.27090279054400834,CVPF,soup_scene3,70,old
2437,5.640843629837036,0.2708450171530792,CVPF,soup_scene3,70,old
2438,5.643026113510132,0.2708450171530792,CVPF,soup_scene3,70,old
2439,5.64525842666626,0.2715572343651453,CVPF,soup_scene3,70,old
2440,5.647603988647461,0.2715572343651453,CVPF,soup_scene3,70,old
2441,5.649774789810181,0.27192333481853054,CVPF,soup_scene3,70,old
2442,5.651918172836304,0.27192333481853054,CVPF,soup_scene3,70,old
2443,5.654168605804443,0.27160053914261656,CVPF,soup_scene3,70,old
2444,5.656368255615234,0.27160053914261656,CVPF,soup_scene3,70,old
2445,5.658710241317749,0.27079264603670444,CVPF,soup_scene3,70,old
2446,5.660836935043335,0.27079264603670444,CVPF,soup_scene3,70,old
2447,5.6629979610443115,0.2703775266500429,CVPF,soup_scene3,70,old
2448,5.665306806564331,0.2703775266500429,CVPF,soup_scene3,70,old
2449,5.667518854141235,0.2703775266500429,CVPF,soup_scene3,70,old
2450,5.669629335403442,0.2708461589966537,CVPF,soup_scene3,70,old
2451,5.671781301498413,0.2708461589966537,CVPF,soup_scene3,70,old
2452,5.673856496810913,0.2708461589966537,CVPF,soup_scene3,70,old
2453,5.676153659820557,0.2709955564351285,CVPF,soup_scene3,70,old
2454,5.678478002548218,0.271008719694473,CVPF,soup_scene3,70,old
2455,5.681114912033081,0.27127040065967184,CVPF,soup_scene3,70,old
2456,5.683384656906128,0.27123518196031726,CVPF,soup_scene3,70,old
2457,5.685687780380249,0.2711480800087531,CVPF,soup_scene3,70,old
2458,5.6882500648498535,0.2713152721021655,CVPF,soup_scene3,70,old
2459,5.690615892410278,0.2713152721021655,CVPF,soup_scene3,70,old
2460,5.692845344543457,0.27129815815398634,CVPF,soup_scene3,70,old
2461,5.6951820850372314,0.27133388111976,CVPF,soup_scene3,70,old
2462,5.697575569152832,0.2714381149028036,CVPF,soup_scene3,70,old
2463,5.6999351978302,0.2714381149028036,CVPF,soup_scene3,70,old
2464,5.702434539794922,0.27104699155599793,CVPF,soup_scene3,70,old
2465,5.704781532287598,0.27104699155599793,CVPF,soup_scene3,70,old
2466,5.707189321517944,0.271122029353806,CVPF,soup_scene3,70,old
2467,5.709685564041138,0.27115720356855333,CVPF,soup_scene3,70,old
2468,5.7121686935424805,0.27115720356855333,CVPF,soup_scene3,70,old
2469,5.714620351791382,0.2714899001828945,CVPF,soup_scene3,70,old
2470,5.717980861663818,0.2714899001828945,CVPF,soup_scene3,70,old
2471,5.721449375152588,0.2713136960337952,CVPF,soup_scene3,70,old
2472,5.724710941314697,0.2713136960337952,CVPF,soup_scene3,70,old
2473,5.727275133132935,0.2713136960337952,CVPF,soup_scene3,70,old
2474,5.729867696762085,0.2713424840021971,CVPF,soup_scene3,70,old
2475,5.732510328292847,0.2713802849854835,CVPF,soup_scene3,70,old
2476,5.734986305236816,0.2713802849854835,CVPF,soup_scene3,70,old
2477,5.7376275062561035,0.27114208565440734,CVPF,soup_scene3,70,old
2478,5.740595102310181,0.286476757077324,CVPF,soup_scene3,70,old
2479,5.742659330368042,0.286476757077324,CVPF,soup_scene3,70,old
2480,5.745092868804932,0.2866193941530636,CVPF,soup_scene3,70,old
2481,5.747809410095215,0.2866193941530636,CVPF,soup_scene3,70,old
2482,5.749868631362915,0.2866193941530636,CVPF,soup_scene3,70,old
2483,5.7522196769714355,0.28664289264350074,CVPF,soup_scene3,70,old
2484,5.7545976638793945,0.2865777611826085,CVPF,soup_scene3,70,old
2485,5.756906509399414,0.2865777611826085,CVPF,soup_scene3,70,old
2486,5.758972883224487,0.2865777611826085,CVPF,soup_scene3,70,old
2487,5.761318922042847,0.2863922969343872,CVPF,soup_scene3,70,old
2488,5.763702630996704,0.2863922969343872,CVPF,soup_scene3,70,old
2489,5.765964031219482,0.2863922969343872,CVPF,soup_scene3,70,old
2490,5.7682061195373535,0.2865354366247914,CVPF,soup_scene3,70,old
2491,5.770651340484619,0.28651613096226475,CVPF,soup_scene3,70,old
2492,5.772954702377319,0.28651613096226475,CVPF,soup_scene3,70,old
2493,5.775055885314941,0.28651613096226475,CVPF,soup_scene3,70,old
2494,5.77756929397583,0.2865283772685396,CVPF,soup_scene3,70,old
2495,5.780032157897949,0.2865283772685396,CVPF,soup_scene3,70,old
2496,5.782221078872681,0.2865283772685396,CVPF,soup_scene3,70,old
2497,5.78429651260376,0.2865283772685396,CVPF,soup_scene3,70,old
2498,5.786732196807861,0.2861553309774693,CVPF,soup_scene3,70,old
2499,5.789120435714722,0.2861553309774693,CVPF,soup_scene3,70,old
2500,5.791440725326538,0.2861553309774693,CVPF,soup_scene3,70,old
2501,5.793761968612671,0.2861553309774693,CVPF,soup_scene3,70,old
2502,5.796257019042969,0.2862925899608428,CVPF,soup_scene3,70,old
2503,5.798621892929077,0.2862925899608428,CVPF,soup_scene3,70,old
2504,5.800915718078613,0.2862925899608428,CVPF,soup_scene3,70,old
2505,5.803325653076172,0.28643616684066886,CVPF,soup_scene3,70,old
2506,5.805543661117554,0.28643616684066886,CVPF,soup_scene3,70,old
2507,5.807683944702148,0.28643616684066886,CVPF,soup_scene3,70,old
2508,5.809879779815674,0.2864210396042997,CVPF,soup_scene3,70,old
2509,5.812157392501831,0.28627784179656596,CVPF,soup_scene3,70,old
2510,5.814293146133423,0.28627784179656596,CVPF,soup_scene3,70,old
2511,5.816441297531128,0.28627784179656596,CVPF,soup_scene3,70,old
2512,5.818613767623901,0.2866112300131848,CVPF,soup_scene3,70,old
2513,5.820874214172363,0.2868312441085809,CVPF,soup_scene3,70,old
2514,5.823095798492432,0.2868312441085809,CVPF,soup_scene3,70,old
2515,5.82513165473938,0.2868312441085809,CVPF,soup_scene3,70,old
2516,5.827501058578491,0.2869432520400977,CVPF,soup_scene3,70,old
2517,5.829755544662476,0.2869165471743131,CVPF,soup_scene3,70,old
2518,5.832003831863403,0.2869165471743131,CVPF,soup_scene3,70,old
2519,5.834160804748535,0.2869165471743131,CVPF,soup_scene3,70,old
2520,5.836511611938477,0.2866301274505647,CVPF,soup_scene3,70,old
2521,5.838719844818115,0.2866301274505647,CVPF,soup_scene3,70,old
2522,5.8408043384552,0.2866301274505647,CVPF,soup_scene3,70,old
2523,5.8429858684539795,0.28656077865588336,CVPF,soup_scene3,70,old
2524,5.845144987106323,0.28637978916521983,CVPF,soup_scene3,70,old
2525,5.847429513931274,0.28637978916521983,CVPF,soup_scene3,70,old
2526,5.849563360214233,0.28637978916521983,CVPF,soup_scene3,70,old
2527,5.851756572723389,0.2864279997128026,CVPF,soup_scene3,70,old
2528,5.853974342346191,0.2860022727318367,CVPF,soup_scene3,70,old
2529,5.856139421463013,0.2860022727318367,CVPF,soup_scene3,70,old
2530,5.858251094818115,0.2860022727318367,CVPF,soup_scene3,70,old
2531,5.860516309738159,0.2859687281500414,CVPF,soup_scene3,70,old
2532,5.863009691238403,0.2861536902180032,CVPF,soup_scene3,70,old
2533,5.8652427196502686,0.2861536902180032,CVPF,soup_scene3,70,old
2534,5.867486476898193,0.2861536902180032,CVPF,soup_scene3,70,old
2535,5.869874000549316,0.2868095780575503,CVPF,soup_scene3,70,old
2536,5.872127056121826,0.2868095780575503,CVPF,soup_scene3,70,old
2537,5.874309778213501,0.2868095780575503,CVPF,soup_scene3,70,old
2538,5.876553535461426,0.2868201896656737,CVPF,soup_scene3,70,old
2539,5.879118919372559,0.286857951496785,CVPF,soup_scene3,70,old
2540,5.881645441055298,0.286857951496785,CVPF,soup_scene3,70,old
2541,5.883788347244263,0.286857951496785,CVPF,soup_scene3,70,old
2542,5.886078834533691,0.28668623360091766,CVPF,soup_scene3,70,old
2543,5.888463497161865,0.2867191106942738,CVPF,soup_scene3,70,old
2544,5.890717029571533,0.2867191106942738,CVPF,soup_scene3,70,old
2545,5.8929283618927,0.2867191106942738,CVPF,soup_scene3,70,old
2546,5.895284414291382,0.2860821424779441,CVPF,soup_scene3,70,old
2547,5.897576332092285,0.2860821424779441,CVPF,soup_scene3,70,old
2548,5.900335073471069,0.3181169316047843,CVPF,soup_scene3,70,old
2549,5.902621507644653,0.3186403247215933,CVPF,soup_scene3,70,old
2550,5.904846668243408,0.3186403247215933,CVPF,soup_scene3,70,old
2551,5.907043695449829,0.3186403247215933,CVPF,soup_scene3,70,old
2552,5.909229516983032,0.3186403247215933,CVPF,soup_scene3,70,old
2553,5.911453723907471,0.3188439746039214,CVPF,soup_scene3,70,old
2554,5.913783311843872,0.3188439746039214,CVPF,soup_scene3,70,old
2555,5.916053533554077,0.3188439746039214,CVPF,soup_scene3,70,old
2556,5.918284893035889,0.3188816034512272,CVPF,soup_scene3,70,old
2557,5.920522928237915,0.3188816034512272,CVPF,soup_scene3,70,old
2558,5.9228434562683105,0.3188378742899164,CVPF,soup_scene3,70,old
2559,5.9249725341796875,0.3188378742899164,CVPF,soup_scene3,70,old
2560,5.927277088165283,0.3188118863280067,CVPF,soup_scene3,70,old
2561,5.929570198059082,0.3188118863280067,CVPF,soup_scene3,70,old
2562,5.931821346282959,0.3188368353733504,CVPF,soup_scene3,70,old
2563,5.933878183364868,0.3188368353733504,CVPF,soup_scene3,70,old
2564,5.936213731765747,0.31876754909782884,CVPF,soup_scene3,70,old
2565,5.9385435581207275,0.3188501125553969,CVPF,soup_scene3,70,old
2566,5.940618276596069,0.3188501125553969,CVPF,soup_scene3,70,old
2567,5.942747592926025,0.3188501125553969,CVPF,soup_scene3,70,old
2568,5.945048570632935,0.31887276134125697,CVPF,soup_scene3,70,old
2569,5.9473044872283936,0.31887276134125697,CVPF,soup_scene3,70,old
2570,5.949581146240234,0.31887276134125697,CVPF,soup_scene3,70,old
2571,5.951825141906738,0.31887276134125697,CVPF,soup_scene3,70,old
2572,5.954102516174316,0.3188651993597165,CVPF,soup_scene3,70,old
2573,5.956326484680176,0.3188651993597165,CVPF,soup_scene3,70,old
2574,5.958452224731445,0.3188651993597165,CVPF,soup_scene3,70,old
2575,5.9607648849487305,0.3188277342028588,CVPF,soup_scene3,70,old
2576,5.962933540344238,0.3188277342028588,CVPF,soup_scene3,70,old
2577,5.965144872665405,0.3188277342028588,CVPF,soup_scene3,70,old
2578,5.96729588508606,0.3188277342028588,CVPF,soup_scene3,70,old
2579,5.969624996185303,0.31825032500007744,CVPF,soup_scene3,70,old
2580,5.972050189971924,0.31825032500007744,CVPF,soup_scene3,70,old
2581,5.974289655685425,0.31825032500007744,CVPF,soup_scene3,70,old
2582,5.976610422134399,0.3187327827004212,CVPF,soup_scene3,70,old
2583,5.979247331619263,0.31855395157161737,CVPF,soup_scene3,70,old
2584,5.981599569320679,0.31855395157161737,CVPF,soup_scene3,70,old
2585,5.983757495880127,0.31855395157161737,CVPF,soup_scene3,70,old
2586,5.986177444458008,0.3186108142292524,CVPF,soup_scene3,70,old
2587,5.988630533218384,0.3186108142292524,CVPF,soup_scene3,70,old
2588,5.990766763687134,0.3186108142292524,CVPF,soup_scene3,70,old
2589,5.9930126667022705,0.31863620601936293,CVPF,soup_scene3,70,old
2590,5.9953930377960205,0.3187775451689284,CVPF,soup_scene3,70,old
2591,5.997703790664673,0.3187775451689284,CVPF,soup_scene3,70,old
2592,5.999958038330078,0.3187775451689284,CVPF,soup_scene3,70,old
2593,6.002297639846802,0.31862499095930374,CVPF,soup_scene3,70,old
2594,6.004864692687988,0.3184973051565757,CVPF,soup_scene3,70,old
2595,6.007143020629883,0.3184973051565757,CVPF,soup_scene3,70,old
2596,6.009337663650513,0.3184973051565757,CVPF,soup_scene3,70,old
2597,6.011744022369385,0.3187250895599117,CVPF,soup_scene3,70,old
2598,6.014047384262085,0.3187250895599117,CVPF,soup_scene3,70,old
2599,6.016262769699097,0.3187250895599117,CVPF,soup_scene3,70,old
2600,6.018561363220215,0.3187020146204845,CVPF,soup_scene3,70,old
2601,6.0209996700286865,0.3183946139614902,CVPF,soup_scene3,70,old
2602,6.02354097366333,0.3183946139614902,CVPF,soup_scene3,70,old
2603,6.025767803192139,0.3183946139614902,CVPF,soup_scene3,70,old
2604,6.028155326843262,0.3181540466220236,CVPF,soup_scene3,70,old
2605,6.030427932739258,0.3181540466220236,CVPF,soup_scene3,70,old
2606,6.032625436782837,0.3181540466220236,CVPF,soup_scene3,70,old
2607,6.0348801612854,0.3181563142970569,CVPF,soup_scene3,70,old
2608,6.037346839904785,0.3183484259949094,CVPF,soup_scene3,70,old
2609,6.039663553237915,0.3183484259949094,CVPF,soup_scene3,70,old
2610,6.041799545288086,0.3183484259949094,CVPF,soup_scene3,70,old
2611,6.044203758239746,0.31992920920517975,CVPF,soup_scene3,70,old
2612,6.046568393707275,0.31992920920517975,CVPF,soup_scene3,70,old
2613,6.048818111419678,0.31992920920517975,CVPF,soup_scene3,70,old
2614,6.050954103469849,0.31992920920517975,CVPF,soup_scene3,70,old
2615,6.0532684326171875,0.32016065489159506,CVPF,soup_scene3,70,old
2616,6.055558204650879,0.31954074731838433,CVPF,soup_scene3,70,old
2617,6.057890176773071,0.31954074731838433,CVPF,soup_scene3,70,old
2618,6.060305833816528,0.3195343211091989,CVPF,soup_scene3,70,old
2619,6.062717437744141,0.3178374988313329,CVPF,soup_scene3,70,old
2620,6.065042972564697,0.3178374988313329,CVPF,soup_scene3,70,old
2621,6.067361354827881,0.3178374988313329,CVPF,soup_scene3,70,old
2622,6.070669889450073,0.341534861630767,CVPF,soup_scene3,70,old
2623,6.074255704879761,0.34124171955021004,CVPF,soup_scene3,70,old
2624,6.07720947265625,0.34120001930332466,CVPF,soup_scene3,70,old
2625,6.080331802368164,0.34026758356477865,CVPF,soup_scene3,70,old
2626,6.08327054977417,0.34026758356477865,CVPF,soup_scene3,70,old
2627,6.0862438678741455,0.33855416293738255,CVPF,soup_scene3,70,old
2628,6.089263677597046,0.33855416293738255,CVPF,soup_scene3,70,old
2629,6.09225869178772,0.33855416293738255,CVPF,soup_scene3,70,old
2630,6.095390319824219,0.33742344722123213,CVPF,soup_scene3,70,old
2631,6.098341226577759,0.33742344722123213,CVPF,soup_scene3,70,old
2632,6.101387977600098,0.33742344722123213,CVPF,soup_scene3,70,old
2633,6.104557275772095,0.3372038570454422,CVPF,soup_scene3,70,old
2634,6.10754919052124,0.3372038570454422,CVPF,soup_scene3,70,old
2635,6.110536813735962,0.3369069959484751,CVPF,soup_scene3,70,old
2636,6.113745927810669,0.33719661893125796,CVPF,soup_scene3,70,old
2637,6.116595268249512,0.33719661893125796,CVPF,soup_scene3,70,old
2638,6.119702100753784,0.3363773892309525,CVPF,soup_scene3,70,old
2639,6.1226513385772705,0.3363773892309525,CVPF,soup_scene3,70,old
2640,6.125881671905518,0.3363173041245065,CVPF,soup_scene3,70,old
2641,6.1289262771606445,0.33514392115868213,CVPF,soup_scene3,70,old
2642,6.131895065307617,0.33514392115868213,CVPF,soup_scene3,70,old
2643,6.1348137855529785,0.33483114225971966,CVPF,soup_scene3,70,old
2644,6.137937068939209,0.3326523707076262,CVPF,soup_scene3,70,old
2645,6.140458822250366,0.3326523707076262,CVPF,soup_scene3,70,old
2646,6.142606973648071,0.33263820656117543,CVPF,soup_scene3,70,old
2647,6.1450769901275635,0.33033183097282764,CVPF,soup_scene3,70,old
2648,6.1475207805633545,0.33033183097282764,CVPF,soup_scene3,70,old
2649,6.149764537811279,0.33033183097282764,CVPF,soup_scene3,70,old
2650,6.152036190032959,0.33033183097282764,CVPF,soup_scene3,70,old
2651,6.154435396194458,0.32871856957096496,CVPF,soup_scene3,70,old
2652,6.156714200973511,0.32871856957096496,CVPF,soup_scene3,70,old
2653,6.1589014530181885,0.32871856957096496,CVPF,soup_scene3,70,old
2654,6.1612327098846436,0.32633595373628055,CVPF,soup_scene3,70,old
2655,6.163490056991577,0.32633595373628055,CVPF,soup_scene3,70,old
2656,6.165625333786011,0.32633595373628055,CVPF,soup_scene3,70,old
2657,6.167871952056885,0.32682227382628,CVPF,soup_scene3,70,old
2658,6.170152425765991,0.3258102321580113,CVPF,soup_scene3,70,old
2659,6.17242431640625,0.3258102321580113,CVPF,soup_scene3,70,old
2660,6.174617052078247,0.3258102321580113,CVPF,soup_scene3,70,old
2661,6.1768786907196045,0.3258150191069716,CVPF,soup_scene3,70,old
2662,6.179530620574951,0.3251356144654263,CVPF,soup_scene3,70,old
2663,6.181883811950684,0.3251356144654263,CVPF,soup_scene3,70,old
2664,6.184080123901367,0.3251356144654263,CVPF,soup_scene3,70,old
2665,6.186388254165649,0.3238372581261408,CVPF,soup_scene3,70,old
2666,6.188843727111816,0.3238372581261408,CVPF,soup_scene3,70,old
2667,6.191261529922485,0.3238372581261408,CVPF,soup_scene3,70,old
2668,6.193757772445679,0.3238372581261408,CVPF,soup_scene3,70,old
2669,6.196074485778809,0.3205197916074503,CVPF,soup_scene3,70,old
2670,6.198425531387329,0.3205197916074503,CVPF,soup_scene3,70,old
2671,6.200843811035156,0.3205197916074503,CVPF,soup_scene3,70,old
2672,6.203371047973633,0.3186341383742848,CVPF,soup_scene3,70,old
2673,6.205857515335083,0.3186341383742848,CVPF,soup_scene3,70,old
2674,6.207998991012573,0.3186341383742848,CVPF,soup_scene3,70,old
2675,6.2102789878845215,0.31862685400011587,CVPF,soup_scene3,70,old
2676,6.212721109390259,0.31613935709365765,CVPF,soup_scene3,70,old
2677,6.215289354324341,0.31613935709365765,CVPF,soup_scene3,70,old
2678,6.217560291290283,0.31616128302824686,CVPF,soup_scene3,70,old
2679,6.220660448074341,0.3175787776029656,CVPF,soup_scene3,70,old
2680,6.223012924194336,0.3175787776029656,CVPF,soup_scene3,70,old
2681,6.225136041641235,0.3175787776029656,CVPF,soup_scene3,70,old
2682,6.227493762969971,0.317527540820344,CVPF,soup_scene3,70,old
2683,6.229957103729248,0.3166338313701173,CVPF,soup_scene3,70,old
2684,6.232395648956299,0.3166338313701173,CVPF,soup_scene3,70,old
2685,6.234583139419556,0.3166338313701173,CVPF,soup_scene3,70,old
2686,6.237163543701172,0.31517924879861414,CVPF,soup_scene3,70,old
2687,6.239637613296509,0.31517924879861414,CVPF,soup_scene3,70,old
2688,6.241947889328003,0.31517924879861414,CVPF,soup_scene3,70,old
2689,6.244289875030518,0.31372752463798687,CVPF,soup_scene3,70,old
2690,6.246808290481567,0.31372752463798687,CVPF,soup_scene3,70,old
2691,6.249021291732788,0.31372752463798687,CVPF,soup_scene3,70,old
2692,6.251208305358887,0.31372585629108557,CVPF,soup_scene3,70,old
2693,6.253738880157471,0.31215062109371006,CVPF,soup_scene3,70,old
2694,6.256298780441284,0.31215062109371006,CVPF,soup_scene3,70,old
2695,6.2584922313690186,0.31215062109371006,CVPF,soup_scene3,70,old
2696,6.2608137130737305,0.31212953843779806,CVPF,soup_scene3,70,old
2697,6.263275384902954,0.3104208961823207,CVPF,soup_scene3,70,old
2698,6.265357255935669,0.3104208961823207,CVPF,soup_scene3,70,old
2699,6.267458438873291,0.3104208961823207,CVPF,soup_scene3,70,old
2700,6.269831895828247,0.31043856333143005,CVPF,soup_scene3,70,old
2701,6.272278547286987,0.3080662126566123,CVPF,soup_scene3,70,old
2702,6.274453401565552,0.3080662126566123,CVPF,soup_scene3,70,old
2703,6.276641607284546,0.30759124254225956,CVPF,soup_scene3,70,old
2704,6.279102325439453,0.3053739796671115,CVPF,soup_scene3,70,old
2705,6.281370639801025,0.3053739796671115,CVPF,soup_scene3,70,old
2706,6.283469915390015,0.3053739796671115,CVPF,soup_scene3,70,old
2707,6.285887241363525,0.30486404461966965,CVPF,soup_scene3,70,old
2708,6.288220643997192,0.30486404461966965,CVPF,soup_scene3,70,old
2709,6.290458917617798,0.30486404461966965,CVPF,soup_scene3,70,old
2710,6.29259181022644,0.30487973064371765,CVPF,soup_scene3,70,old
2711,6.295027017593384,0.30359263638001777,CVPF,soup_scene3,70,old
2712,6.297361373901367,0.30359263638001777,CVPF,soup_scene3,70,old
2713,6.2994818687438965,0.30359263638001777,CVPF,soup_scene3,70,old
2714,6.30174994468689,0.3016707331744661,CVPF,soup_scene3,70,old
2715,6.3041369915008545,0.3016707331744661,CVPF,soup_scene3,70,old
2716,6.3062217235565186,0.3016707331744661,CVPF,soup_scene3,70,old
2717,6.308415412902832,0.3016707331744661,CVPF,soup_scene3,70,old
2718,6.310789108276367,0.3016727446373625,CVPF,soup_scene3,70,old
2719,6.3131701946258545,0.3003509031224115,CVPF,soup_scene3,70,old
2720,6.315460443496704,0.3003509031224115,CVPF,soup_scene3,70,old
2721,6.317538738250732,0.3003509031224115,CVPF,soup_scene3,70,old
2722,6.320017576217651,0.30039735958169067,CVPF,soup_scene3,70,old
2723,6.322391510009766,0.2988469030174084,CVPF,soup_scene3,70,old
2724,6.324463129043579,0.2988469030174084,CVPF,soup_scene3,70,old
2725,6.326687335968018,0.29885393234167384,CVPF,soup_scene3,70,old
2726,6.329154968261719,0.29655287077715825,CVPF,soup_scene3,70,old
2727,6.331391096115112,0.29655287077715825,CVPF,soup_scene3,70,old
2728,6.333483934402466,0.29655287077715825,CVPF,soup_scene3,70,old
2729,6.335798501968384,0.2921569262086411,CVPF,soup_scene3,70,old
2730,6.33815860748291,0.2921569262086411,CVPF,soup_scene3,70,old
2731,6.340302467346191,0.2921569262086411,CVPF,soup_scene3,70,old
2732,6.342610120773315,0.2921569262086411,CVPF,soup_scene3,70,old
2733,6.345193862915039,0.2921569262086411,CVPF,soup_scene3,70,old
2734,6.347655534744263,0.2889759232196973,CVPF,soup_scene3,70,old
2735,6.35003137588501,0.2889759232196973,CVPF,soup_scene3,70,old
2736,6.352425813674927,0.2889759232196973,CVPF,soup_scene3,70,old
2737,6.354581594467163,0.2889759232196973,CVPF,soup_scene3,70,old
2738,6.356874465942383,0.2890133476474187,CVPF,soup_scene3,70,old
2739,6.359200477600098,0.28512545522048405,CVPF,soup_scene3,70,old
2740,6.362230539321899,0.28512545522048405,CVPF,soup_scene3,70,old
2741,6.364839792251587,0.28512545522048405,CVPF,soup_scene3,70,old
2742,6.367317199707031,0.2842389008584537,CVPF,soup_scene3,70,old
2743,6.369497060775757,0.2842389008584537,CVPF,soup_scene3,70,old
2744,6.371739149093628,0.2842389008584537,CVPF,soup_scene3,70,old
2745,6.374125003814697,0.2842389008584537,CVPF,soup_scene3,70,old
2746,6.376514434814453,0.2842389008584537,CVPF,soup_scene3,70,old
2747,6.37949538230896,0.2842389008584537,CVPF,soup_scene3,70,old
2748,6.38208270072937,0.2761432028123368,CVPF,soup_scene3,70,old
2749,6.38417911529541,0.2761432028123368,CVPF,soup_scene3,70,old
2750,6.386224269866943,0.2761432028123368,CVPF,soup_scene3,70,old
2751,6.388542652130127,0.276144839260951,CVPF,soup_scene3,70,old
2752,6.3907082080841064,0.27462767996628473,CVPF,soup_scene3,70,old
2753,6.392778396606445,0.27462767996628473,CVPF,soup_scene3,70,old
2754,6.394848346710205,0.27462767996628473,CVPF,soup_scene3,70,old
2755,6.396913051605225,0.27462767996628473,CVPF,soup_scene3,70,old
2756,6.399049282073975,0.27462767996628473,CVPF,soup_scene3,70,old
2757,6.401427268981934,0.27207692210358636,CVPF,soup_scene3,70,old
2758,6.403892517089844,0.27207692210358636,CVPF,soup_scene3,70,old
2759,6.405954122543335,0.27207692210358636,CVPF,soup_scene3,70,old
2760,6.408259153366089,0.27207692210358636,CVPF,soup_scene3,70,old
2761,6.410619258880615,0.27207692210358636,CVPF,soup_scene3,70,old
2762,6.41312837600708,0.2702157348994127,CVPF,soup_scene3,70,old
2763,6.415307998657227,0.2702157348994127,CVPF,soup_scene3,70,old
2764,6.41767144203186,0.2702157348994127,CVPF,soup_scene3,70,old
2765,6.419989347457886,0.27019752247908235,CVPF,soup_scene3,70,old
2766,6.4220311641693115,0.27019752247908235,CVPF,soup_scene3,70,old
2767,6.424288749694824,0.27019752247908235,CVPF,soup_scene3,70,old
2768,6.426712989807129,0.2681920525962812,CVPF,soup_scene3,70,old
2769,6.429005861282349,0.2681920525962812,CVPF,soup_scene3,70,old
2770,6.431179761886597,0.2681920525962812,CVPF,soup_scene3,70,old
2771,6.433358669281006,0.26769039893714147,CVPF,soup_scene3,70,old
2772,6.435681343078613,0.26620869893869725,CVPF,soup_scene3,70,old
2773,6.43776535987854,0.26620869893869725,CVPF,soup_scene3,70,old
2774,6.4400458335876465,0.26620869893869725,CVPF,soup_scene3,70,old
2775,6.442204475402832,0.2667228715187528,CVPF,soup_scene3,70,old
2776,6.444336891174316,0.2667228715187528,CVPF,soup_scene3,70,old
2777,6.446540832519531,0.2667228715187528,CVPF,soup_scene3,70,old
2778,6.448779344558716,0.2636614019456104,CVPF,soup_scene3,70,old
2779,6.450970888137817,0.2636614019456104,CVPF,soup_scene3,70,old
2780,6.453109979629517,0.2636614019456104,CVPF,soup_scene3,70,old
2781,6.4552342891693115,0.2636614019456104,CVPF,soup_scene3,70,old
2782,6.457383155822754,0.2636614019456104,CVPF,soup_scene3,70,old
2783,6.459654092788696,0.26219064589919955,CVPF,soup_scene3,70,old
2784,6.4617228507995605,0.26219064589919955,CVPF,soup_scene3,70,old
2785,6.463916778564453,0.26219064589919955,CVPF,soup_scene3,70,old
2786,6.466282606124878,0.26219064589919955,CVPF,soup_scene3,70,old
2787,6.468480348587036,0.26219064589919955,CVPF,soup_scene3,70,old
2788,6.4706807136535645,0.26169640970292574,CVPF,soup_scene3,70,old
2789,6.472764492034912,0.26169640970292574,CVPF,soup_scene3,70,old
2790,6.4750378131866455,0.26081422921173447,CVPF,soup_scene3,70,old
2791,6.477249622344971,0.26081422921173447,CVPF,soup_scene3,70,old
2792,6.47979736328125,0.25972156806367913,CVPF,soup_scene3,70,old
2793,6.482025384902954,0.25972156806367913,CVPF,soup_scene3,70,old
2794,6.484196901321411,0.25972156806367913,CVPF,soup_scene3,70,old
2795,6.486455202102661,0.2571864203040554,CVPF,soup_scene3,70,old
2796,6.488640785217285,0.2571864203040554,CVPF,soup_scene3,70,old
2797,6.491196393966675,0.2546472189127648,CVPF,soup_scene3,70,old
2798,6.493532657623291,0.2546472189127648,CVPF,soup_scene3,70,old
2799,6.495974779129028,0.2540959189608158,CVPF,soup_scene3,70,old
2800,6.498342275619507,0.2521789976943483,CVPF,soup_scene3,70,old
2801,6.5008111000061035,0.25049020468283933,CVPF,soup_scene3,70,old
2802,6.503110885620117,0.25049020468283933,CVPF,soup_scene3,70,old
2803,6.505629539489746,0.25049020468283933,CVPF,soup_scene3,70,old
2804,6.50809907913208,0.24811389856859928,CVPF,soup_scene3,70,old
2805,6.511198282241821,0.24834962489667903,CVPF,soup_scene3,70,old
2806,6.514204502105713,0.2465334152995443,CVPF,soup_scene3,70,old
2807,6.516968727111816,0.24410539973728745,CVPF,soup_scene3,70,old
2808,6.519554853439331,0.24409031197955883,CVPF,soup_scene3,70,old
2809,6.5220787525177,0.24215075613570364,CVPF,soup_scene3,70,old
2810,6.524572849273682,0.24215075613570364,CVPF,soup_scene3,70,old
2811,6.527143955230713,0.24222277629897124,CVPF,soup_scene3,70,old
2812,6.529505014419556,0.24123096617120626,CVPF,soup_scene3,70,old
2813,6.532110214233398,0.2411539102645036,CVPF,soup_scene3,70,old
2814,6.5346839427948,0.23897275777186727,CVPF,soup_scene3,70,old
2815,6.537153482437134,0.2339272148725306,CVPF,soup_scene3,70,old
2816,6.539672136306763,0.2339272148725306,CVPF,soup_scene3,70,old
2817,6.541928291320801,0.21396870529524506,CVPF,soup_scene3,70,old
2818,6.545485258102417,0.21463922694783477,CVPF,soup_scene3,70,old
2819,6.54857873916626,0.21463922694783477,CVPF,soup_scene3,70,old
2820,6.551575660705566,0.2145561772359964,CVPF,soup_scene3,70,old
2821,6.554549217224121,0.21337162127850554,CVPF,soup_scene3,70,old
2822,6.557520151138306,0.21337162127850554,CVPF,soup_scene3,70,old
2823,6.560530424118042,0.21310614223584978,CVPF,soup_scene3,70,old
2824,6.563513994216919,0.21054886477960597,CVPF,soup_scene3,70,old
2825,6.5664262771606445,0.21054886477960597,CVPF,soup_scene3,70,old
2826,6.5695366859436035,0.21105010250421063,CVPF,soup_scene3,70,old
2827,6.5722925662994385,0.20876898849566486,CVPF,soup_scene3,70,old
2828,6.574473142623901,0.20876898849566486,CVPF,soup_scene3,70,old
2829,6.576723098754883,0.20823857112045246,CVPF,soup_scene3,70,old
2830,6.579049825668335,0.2065222177496807,CVPF,soup_scene3,70,old
2831,6.581450462341309,0.2065222177496807,CVPF,soup_scene3,70,old
2832,6.583776473999023,0.2065222177496807,CVPF,soup_scene3,70,old
2833,6.5861406326293945,0.20438768443147876,CVPF,soup_scene3,70,old
2834,6.588428974151611,0.20438768443147876,CVPF,soup_scene3,70,old
2835,6.5906291007995605,0.20438768443147876,CVPF,soup_scene3,70,old
2836,6.592790603637695,0.20438768443147876,CVPF,soup_scene3,70,old
2837,6.595141887664795,0.2020822187385467,CVPF,soup_scene3,70,old
2838,6.597453832626343,0.2020822187385467,CVPF,soup_scene3,70,old
2839,6.599705457687378,0.2020822187385467,CVPF,soup_scene3,70,old
2840,6.602034091949463,0.20183847162009894,CVPF,soup_scene3,70,old
2841,6.6043736934661865,0.20183847162009894,CVPF,soup_scene3,70,old
2842,6.606574773788452,0.20183847162009894,CVPF,soup_scene3,70,old
2843,6.608733892440796,0.20183847162009894,CVPF,soup_scene3,70,old
2844,6.611042499542236,0.19959119060736627,CVPF,soup_scene3,70,old
2845,6.6132824420928955,0.19959119060736627,CVPF,soup_scene3,70,old
2846,6.615647315979004,0.19959119060736627,CVPF,soup_scene3,70,old
2847,6.6178131103515625,0.19959119060736627,CVPF,soup_scene3,70,old
2848,6.620140552520752,0.19356884551720804,CVPF,soup_scene3,70,old
2849,6.622342586517334,0.19356884551720804,CVPF,soup_scene3,70,old
2850,6.624433279037476,0.19356884551720804,CVPF,soup_scene3,70,old
2851,6.626607894897461,0.19297815208101368,CVPF,soup_scene3,70,old
2852,6.628886461257935,0.19072666870403707,CVPF,soup_scene3,70,old
2853,6.631192922592163,0.19072666870403707,CVPF,soup_scene3,70,old
2854,6.633281707763672,0.19072666870403707,CVPF,soup_scene3,70,old
2855,6.6356041431427,0.19103315669835094,CVPF,soup_scene3,70,old
2856,6.637920141220093,0.18878569653833577,CVPF,soup_scene3,70,old
2857,6.640184640884399,0.18878569653833577,CVPF,soup_scene3,70,old
2858,6.642367601394653,0.18878569653833577,CVPF,soup_scene3,70,old
2859,6.644683599472046,0.1872215869906276,CVPF,soup_scene3,70,old
2860,6.646949529647827,0.1872215869906276,CVPF,soup_scene3,70,old
2861,6.6491992473602295,0.1872215869906276,CVPF,soup_scene3,70,old
2862,6.65150785446167,0.1872215869906276,CVPF,soup_scene3,70,old
2863,6.65398645401001,0.1871415604202049,CVPF,soup_scene3,70,old
2864,6.65639853477478,0.18517168712417384,CVPF,soup_scene3,70,old
2865,6.6586925983428955,0.18517168712417384,CVPF,soup_scene3,70,old
2866,6.660997629165649,0.18157056461292503,CVPF,soup_scene3,70,old
2867,6.6635260581970215,0.18157056461292503,CVPF,soup_scene3,70,old
2868,6.6658079624176025,0.18157056461292503,CVPF,soup_scene3,70,old
2869,6.668102025985718,0.18157056461292503,CVPF,soup_scene3,70,old
2870,6.670693874359131,0.1798592809258452,CVPF,soup_scene3,70,old
2871,6.67322301864624,0.1798592809258452,CVPF,soup_scene3,70,old
2872,6.675476312637329,0.1798592809258452,CVPF,soup_scene3,70,old
2873,6.677893877029419,0.1773527106275208,CVPF,soup_scene3,70,old
2874,6.680285453796387,0.1773527106275208,CVPF,soup_scene3,70,old
2875,6.682703733444214,0.1773527106275208,CVPF,soup_scene3,70,old
2876,6.684937953948975,0.17781112950987024,CVPF,soup_scene3,70,old
2877,6.687250137329102,0.17491459330195383,CVPF,soup_scene3,70,old
2878,6.68953800201416,0.17491459330195383,CVPF,soup_scene3,70,old
2879,6.691885948181152,0.17491459330195383,CVPF,soup_scene3,70,old
2880,6.694230794906616,0.1749332273202729,CVPF,soup_scene3,70,old
2881,6.69670033454895,0.1729975812392312,CVPF,soup_scene3,70,old
2882,6.699012756347656,0.1729975812392312,CVPF,soup_scene3,70,old
2883,6.701340675354004,0.17296216552767715,CVPF,soup_scene3,70,old
2884,6.703648805618286,0.17079217527126275,CVPF,soup_scene3,70,old
2885,6.707160472869873,0.15827420511731044,CVPF,soup_scene3,70,old
2886,6.709270238876343,0.15827420511731044,CVPF,soup_scene3,70,old
2887,6.711625576019287,0.15640287165463054,CVPF,soup_scene3,70,old
2888,6.7140374183654785,0.15640287165463054,CVPF,soup_scene3,70,old
2889,6.716196537017822,0.15640287165463054,CVPF,soup_scene3,70,old
2890,6.718484401702881,0.1567010538898056,CVPF,soup_scene3,70,old
2891,6.720949649810791,0.1542231844560172,CVPF,soup_scene3,70,old
2892,6.723261594772339,0.1542231844560172,CVPF,soup_scene3,70,old
2893,6.72536826133728,0.1542231844560172,CVPF,soup_scene3,70,old
2894,6.7277021408081055,0.15396840217084443,CVPF,soup_scene3,70,old
2895,6.730246543884277,0.15159329223646112,CVPF,soup_scene3,70,old
2896,6.732602596282959,0.15159329223646112,CVPF,soup_scene3,70,old
2897,6.735081911087036,0.15156368866906905,CVPF,soup_scene3,70,old
2898,6.737573623657227,0.146830080477154,CVPF,soup_scene3,70,old
2899,6.739798307418823,0.146830080477154,CVPF,soup_scene3,70,old
2900,6.7419273853302,0.146830080477154,CVPF,soup_scene3,70,old
2901,6.744049787521362,0.146830080477154,CVPF,soup_scene3,70,old
2902,6.7462029457092285,0.146830080477154,CVPF,soup_scene3,70,old
2903,6.748403549194336,0.14683764796155419,CVPF,soup_scene3,70,old
2904,6.750796794891357,0.1435085577874163,CVPF,soup_scene3,70,old
2905,6.7530517578125,0.1435085577874163,CVPF,soup_scene3,70,old
2906,6.755230665206909,0.1435085577874163,CVPF,soup_scene3,70,old
2907,6.757593154907227,0.14353829005837315,CVPF,soup_scene3,70,old
2908,6.759791612625122,0.14036623237501114,CVPF,soup_scene3,70,old
2909,6.761943817138672,0.14036623237501114,CVPF,soup_scene3,70,old
2910,6.764210939407349,0.14036623237501114,CVPF,soup_scene3,70,old
2911,6.766660690307617,0.14036623237501114,CVPF,soup_scene3,70,old
2912,6.76891565322876,0.14034740946948876,CVPF,soup_scene3,70,old
2913,6.7711334228515625,0.14034740946948876,CVPF,soup_scene3,70,old
2914,6.773548603057861,0.1367639020906022,CVPF,soup_scene3,70,old
2915,6.77583384513855,0.1367639020906022,CVPF,soup_scene3,70,old
2916,6.778101682662964,0.1367639020906022,CVPF,soup_scene3,70,old
2917,6.7804741859436035,0.13669407793378913,CVPF,soup_scene3,70,old
2918,6.782691478729248,0.1329284768443482,CVPF,soup_scene3,70,old
2919,6.785082578659058,0.1329284768443482,CVPF,soup_scene3,70,old
2920,6.787294864654541,0.1329284768443482,CVPF,soup_scene3,70,old
2921,6.789592981338501,0.1329677653171551,CVPF,soup_scene3,70,old
2922,6.792056560516357,0.1294669303457125,CVPF,soup_scene3,70,old
2923,6.794209241867065,0.1294669303457125,CVPF,soup_scene3,70,old
2924,6.796576738357544,0.1294669303457125,CVPF,soup_scene3,70,old
2925,6.798644065856934,0.1294669303457125,CVPF,soup_scene3,70,old
2926,6.800928831100464,0.1294669303457125,CVPF,soup_scene3,70,old
2927,6.8031005859375,0.1294669303457125,CVPF,soup_scene3,70,old
2928,6.805465459823608,0.12721415065445346,CVPF,soup_scene3,70,old
2929,6.8077006340026855,0.12721415065445346,CVPF,soup_scene3,70,old
2930,6.809873580932617,0.12721415065445346,CVPF,soup_scene3,70,old
2931,6.812157392501831,0.12721415065445346,CVPF,soup_scene3,70,old
2932,6.814672231674194,0.12718134986873636,CVPF,soup_scene3,70,old
2933,6.817083835601807,0.12499819504741141,CVPF,soup_scene3,70,old
2934,6.819403409957886,0.12499819504741141,CVPF,soup_scene3,70,old
2935,6.821662902832031,0.12499819504741141,CVPF,soup_scene3,70,old
2936,6.823906421661377,0.12499819504741141,CVPF,soup_scene3,70,old
2937,6.82628321647644,0.12287009488477303,CVPF,soup_scene3,70,old
2938,6.82847261428833,0.12287009488477303,CVPF,soup_scene3,70,old
2939,6.830647945404053,0.12287009488477303,CVPF,soup_scene3,70,old
2940,6.832874774932861,0.12287009488477303,CVPF,soup_scene3,70,old
2941,6.8350911140441895,0.12289165434790318,CVPF,soup_scene3,70,old
2942,6.837186813354492,0.12289165434790318,CVPF,soup_scene3,70,old
2943,6.839461088180542,0.12049970199012197,CVPF,soup_scene3,70,old
2944,6.842089653015137,0.12049970199012197,CVPF,soup_scene3,70,old
2945,6.844324111938477,0.12049970199012197,CVPF,soup_scene3,70,old
2946,6.846644639968872,0.12049970199012197,CVPF,soup_scene3,70,old
2947,6.849072217941284,0.11597076823651242,CVPF,soup_scene3,70,old
2948,6.85148024559021,0.1458834597715043,CVPF,soup_scene3,70,old
2949,6.854590654373169,0.1458834597715043,CVPF,soup_scene3,70,old
2950,6.8569300174713135,0.14192953227422367,CVPF,soup_scene3,70,old
2951,6.859203577041626,0.14192953227422367,CVPF,soup_scene3,70,old
2952,6.861398220062256,0.14192953227422367,CVPF,soup_scene3,70,old
2953,6.863629579544067,0.14192953227422367,CVPF,soup_scene3,70,old
2954,6.865890264511108,0.14192953227422367,CVPF,soup_scene3,70,old
2955,6.86831259727478,0.13979234207997904,CVPF,soup_scene3,70,old
2956,6.870459318161011,0.13979234207997904,CVPF,soup_scene3,70,old
2957,6.872714996337891,0.13979234207997904,CVPF,soup_scene3,70,old
2958,6.874998092651367,0.13979234207997904,CVPF,soup_scene3,70,old
2959,6.877261638641357,0.13979234207997904,CVPF,soup_scene3,70,old
2960,6.879739284515381,0.1357076186480734,CVPF,soup_scene3,70,old
2961,6.882307052612305,0.1357076186480734,CVPF,soup_scene3,70,old
2962,6.884763479232788,0.1323493423507276,CVPF,soup_scene3,70,old
2963,6.88709020614624,0.1323493423507276,CVPF,soup_scene3,70,old
2964,6.88962459564209,0.12974235427872202,CVPF,soup_scene3,70,old
2965,6.892091274261475,0.12971859207733524,CVPF,soup_scene3,70,old
2966,6.894492864608765,0.12668542835740013,CVPF,soup_scene3,70,old
2967,6.89686131477356,0.12668542835740013,CVPF,soup_scene3,70,old
2968,6.8992650508880615,0.12299210417446083,CVPF,soup_scene3,70,old
2969,6.9017112255096436,0.12323308688143066,CVPF,soup_scene3,70,old
2970,6.904135704040527,0.12035572742366848,CVPF,soup_scene3,70,old
2971,6.906439304351807,0.12035572742366848,CVPF,soup_scene3,70,old
2972,6.9088804721832275,0.1182168125063928,CVPF,soup_scene3,70,old
2973,6.911272764205933,0.11817626783354854,CVPF,soup_scene3,70,old
2974,6.913755416870117,0.11546340929728925,CVPF,soup_scene3,70,old
2975,6.916228294372559,0.11295705167113865,CVPF,soup_scene3,70,old
2976,6.918510437011719,0.11295705167113865,CVPF,soup_scene3,70,old
2977,6.921101093292236,0.11098825770574798,CVPF,soup_scene3,70,old
2978,6.9235358238220215,0.11098825770574798,CVPF,soup_scene3,70,old
2979,6.925686359405518,0.11098825770574798,CVPF,soup_scene3,70,old
2980,6.9281227588653564,0.10781926072546244,CVPF,soup_scene3,70,old
2981,6.930555582046509,0.10781926072546244,CVPF,soup_scene3,70,old
2982,6.932887554168701,0.10781926072546244,CVPF,soup_scene3,70,old
2983,6.935178756713867,0.1077527629140954,CVPF,soup_scene3,70,old
2984,6.937526226043701,0.10494656302102887,CVPF,soup_scene3,70,old
2985,6.939752817153931,0.10494656302102887,CVPF,soup_scene3,70,old
2986,6.941900968551636,0.10494656302102887,CVPF,soup_scene3,70,old
2987,6.944261312484741,0.10180105325625734,CVPF,soup_scene3,70,old
2988,6.946455001831055,0.10180105325625734,CVPF,soup_scene3,70,old
2989,6.9485533237457275,0.10180105325625734,CVPF,soup_scene3,70,old
2990,6.950776815414429,0.10184533476482223,CVPF,soup_scene3,70,old
2991,6.95328426361084,0.09888345084044448,CVPF,soup_scene3,70,old
2992,6.955673933029175,0.09888345084044448,CVPF,soup_scene3,70,old
2993,6.957879304885864,0.09888345084044448,CVPF,soup_scene3,70,old
2994,6.960228204727173,0.09889132914740002,CVPF,soup_scene3,70,old
2995,6.96259617805481,0.09629734901039591,CVPF,soup_scene3,70,old
2996,6.9648277759552,0.09629734901039591,CVPF,soup_scene3,70,old
2997,6.967055082321167,0.09629734901039591,CVPF,soup_scene3,70,old
2998,6.969435930252075,0.093357998610304,CVPF,soup_scene3,70,old
2999,6.971836805343628,0.093357998610304,CVPF,soup_scene3,70,old
3000,6.9740564823150635,0.093357998610304,CVPF,soup_scene3,70,old
3001,6.976257562637329,0.093357998610304,CVPF,soup_scene3,70,old
3002,6.978741884231567,0.09087678864415222,CVPF,soup_scene3,70,old
3003,6.981134653091431,0.09087678864415222,CVPF,soup_scene3,70,old
3004,6.9833526611328125,0.09087678864415222,CVPF,soup_scene3,70,old
3005,6.985637664794922,0.09001880349818986,CVPF,soup_scene3,70,old
3006,6.988029479980469,0.08737370482454912,CVPF,soup_scene3,70,old
3007,6.990333795547485,0.08737370482454912,CVPF,soup_scene3,70,old
3008,6.9927051067352295,0.08737370482454912,CVPF,soup_scene3,70,old
3009,6.995131254196167,0.0882699687178491,CVPF,soup_scene3,70,old
3010,6.997596740722656,0.08554811852999462,CVPF,soup_scene3,70,old
3011,6.99982762336731,0.08554811852999462,CVPF,soup_scene3,70,old
3012,7.002220153808594,0.08330707852478943,CVPF,soup_scene3,70,old
3013,7.004620552062988,0.08330707852478943,CVPF,soup_scene3,70,old
3014,7.006866455078125,0.08330707852478943,CVPF,soup_scene3,70,old
3015,7.00901460647583,0.08330707852478943,CVPF,soup_scene3,70,old
3016,7.011521100997925,0.07706035428809885,CVPF,soup_scene3,70,old
3017,7.014803171157837,0.10864238278244644,CVPF,soup_scene3,70,old
3018,7.016960620880127,0.10864238278244644,CVPF,soup_scene3,70,old
3019,7.019240379333496,0.1067761894944951,CVPF,soup_scene3,70,old
3020,7.021482467651367,0.1067761894944951,CVPF,soup_scene3,70,old
3021,7.023743629455566,0.1067761894944951,CVPF,soup_scene3,70,old
3022,7.025902032852173,0.1067761894944951,CVPF,soup_scene3,70,old
3023,7.028378486633301,0.10481093639111651,CVPF,soup_scene3,70,old
3024,7.030730724334717,0.10481093639111651,CVPF,soup_scene3,70,old
3025,7.0328590869903564,0.10481093639111651,CVPF,soup_scene3,70,old
3026,7.035048007965088,0.10471539949494277,CVPF,soup_scene3,70,old
3027,7.037353277206421,0.10249021450579548,CVPF,soup_scene3,70,old
3028,7.039604425430298,0.10249021450579548,CVPF,soup_scene3,70,old
3029,7.041687726974487,0.10249021450579548,CVPF,soup_scene3,70,old
3030,7.043964147567749,0.09907183602001447,CVPF,soup_scene3,70,old
3031,7.0462188720703125,0.09907183602001447,CVPF,soup_scene3,70,old
3032,7.0485358238220215,0.09907183602001447,CVPF,soup_scene3,70,old
3033,7.0506064891815186,0.09907183602001447,CVPF,soup_scene3,70,old
3034,7.052950143814087,0.09938541344303137,CVPF,soup_scene3,70,old
3035,7.055265426635742,0.09706959508124693,CVPF,soup_scene3,70,old
3036,7.057491064071655,0.09706959508124693,CVPF,soup_scene3,70,old
3037,7.059656143188477,0.09762124454811058,CVPF,soup_scene3,70,old
3038,7.0619189739227295,0.09548270549308033,CVPF,soup_scene3,70,old
3039,7.064158201217651,0.09548270549308033,CVPF,soup_scene3,70,old
3040,7.0663933753967285,0.09548270549308033,CVPF,soup_scene3,70,old
3041,7.068688154220581,0.09548177315607226,CVPF,soup_scene3,70,old
3042,7.07098388671875,0.09392972409777058,CVPF,soup_scene3,70,old
3043,7.0732102394104,0.09392972409777058,CVPF,soup_scene3,70,old
3044,7.0753045082092285,0.09392972409777058,CVPF,soup_scene3,70,old
3045,7.077584505081177,0.09199374657729376,CVPF,soup_scene3,70,old
3046,7.079834461212158,0.09199374657729376,CVPF,soup_scene3,70,old
3047,7.082082748413086,0.09199374657729376,CVPF,soup_scene3,70,old
3048,7.084320068359375,0.09199374657729376,CVPF,soup_scene3,70,old
3049,7.08663010597229,0.09055539086530208,CVPF,soup_scene3,70,old
3050,7.088898420333862,0.09055539086530208,CVPF,soup_scene3,70,old
3051,7.091029167175293,0.09055539086530208,CVPF,soup_scene3,70,old
3052,7.0932745933532715,0.09047881353102914,CVPF,soup_scene3,70,old
3053,7.095560789108276,0.0888695796256556,CVPF,soup_scene3,70,old
3054,7.097724437713623,0.0888695796256556,CVPF,soup_scene3,70,old
3055,7.099840402603149,0.0888695796256556,CVPF,soup_scene3,70,old
3056,7.102062940597534,0.08901626920575198,CVPF,soup_scene3,70,old
3057,7.1044020652771,0.08707588342245567,CVPF,soup_scene3,70,old
3058,7.106563329696655,0.08707588342245567,CVPF,soup_scene3,70,old
3059,7.1086647510528564,0.08707588342245567,CVPF,soup_scene3,70,old
3060,7.110969066619873,0.0855537396093014,CVPF,soup_scene3,70,old
3061,7.113374710083008,0.0855537396093014,CVPF,soup_scene3,70,old
3062,7.115607738494873,0.0855537396093014,CVPF,soup_scene3,70,old
3063,7.117719650268555,0.0855537396093014,CVPF,soup_scene3,70,old
3064,7.12007212638855,0.08389888756867318,CVPF,soup_scene3,70,old
3065,7.122307062149048,0.08389888756867318,CVPF,soup_scene3,70,old
3066,7.1244707107543945,0.08389888756867318,CVPF,soup_scene3,70,old
3067,7.126497507095337,0.08389888756867318,CVPF,soup_scene3,70,old
3068,7.129011392593384,0.08276182710468132,CVPF,soup_scene3,70,old
3069,7.131284475326538,0.08276182710468132,CVPF,soup_scene3,70,old
3070,7.133363485336304,0.08276182710468132,CVPF,soup_scene3,70,old
3071,7.135717391967773,0.0812023437386241,CVPF,soup_scene3,70,old
3072,7.137972593307495,0.0812023437386241,CVPF,soup_scene3,70,old
3073,7.140150308609009,0.0812023437386241,CVPF,soup_scene3,70,old
3074,7.142290830612183,0.08100806800042129,CVPF,soup_scene3,70,old
3075,7.144723892211914,0.08037505373106318,CVPF,soup_scene3,70,old
3076,7.146941423416138,0.08037505373106318,CVPF,soup_scene3,70,old
3077,7.149059295654297,0.08037505373106318,CVPF,soup_scene3,70,old
3078,7.151216506958008,0.08038009158313418,CVPF,soup_scene3,70,old
3079,7.153542518615723,0.07932128013310263,CVPF,soup_scene3,70,old
3080,7.1559436321258545,0.07932128013310263,CVPF,soup_scene3,70,old
3081,7.15819787979126,0.07932128013310263,CVPF,soup_scene3,70,old
3082,7.160417318344116,0.07930802343840782,CVPF,soup_scene3,70,old
3083,7.162781476974487,0.07887481317640138,CVPF,soup_scene3,70,old
3084,7.165223121643066,0.07887481317640138,CVPF,soup_scene3,70,old
3085,7.167402982711792,0.07887481317640138,CVPF,soup_scene3,70,old
3086,7.169740438461304,0.07637379454208125,CVPF,soup_scene3,70,old
3087,7.172168254852295,0.07637379454208125,CVPF,soup_scene3,70,old
3088,7.174628257751465,0.07637379454208125,CVPF,soup_scene3,70,old
3089,7.176948070526123,0.07649439398353336,CVPF,soup_scene3,70,old
3090,7.179351568222046,0.07649479392790633,CVPF,soup_scene3,70,old
3091,7.181883335113525,0.07649479392790633,CVPF,soup_scene3,70,old
3092,7.184093713760376,0.07649479392790633,CVPF,soup_scene3,70,old
3093,7.186481237411499,0.0762585970381616,CVPF,soup_scene3,70,old
3094,7.188747882843018,0.0762585970381616,CVPF,soup_scene3,70,old
3095,7.192049980163574,0.09665047978711568,CVPF,soup_scene3,70,old
3096,7.194576740264893,0.09755875060196409,CVPF,soup_scene3,70,old
3097,7.196841239929199,0.09755875060196409,CVPF,soup_scene3,70,old
3098,7.199140548706055,0.09755875060196409,CVPF,soup_scene3,70,old
3099,7.2013630867004395,0.09755875060196409,CVPF,soup_scene3,70,old
3100,7.203828811645508,0.09713056917136306,CVPF,soup_scene3,70,old
3101,7.206055402755737,0.09713056917136306,CVPF,soup_scene3,70,old
3102,7.208239555358887,0.09713056917136306,CVPF,soup_scene3,70,old
3103,7.210574150085449,0.09573250739174162,CVPF,soup_scene3,70,old
3104,7.212932586669922,0.09572655161180987,CVPF,soup_scene3,70,old
3105,7.2151994705200195,0.09572655161180987,CVPF,soup_scene3,70,old
3106,7.217362642288208,0.09572655161180987,CVPF,soup_scene3,70,old
3107,7.219730615615845,0.09653980692436101,CVPF,soup_scene3,70,old
3108,7.221989393234253,0.09653980692436101,CVPF,soup_scene3,70,old
3109,7.2241904735565186,0.09653980692436101,CVPF,soup_scene3,70,old
3110,7.226494550704956,0.09653980692436101,CVPF,soup_scene3,70,old
3111,7.228907108306885,0.09525177961750524,CVPF,soup_scene3,70,old
3112,7.231144428253174,0.09525177961750524,CVPF,soup_scene3,70,old
3113,7.233355283737183,0.09525177961750524,CVPF,soup_scene3,70,old
3114,7.235805034637451,0.09502213009742908,CVPF,soup_scene3,70,old
3115,7.238039016723633,0.09502213009742908,CVPF,soup_scene3,70,old
3116,7.240255832672119,0.09502213009742908,CVPF,soup_scene3,70,old
3117,7.242501497268677,0.09502213009742908,CVPF,soup_scene3,70,old
3118,7.244994163513184,0.09359975351507034,CVPF,soup_scene3,70,old
3119,7.247292518615723,0.09359975351507034,CVPF,soup_scene3,70,old
3120,7.249408006668091,0.09359975351507034,CVPF,soup_scene3,70,old
3121,7.251842260360718,0.0946572622968306,CVPF,soup_scene3,70,old
3122,7.254136800765991,0.0946572622968306,CVPF,soup_scene3,70,old
3123,7.2563557624816895,0.0946572622968306,CVPF,soup_scene3,70,old
3124,7.258410215377808,0.0946572622968306,CVPF,soup_scene3,70,old
3125,7.26098370552063,0.09510041097280603,CVPF,soup_scene3,70,old
3126,7.2632317543029785,0.09510041097280603,CVPF,soup_scene3,70,old
3127,7.26543664932251,0.09510041097280603,CVPF,soup_scene3,70,old
3128,7.267663955688477,0.09361979517068696,CVPF,soup_scene3,70,old
3129,7.269883155822754,0.09354377172311631,CVPF,soup_scene3,70,old
3130,7.27207088470459,0.09354377172311631,CVPF,soup_scene3,70,old
3131,7.274235963821411,0.09354377172311631,CVPF,soup_scene3,70,old
3132,7.276522636413574,0.0956714801954488,CVPF,soup_scene3,70,old
3133,7.278765439987183,0.0956714801954488,CVPF,soup_scene3,70,old
3134,7.281044960021973,0.0956714801954488,CVPF,soup_scene3,70,old
3135,7.283350467681885,0.0956714801954488,CVPF,soup_scene3,70,old
3136,7.285658836364746,0.0968016766225371,CVPF,soup_scene3,70,old
3137,7.287930011749268,0.0968016766225371,CVPF,soup_scene3,70,old
3138,7.290092706680298,0.0968016766225371,CVPF,soup_scene3,70,old
3139,7.292228698730469,0.0968016766225371,CVPF,soup_scene3,70,old
3140,7.294558048248291,0.0969871052416781,CVPF,soup_scene3,70,old
3141,7.296767473220825,0.0969871052416781,CVPF,soup_scene3,70,old
3142,7.298983335494995,0.0969871052416781,CVPF,soup_scene3,70,old
3143,7.301167726516724,0.0969871052416781,CVPF,soup_scene3,70,old
3144,7.303493976593018,0.09769509507799433,CVPF,soup_scene3,70,old
3145,7.305767774581909,0.09769509507799433,CVPF,soup_scene3,70,old
3146,7.308032751083374,0.09769509507799433,CVPF,soup_scene3,70,old
3147,7.310284376144409,0.09768290482238927,CVPF,soup_scene3,70,old
3148,7.312582015991211,0.09848827343226589,CVPF,soup_scene3,70,old
3149,7.315094232559204,0.09848827343226589,CVPF,soup_scene3,70,old
3150,7.317354679107666,0.09848827343226589,CVPF,soup_scene3,70,old
3151,7.3197712898254395,0.09969456013293335,CVPF,soup_scene3,70,old
3152,7.3222150802612305,0.09969456013293335,CVPF,soup_scene3,70,old
3153,7.3243608474731445,0.09969456013293335,CVPF,soup_scene3,70,old
3154,7.326655864715576,0.09909999589407908,CVPF,soup_scene3,70,old
3155,7.329073190689087,0.09909999589407908,CVPF,soup_scene3,70,old
3156,7.331373691558838,0.09909999589407908,CVPF,soup_scene3,70,old
3157,7.334240198135376,0.09977540444651961,CVPF,soup_scene3,70,old
3158,7.3365607261657715,0.09956285760236937,CVPF,soup_scene3,70,old
3159,7.338767766952515,0.09956285760236937,CVPF,soup_scene3,70,old
3160,7.340943813323975,0.09956285760236937,CVPF,soup_scene3,70,old
3161,7.343142747879028,0.09980622683787911,CVPF,soup_scene3,70,old
3162,7.345523357391357,0.101298355824349,CVPF,soup_scene3,70,old
3163,7.3478453159332275,0.101298355824349,CVPF,soup_scene3,70,old
3164,7.34991455078125,0.101298355824349,CVPF,soup_scene3,70,old
3165,7.352119207382202,0.1010488036257258,CVPF,soup_scene3,70,old
3166,7.354339838027954,0.09986160074866901,CVPF,soup_scene3,70,old
3167,7.356578588485718,0.09986160074866901,CVPF,soup_scene3,70,old
3168,7.358760118484497,0.09986160074866901,CVPF,soup_scene3,70,old
3169,7.360992431640625,0.10025391974652724,CVPF,soup_scene3,70,old
3170,7.3633341789245605,0.10025391974652724,CVPF,soup_scene3,70,old
3171,7.365519762039185,0.10025391974652724,CVPF,soup_scene3,70,old
3172,7.3676745891571045,0.10049394006539006,CVPF,soup_scene3,70,old
3173,7.369927644729614,0.1008496727458334,CVPF,soup_scene3,70,old
3174,7.372135639190674,0.1008496727458334,CVPF,soup_scene3,70,old
3175,7.37428092956543,0.1008496727458334,CVPF,soup_scene3,70,old
3176,7.376497745513916,0.10056318852186852,CVPF,soup_scene3,70,old
3177,7.378694534301758,0.10090680535078049,CVPF,soup_scene3,70,old
3178,7.380939960479736,0.10090680535078049,CVPF,soup_scene3,70,old
3179,7.383103847503662,0.10090680535078049,CVPF,soup_scene3,70,old
3180,7.385321140289307,0.10084331731359171,CVPF,soup_scene3,70,old
3181,7.3875732421875,0.10147973930361473,CVPF,soup_scene3,70,old
3182,7.38981819152832,0.10147973930361473,CVPF,soup_scene3,70,old
3183,7.392005205154419,0.10147973930361473,CVPF,soup_scene3,70,old
3184,7.394225597381592,0.10166493256511866,CVPF,soup_scene3,70,old
3185,7.396446228027344,0.10166493256511866,CVPF,soup_scene3,70,old
3186,7.398610830307007,0.10166493256511866,CVPF,soup_scene3,70,old
3187,7.400742769241333,0.10166493256511866,CVPF,soup_scene3,70,old
3188,7.402995586395264,0.10200367745328857,CVPF,soup_scene3,70,old
3189,7.405182838439941,0.10200367745328857,CVPF,soup_scene3,70,old
3190,7.407423734664917,0.10200367745328857,CVPF,soup_scene3,70,old
3191,7.409601926803589,0.10058738053388673,CVPF,soup_scene3,70,old
3192,7.411962985992432,0.10041100586585396,CVPF,soup_scene3,70,old
3193,7.414189338684082,0.10041100586585396,CVPF,soup_scene3,70,old
3194,7.416308403015137,0.10041100586585396,CVPF,soup_scene3,70,old
3195,7.418557167053223,0.10220143596807879,CVPF,soup_scene3,70,old
3196,7.4208083152771,0.10279770700585363,CVPF,soup_scene3,70,old
3197,7.422996759414673,0.10279770700585363,CVPF,soup_scene3,70,old
3198,7.425086975097656,0.10279770700585363,CVPF,soup_scene3,70,old
3199,7.427323818206787,0.10253334190546748,CVPF,soup_scene3,70,old
3200,7.429684162139893,0.10282131771080948,CVPF,soup_scene3,70,old
3201,7.431779623031616,0.10282131771080948,CVPF,soup_scene3,70,old
3202,7.433905363082886,0.10282131771080948,CVPF,soup_scene3,70,old
3203,7.436332941055298,0.10263025373608942,CVPF,soup_scene3,70,old
3204,7.438623905181885,0.10263025373608942,CVPF,soup_scene3,70,old
3205,7.440797328948975,0.10263025373608942,CVPF,soup_scene3,70,old
3206,7.442963600158691,0.10392785662887088,CVPF,soup_scene3,70,old
3207,7.445290565490723,0.1043821237315479,CVPF,soup_scene3,70,old
3208,7.447545528411865,0.1043821237315479,CVPF,soup_scene3,70,old
3209,7.449686288833618,0.1043821237315479,CVPF,soup_scene3,70,old
3210,7.451975584030151,0.1044891573887941,CVPF,soup_scene3,70,old
3211,7.454300165176392,0.10524559089030312,CVPF,soup_scene3,70,old
3212,7.456617116928101,0.10524559089030312,CVPF,soup_scene3,70,old
3213,7.4586710929870605,0.10524559089030312,CVPF,soup_scene3,70,old
3214,7.461062669754028,0.10638913631659752,CVPF,soup_scene3,70,old
3215,7.463306427001953,0.10638913631659752,CVPF,soup_scene3,70,old
3216,7.465569734573364,0.10638913631659752,CVPF,soup_scene3,70,old
3217,7.4678590297698975,0.10587036194548423,CVPF,soup_scene3,70,old
3218,7.470148324966431,0.10707296624796482,CVPF,soup_scene3,70,old
3219,7.472434043884277,0.10707296624796482,CVPF,soup_scene3,70,old
3220,7.474536180496216,0.10707296624796482,CVPF,soup_scene3,70,old
3221,7.476679801940918,0.10707296624796482,CVPF,soup_scene3,70,old
3222,7.479304313659668,0.1071903527529567,CVPF,soup_scene3,70,old
3223,7.481657266616821,0.10814907394891222,CVPF,soup_scene3,70,old
3224,7.483911037445068,0.10814907394891222,CVPF,soup_scene3,70,old
3225,7.486374855041504,0.10944352131785498,CVPF,soup_scene3,70,old
3226,7.488698959350586,0.10944352131785498,CVPF,soup_scene3,70,old
3227,7.490936040878296,0.10944352131785498,CVPF,soup_scene3,70,old
3228,7.493220090866089,0.1094380665394157,CVPF,soup_scene3,70,old
3229,7.495666265487671,0.11039541055319609,CVPF,soup_scene3,70,old
3230,7.4987664222717285,0.09228928558816511,CVPF,soup_scene3,70,old
3231,7.50096583366394,0.09228928558816511,CVPF,soup_scene3,70,old
3232,7.503337621688843,0.09248523637235684,CVPF,soup_scene3,70,old
3233,7.50577974319458,0.09248523637235684,CVPF,soup_scene3,70,old
3234,7.507888555526733,0.09248523637235684,CVPF,soup_scene3,70,old
3235,7.5101141929626465,0.09260539337923482,CVPF,soup_scene3,70,old
3236,7.512460947036743,0.09297046314611292,CVPF,soup_scene3,70,old
3237,7.514986276626587,0.09297046314611292,CVPF,soup_scene3,70,old
3238,7.51743221282959,0.09297046314611292,CVPF,soup_scene3,70,old
3239,7.519776105880737,0.09309253296966889,CVPF,soup_scene3,70,old
3240,7.522009611129761,0.09309253296966889,CVPF,soup_scene3,70,old
3241,7.524172067642212,0.09309253296966889,CVPF,soup_scene3,70,old
3242,7.526421785354614,0.09248366007945305,CVPF,soup_scene3,70,old
3243,7.528634071350098,0.09279420715687285,CVPF,soup_scene3,70,old
3244,7.530827760696411,0.09279420715687285,CVPF,soup_scene3,70,old
3245,7.533138751983643,0.09279420715687285,CVPF,soup_scene3,70,old
3246,7.535407066345215,0.09292356277024243,CVPF,soup_scene3,70,old
3247,7.53780198097229,0.09292356277024243,CVPF,soup_scene3,70,old
3248,7.540216684341431,0.09292356277024243,CVPF,soup_scene3,70,old
3249,7.542569637298584,0.09292356277024243,CVPF,soup_scene3,70,old
3250,7.544732570648193,0.09292356277024243,CVPF,soup_scene3,70,old
3251,7.547061920166016,0.09292356277024243,CVPF,soup_scene3,70,old
3252,7.549312353134155,0.09428544447816165,CVPF,soup_scene3,70,old
3253,7.5514914989471436,0.09428544447816165,CVPF,soup_scene3,70,old
3254,7.553691864013672,0.09428544447816165,CVPF,soup_scene3,70,old
3255,7.555883884429932,0.09428544447816165,CVPF,soup_scene3,70,old
3256,7.55801248550415,0.09428544447816165,CVPF,soup_scene3,70,old
3257,7.560283899307251,0.09425663925838593,CVPF,soup_scene3,70,old
3258,7.562594413757324,0.09504002448063563,CVPF,soup_scene3,70,old
3259,7.564784526824951,0.09504002448063563,CVPF,soup_scene3,70,old
3260,7.566945552825928,0.09504002448063563,CVPF,soup_scene3,70,old
3261,7.569225549697876,0.09532230045698996,CVPF,soup_scene3,70,old
3262,7.5714452266693115,0.09633097125983127,CVPF,soup_scene3,70,old
3263,7.5734944343566895,0.09633097125983127,CVPF,soup_scene3,70,old
3264,7.57567572593689,0.09633097125983127,CVPF,soup_scene3,70,old
3265,7.577903509140015,0.09633097125983127,CVPF,soup_scene3,70,old
3266,7.580431222915649,0.09758133130918997,CVPF,soup_scene3,70,old
3267,7.582523345947266,0.09758133130918997,CVPF,soup_scene3,70,old
3268,7.584677696228027,0.09758133130918997,CVPF,soup_scene3,70,old
3269,7.58715295791626,0.09879511404303692,CVPF,soup_scene3,70,old
3270,7.589250326156616,0.09879511404303692,CVPF,soup_scene3,70,old
3271,7.591446161270142,0.09879511404303692,CVPF,soup_scene3,70,old
3272,7.593644618988037,0.09879511404303692,CVPF,soup_scene3,70,old
3273,7.595906496047974,0.09879511404303692,CVPF,soup_scene3,70,old
3274,7.598281145095825,0.10090012204933317,CVPF,soup_scene3,70,old
3275,7.600422620773315,0.10132026152322282,CVPF,soup_scene3,70,old
3276,7.602573394775391,0.10132026152322282,CVPF,soup_scene3,70,old
3277,7.604830503463745,0.10132026152322282,CVPF,soup_scene3,70,old
3278,7.606969594955444,0.10132026152322282,CVPF,soup_scene3,70,old
3279,7.609245538711548,0.10132026152322282,CVPF,soup_scene3,70,old
3280,7.611534357070923,0.10282264834150763,CVPF,soup_scene3,70,old
3281,7.613799810409546,0.10282264834150763,CVPF,soup_scene3,70,old
3282,7.615987777709961,0.10282264834150763,CVPF,soup_scene3,70,old
3283,7.618232727050781,0.10282264834150763,CVPF,soup_scene3,70,old
3284,7.620321750640869,0.10282264834150763,CVPF,soup_scene3,70,old
3285,7.622572660446167,0.10325125295807774,CVPF,soup_scene3,70,old
3286,7.624845266342163,0.10581216557705887,CVPF,soup_scene3,70,old
3287,7.627048969268799,0.10581216557705887,CVPF,soup_scene3,70,old
3288,7.629199743270874,0.10581216557705887,CVPF,soup_scene3,70,old
3289,7.631362676620483,0.10581216557705887,CVPF,soup_scene3,70,old
3290,7.633698463439941,0.10769552314461663,CVPF,soup_scene3,70,old
3291,7.636144638061523,0.10769552314461663,CVPF,soup_scene3,70,old
3292,7.638630151748657,0.10769552314461663,CVPF,soup_scene3,70,old
3293,7.641004323959351,0.10769552314461663,CVPF,soup_scene3,70,old
3294,7.64319372177124,0.10993190827399248,CVPF,soup_scene3,70,old
3295,7.645524978637695,0.10993190827399248,CVPF,soup_scene3,70,old
3296,7.647987127304077,0.10993190827399248,CVPF,soup_scene3,70,old
3297,7.650254964828491,0.10993190827399248,CVPF,soup_scene3,70,old
3298,7.652547836303711,0.10993190827399248,CVPF,soup_scene3,70,old
3299,7.6548943519592285,0.11377376492823162,CVPF,soup_scene3,70,old
3300,7.658140420913696,0.12490070317394161,CVPF,soup_scene3,70,old
3301,7.660425662994385,0.12490070317394161,CVPF,soup_scene3,70,old
3302,7.662647485733032,0.12490070317394161,CVPF,soup_scene3,70,old
3303,7.664838790893555,0.12490070317394161,CVPF,soup_scene3,70,old
3304,7.667261362075806,0.12491354314942761,CVPF,soup_scene3,70,old
3305,7.66970157623291,0.1281530429347991,CVPF,soup_scene3,70,old
3306,7.671940565109253,0.1281530429347991,CVPF,soup_scene3,70,old
3307,7.6741297245025635,0.1281530429347991,CVPF,soup_scene3,70,old
3308,7.676438808441162,0.1281530429347991,CVPF,soup_scene3,70,old
3309,7.678830146789551,0.13135203209263138,CVPF,soup_scene3,70,old
3310,7.6812591552734375,0.13135203209263138,CVPF,soup_scene3,70,old
3311,7.6837663650512695,0.1341527762755611,CVPF,soup_scene3,70,old
3312,7.686051845550537,0.1341527762755611,CVPF,soup_scene3,70,old
3313,7.688552618026733,0.13707243174853437,CVPF,soup_scene3,70,old
3314,7.690932989120483,0.13706150791122138,CVPF,soup_scene3,70,old
3315,7.693177223205566,0.1399054764755437,CVPF,soup_scene3,70,old
3316,7.695651292800903,0.1430263408930653,CVPF,soup_scene3,70,old
3317,7.698076248168945,0.1430263408930653,CVPF,soup_scene3,70,old
3318,7.700582504272461,0.14543828128236708,CVPF,soup_scene3,70,old
3319,7.703059196472168,0.1453661409196336,CVPF,soup_scene3,70,old
3320,7.7055463790893555,0.1480425192677764,CVPF,soup_scene3,70,old
3321,7.708007574081421,0.14803664359225588,CVPF,soup_scene3,70,old
3322,7.710427761077881,0.1503648028910638,CVPF,soup_scene3,70,old
3323,7.713068246841431,0.15291749084288617,CVPF,soup_scene3,70,old
3324,7.71550989151001,0.15291749084288617,CVPF,soup_scene3,70,old
3325,7.718008756637573,0.15291749084288617,CVPF,soup_scene3,70,old
3326,7.720441102981567,0.15559356579911246,CVPF,soup_scene3,70,old
3327,7.722613334655762,0.15559356579911246,CVPF,soup_scene3,70,old
3328,7.724737167358398,0.15559356579911246,CVPF,soup_scene3,70,old
3329,7.726979732513428,0.15559356579911246,CVPF,soup_scene3,70,old
3330,7.729414463043213,0.15930221684061482,CVPF,soup_scene3,70,old
3331,7.731716871261597,0.15930221684061482,CVPF,soup_scene3,70,old
3332,7.733921766281128,0.15930221684061482,CVPF,soup_scene3,70,old
3333,7.736587285995483,0.1619546721849729,CVPF,soup_scene3,70,old
3334,7.738896369934082,0.1619546721849729,CVPF,soup_scene3,70,old
3335,7.74095892906189,0.1619546721849729,CVPF,soup_scene3,70,old
3336,7.743220806121826,0.16187968710990663,CVPF,soup_scene3,70,old
3337,7.7455830574035645,0.165675321839537,CVPF,soup_scene3,70,old
3338,7.748123645782471,0.165675321839537,CVPF,soup_scene3,70,old
3339,7.75024938583374,0.165675321839537,CVPF,soup_scene3,70,old
3340,7.752659320831299,0.17015185422112558,CVPF,soup_scene3,70,old
3341,7.754792213439941,0.17015185422112558,CVPF,soup_scene3,70,old
3342,7.756994724273682,0.17015185422112558,CVPF,soup_scene3,70,old
3343,7.759090423583984,0.17015185422112558,CVPF,soup_scene3,70,old
3344,7.761368989944458,0.17184535797468595,CVPF,soup_scene3,70,old
3345,7.763538837432861,0.17184535797468595,CVPF,soup_scene3,70,old
3346,7.76564359664917,0.17184535797468595,CVPF,soup_scene3,70,old
3347,7.767840385437012,0.17184535797468595,CVPF,soup_scene3,70,old
3348,7.770148754119873,0.17537697933191485,CVPF,soup_scene3,70,old
3349,7.772649049758911,0.17537697933191485,CVPF,soup_scene3,70,old
3350,7.774741888046265,0.17537697933191485,CVPF,soup_scene3,70,old
3351,7.777946472167969,0.1785840722014174,CVPF,soup_scene3,70,old
3352,7.781400203704834,0.1785840722014174,CVPF,soup_scene3,70,old
3353,7.784777879714966,0.17880604685230905,CVPF,soup_scene3,70,old
3354,7.788352012634277,0.1809755392012139,CVPF,soup_scene3,70,old
3355,7.791611433029175,0.1809755392012139,CVPF,soup_scene3,70,old
3356,7.794870376586914,0.18170635655303896,CVPF,soup_scene3,70,old
3357,7.797913312911987,0.18170635655303896,CVPF,soup_scene3,70,old
3358,7.800730466842651,0.18170635655303896,CVPF,soup_scene3,70,old
3359,7.8038036823272705,0.18368738770992243,CVPF,soup_scene3,70,old
3360,7.806723356246948,0.18368738770992243,CVPF,soup_scene3,70,old
3361,7.809965372085571,0.18372759457004353,CVPF,soup_scene3,70,old
3362,7.8130714893341064,0.18544599203888923,CVPF,soup_scene3,70,old
3363,7.81541633605957,0.18544599203888923,CVPF,soup_scene3,70,old
3364,7.817619323730469,0.18544599203888923,CVPF,soup_scene3,70,old
3365,7.820089101791382,0.18674470404471646,CVPF,soup_scene3,70,old
3366,7.822496175765991,0.18674470404471646,CVPF,soup_scene3,70,old
3367,7.824673175811768,0.18674470404471646,CVPF,soup_scene3,70,old
3368,7.828183174133301,1.9460465209389564,CVPF,soup_scene3,70,old
3369,7.8311240673065186,1.9460465209389564,CVPF,soup_scene3,70,old
3370,7.833958625793457,1.9460465209389564,CVPF,soup_scene3,70,old
3371,7.836971044540405,1.9469621064189644,CVPF,soup_scene3,70,old
3372,7.839983940124512,1.9469621064189644,CVPF,soup_scene3,70,old
3373,7.8428285121917725,1.9469621064189644,CVPF,soup_scene3,70,old
3374,7.84585428237915,1.9479520746752932,CVPF,soup_scene3,70,old
3375,7.848381280899048,1.9479520746752932,CVPF,soup_scene3,70,old
3376,7.850476980209351,1.9479520746752932,CVPF,soup_scene3,70,old
3377,7.852847576141357,1.9492993611213172,CVPF,soup_scene3,70,old
3378,7.855161428451538,1.9492993611213172,CVPF,soup_scene3,70,old
3379,7.85747766494751,1.9492993611213172,CVPF,soup_scene3,70,old
3380,7.859743118286133,1.9493422347912714,CVPF,soup_scene3,70,old
3381,7.862124681472778,1.9506646657776048,CVPF,soup_scene3,70,old
3382,7.86443567276001,1.9506646657776048,CVPF,soup_scene3,70,old
3383,7.866562128067017,1.9506646657776048,CVPF,soup_scene3,70,old
3384,7.8689117431640625,1.9523585206585785,CVPF,soup_scene3,70,old
3385,7.871290445327759,1.9523585206585785,CVPF,soup_scene3,70,old
3386,7.873477458953857,1.9523585206585785,CVPF,soup_scene3,70,old
3387,7.875598907470703,1.9523585206585785,CVPF,soup_scene3,70,old
3388,7.877981424331665,1.9526647161203523,CVPF,soup_scene3,70,old
3389,7.880414962768555,1.9526647161203523,CVPF,soup_scene3,70,old
3390,7.882497310638428,1.9526647161203523,CVPF,soup_scene3,70,old
3391,7.884615898132324,1.9526647161203523,CVPF,soup_scene3,70,old
3392,7.886878490447998,1.9537845353730159,CVPF,soup_scene3,70,old
3393,7.889152765274048,1.9537845353730159,CVPF,soup_scene3,70,old
3394,7.891290903091431,1.9537845353730159,CVPF,soup_scene3,70,old
3395,7.893465995788574,1.9538281518159681,CVPF,soup_scene3,70,old
3396,7.895790338516235,1.9557344796514975,CVPF,soup_scene3,70,old
3397,7.898050308227539,1.9557344796514975,CVPF,soup_scene3,70,old
3398,7.900162220001221,1.9557344796514975,CVPF,soup_scene3,70,old
3399,7.9026265144348145,1.957043403815776,CVPF,soup_scene3,70,old
3400,7.904868841171265,1.957043403815776,CVPF,soup_scene3,70,old
3401,7.907122373580933,1.957043403815776,CVPF,soup_scene3,70,old
3402,7.90932297706604,1.957043403815776,CVPF,soup_scene3,70,old
3403,7.911695718765259,1.957922706414656,CVPF,soup_scene3,70,old
3404,7.913963556289673,1.957922706414656,CVPF,soup_scene3,70,old
3405,7.9160356521606445,1.957922706414656,CVPF,soup_scene3,70,old
3406,7.918392658233643,1.9593074399571142,CVPF,soup_scene3,70,old
3407,7.920676231384277,1.9593074399571142,CVPF,soup_scene3,70,old
3408,7.922903299331665,1.9593074399571142,CVPF,soup_scene3,70,old
3409,7.9249677658081055,1.9593074399571142,CVPF,soup_scene3,70,old
3410,7.9277331829071045,1.9593077701751003,CVPF,soup_scene3,70,old
3411,7.930811882019043,1.9601833073478134,CVPF,soup_scene3,70,old
3412,7.933706045150757,1.9601833073478134,CVPF,soup_scene3,70,old
3413,7.936882019042969,1.9604648481354212,CVPF,soup_scene3,70,old
3414,7.939894914627075,1.9604648481354212,CVPF,soup_scene3,70,old
3415,7.942663192749023,1.9604648481354212,CVPF,soup_scene3,70,old
3416,7.945566177368164,1.9604648481354212,CVPF,soup_scene3,70,old
3417,7.948525905609131,1.9608379517670371,CVPF,soup_scene3,70,old
3418,7.9517717361450195,1.9611164720700232,CVPF,soup_scene3,70,old
3419,7.954577445983887,1.9611164720700232,CVPF,soup_scene3,70,old
3420,7.957259178161621,1.9611164720700232,CVPF,soup_scene3,70,old
3421,7.959618806838989,1.9611164720700232,CVPF,soup_scene3,70,old
3422,7.961715459823608,1.9611164720700232,CVPF,soup_scene3,70,old
3423,7.963952541351318,1.961224472808475,CVPF,soup_scene3,70,old
3424,7.966374397277832,1.9615481598691156,CVPF,soup_scene3,70,old
3425,7.968785285949707,1.9615481598691156,CVPF,soup_scene3,70,old
3426,7.971077919006348,1.9615481598691156,CVPF,soup_scene3,70,old
3427,7.9734742641448975,1.9615481598691156,CVPF,soup_scene3,70,old
3428,7.975852012634277,1.9612781539807034,CVPF,soup_scene3,70,old
3429,7.978719234466553,2.596227520332534,CVPF,soup_scene3,70,old
3430,7.981122732162476,2.596227520332534,CVPF,soup_scene3,70,old
3431,7.983517646789551,2.5958424260059645,CVPF,soup_scene3,70,old
3432,7.98567795753479,2.5954146799714275,CVPF,soup_scene3,70,old
3433,7.987806797027588,2.5954146799714275,CVPF,soup_scene3,70,old
3434,7.989885330200195,2.5954146799714275,CVPF,soup_scene3,70,old
3435,7.9919960498809814,2.5954146799714275,CVPF,soup_scene3,70,old
3436,7.994158744812012,2.5957951418881433,CVPF,soup_scene3,70,old
3437,7.996384620666504,2.595982074192745,CVPF,soup_scene3,70,old
3438,7.998499393463135,2.595982074192745,CVPF,soup_scene3,70,old
3439,8.000586986541748,2.595982074192745,CVPF,soup_scene3,70,old
3440,8.002758979797363,2.595982074192745,CVPF,soup_scene3,70,old
3441,8.004901885986328,2.595989027064836,CVPF,soup_scene3,70,old
3442,8.007014513015747,2.595989027064836,CVPF,soup_scene3,70,old
3443,8.009168148040771,2.596088202809124,CVPF,soup_scene3,70,old
3444,8.01172423362732,2.596088202809124,CVPF,soup_scene3,70,old
3445,8.014147520065308,2.596088202809124,CVPF,soup_scene3,70,old
3446,8.01642632484436,2.5956417015019224,CVPF,soup_scene3,70,old
3447,8.018684148788452,2.5956417015019224,CVPF,soup_scene3,70,old
3448,8.020907163619995,2.5956417015019224,CVPF,soup_scene3,70,old
3449,8.022992610931396,2.5956417015019224,CVPF,soup_scene3,70,old
3450,8.025224208831787,2.5960504638669692,CVPF,soup_scene3,70,old
3451,8.027427196502686,2.5960924431544847,CVPF,soup_scene3,70,old
3452,8.029532194137573,2.5960924431544847,CVPF,soup_scene3,70,old
3453,8.031652688980103,2.5960924431544847,CVPF,soup_scene3,70,old
3454,8.033966779708862,2.5960924431544847,CVPF,soup_scene3,70,old
3455,8.036267042160034,2.5961167462693964,CVPF,soup_scene3,70,old
3456,8.038382053375244,2.5961167462693964,CVPF,soup_scene3,70,old
3457,8.040567398071289,2.595950948262072,CVPF,soup_scene3,70,old
3458,8.042856216430664,2.595950948262072,CVPF,soup_scene3,70,old
3459,8.045123100280762,2.595950948262072,CVPF,soup_scene3,70,old
3460,8.047398090362549,2.595950948262072,CVPF,soup_scene3,70,old
3461,8.04967999458313,2.59618026291634,CVPF,soup_scene3,70,old
3462,8.051863193511963,2.59618026291634,CVPF,soup_scene3,70,old
3463,8.053945064544678,2.59618026291634,CVPF,soup_scene3,70,old
3464,8.056109428405762,2.59618026291634,CVPF,soup_scene3,70,old
3465,8.058468103408813,2.59618026291634,CVPF,soup_scene3,70,old
3466,8.06055998802185,2.59618026291634,CVPF,soup_scene3,70,old
3467,8.062588453292847,2.59618026291634,CVPF,soup_scene3,70,old
3468,8.064935207366943,2.5961920172698623,CVPF,soup_scene3,70,old
3469,8.067215204238892,2.5960814561032852,CVPF,soup_scene3,70,old
3470,8.069507837295532,2.5960814561032852,CVPF,soup_scene3,70,old
3471,8.071638107299805,2.5960814561032852,CVPF,soup_scene3,70,old
3472,8.07373857498169,2.5960814561032852,CVPF,soup_scene3,70,old
3473,8.075883626937866,2.5960814561032852,CVPF,soup_scene3,70,old
3474,8.078208446502686,2.5961026533453677,CVPF,soup_scene3,70,old
3475,8.080650091171265,2.5961031891754778,CVPF,soup_scene3,70,old
3476,8.08290147781372,2.5961031891754778,CVPF,soup_scene3,70,old
3477,8.085230350494385,2.596286274698578,CVPF,soup_scene3,70,old
3478,8.087535381317139,2.596286274698578,CVPF,soup_scene3,70,old
3479,8.09007716178894,2.5959707547203483,CVPF,soup_scene3,70,old
3480,8.092331409454346,2.595998481880724,CVPF,soup_scene3,70,old
3481,8.09471344947815,2.59622360053708,CVPF,soup_scene3,70,old
3482,8.097135305404663,2.595906056070246,CVPF,soup_scene3,70,old
3483,8.09935736656189,2.595906056070246,CVPF,soup_scene3,70,old
3484,8.101576566696167,2.595906056070246,CVPF,soup_scene3,70,old
3485,8.104183912277222,2.5961188610054178,CVPF,soup_scene3,70,old
3486,8.10660171508789,2.5961821770492013,CVPF,soup_scene3,70,old
3487,8.109503746032715,2.5963037930623907,CVPF,soup_scene3,70,old
3488,8.11252760887146,2.596233349178743,CVPF,soup_scene3,70,old
3489,8.115633249282837,2.5961122339880975,CVPF,soup_scene3,70,old
3490,8.118728399276733,2.596145934300017,CVPF,soup_scene3,70,old
3491,8.121694087982178,2.596145934300017,CVPF,soup_scene3,70,old
3492,8.124984502792358,2.596074389343839,CVPF,soup_scene3,70,old
3493,8.128126859664917,2.5959659259034273,CVPF,soup_scene3,70,old
3494,8.131309509277344,2.5959659259034273,CVPF,soup_scene3,70,old
3495,8.134542465209961,2.596037349568086,CVPF,soup_scene3,70,old
3496,8.137425422668457,2.5958956344628303,CVPF,soup_scene3,70,old
3497,8.14065957069397,2.5958956344628303,CVPF,soup_scene3,70,old
3498,8.142849683761597,0.8025809038301155,CVPF,soup_scene3,70,old
3499,8.145210981369019,0.8027287847520057,CVPF,soup_scene3,70,old
3500,8.147521018981934,0.8027287847520057,CVPF,soup_scene3,70,old
3501,8.149667978286743,0.8027287847520057,CVPF,soup_scene3,70,old
3502,8.1518714427948,0.802724689268393,CVPF,soup_scene3,70,old
3503,8.154186248779297,0.8028534977309363,CVPF,soup_scene3,70,old
3504,8.156461477279663,0.8028534977309363,CVPF,soup_scene3,70,old
3505,8.158648490905762,0.8028534977309363,CVPF,soup_scene3,70,old
3506,8.161105632781982,0.8027612012520251,CVPF,soup_scene3,70,old
3507,8.163435459136963,0.8027674424388422,CVPF,soup_scene3,70,old
3508,8.16563892364502,0.8027674424388422,CVPF,soup_scene3,70,old
3509,8.167797565460205,0.8027674424388422,CVPF,soup_scene3,70,old
3510,8.170180082321167,0.8028776717396946,CVPF,soup_scene3,70,old
3511,8.172385692596436,0.8028776717396946,CVPF,soup_scene3,70,old
3512,8.174577951431274,0.8028776717396946,CVPF,soup_scene3,70,old
3513,8.176820039749146,0.8028235673418145,CVPF,soup_scene3,70,old
3514,8.179137945175171,0.802507582810847,CVPF,soup_scene3,70,old
3515,8.181578159332275,0.802507582810847,CVPF,soup_scene3,70,old
3516,8.183857679367065,0.802507582810847,CVPF,soup_scene3,70,old
3517,8.186151027679443,0.8027332108521934,CVPF,soup_scene3,70,old
3518,8.188435316085815,0.8027332108521934,CVPF,soup_scene3,70,old
3519,8.19060468673706,0.8027332108521934,CVPF,soup_scene3,70,old
3520,8.19274353981018,0.8027332108521934,CVPF,soup_scene3,70,old
3521,8.195055484771729,0.8024966890029406,CVPF,soup_scene3,70,old
3522,8.197356939315796,0.8024966890029406,CVPF,soup_scene3,70,old
3523,8.199581623077393,0.8024966890029406,CVPF,soup_scene3,70,old
3524,8.201849460601807,0.8027820000679764,CVPF,soup_scene3,70,old
3525,8.204031944274902,0.8027820000679764,CVPF,soup_scene3,70,old
3526,8.206281185150146,0.8027820000679764,CVPF,soup_scene3,70,old
3527,8.208435773849487,0.8027820000679764,CVPF,soup_scene3,70,old
3528,8.210696458816528,0.8028875724734865,CVPF,soup_scene3,70,old
3529,8.212921857833862,0.8028875724734865,CVPF,soup_scene3,70,old
3530,8.2151358127594,0.8028875724734865,CVPF,soup_scene3,70,old
3531,8.217618942260742,0.8028875724734865,CVPF,soup_scene3,70,old
3532,8.219957828521729,0.803068210254203,CVPF,soup_scene3,70,old
3533,8.222210884094238,0.803068210254203,CVPF,soup_scene3,70,old
3534,8.224299192428589,0.803068210254203,CVPF,soup_scene3,70,old
3535,8.226572036743164,0.8030554286643383,CVPF,soup_scene3,70,old
3536,8.22892689704895,0.8028630031420771,CVPF,soup_scene3,70,old
3537,8.231221437454224,0.8028630031420771,CVPF,soup_scene3,70,old
3538,8.233290433883667,0.8028630031420771,CVPF,soup_scene3,70,old
3539,8.235527753829956,0.8029334355168309,CVPF,soup_scene3,70,old
3540,8.237812995910645,0.8029492846968189,CVPF,soup_scene3,70,old
3541,8.240107297897339,0.8029492846968189,CVPF,soup_scene3,70,old
3542,8.242198705673218,0.8029492846968189,CVPF,soup_scene3,70,old
3543,8.24444055557251,0.8027086022650156,CVPF,soup_scene3,70,old
3544,8.246704816818237,0.8027086022650156,CVPF,soup_scene3,70,old
3545,8.249117374420166,0.8027086022650156,CVPF,soup_scene3,70,old
3546,8.251443147659302,0.8027124976561764,CVPF,soup_scene3,70,old
3547,8.253842115402222,0.8029530245930578,CVPF,soup_scene3,70,old
3548,8.25620174407959,0.8029530245930578,CVPF,soup_scene3,70,old
3549,8.258301734924316,0.8029530245930578,CVPF,soup_scene3,70,old
3550,8.260740518569946,0.8022819971509012,CVPF,soup_scene3,70,old
3551,8.263147592544556,0.8022819971509012,CVPF,soup_scene3,70,old
3552,8.265421628952026,0.8022819971509012,CVPF,soup_scene3,70,old
3553,8.267729997634888,0.802398238390369,CVPF,soup_scene3,70,old
3554,8.270304679870605,0.802398238390369,CVPF,soup_scene3,70,old
3555,8.272717475891113,0.802398238390369,CVPF,soup_scene3,70,old
3556,8.27485466003418,0.802398238390369,CVPF,soup_scene3,70,old
3557,8.27719259262085,0.8028452545391742,CVPF,soup_scene3,70,old
3558,8.279706954956055,0.8028931989353314,CVPF,soup_scene3,70,old
3559,8.282256364822388,0.8028931989353314,CVPF,soup_scene3,70,old
3560,8.28460144996643,0.8028931989353314,CVPF,soup_scene3,70,old
3561,8.286938190460205,0.8023366478869711,CVPF,soup_scene3,70,old
3562,8.289342164993286,0.8023366478869711,CVPF,soup_scene3,70,old
3563,8.291571617126465,0.8023366478869711,CVPF,soup_scene3,70,old
3564,8.293938398361206,0.8022071287596075,CVPF,soup_scene3,70,old
3565,8.296281576156616,0.8022071287596075,CVPF,soup_scene3,70,old
3566,8.298535585403442,0.8022071287596075,CVPF,soup_scene3,70,old
3567,8.30078411102295,0.8022071287596075,CVPF,soup_scene3,70,old
3568,8.30320930480957,0.8027601438096053,CVPF,soup_scene3,70,old
3569,8.305480003356934,0.8027601438096053,CVPF,soup_scene3,70,old
3570,8.307812929153442,0.8027601438096053,CVPF,soup_scene3,70,old
3571,8.310204029083252,0.8028332160980334,CVPF,soup_scene3,70,old
3572,8.312572002410889,0.8028856020173176,CVPF,soup_scene3,70,old
3573,8.315098762512207,0.8028856020173176,CVPF,soup_scene3,70,old
3574,8.31795597076416,1.3193306623186887,CVPF,soup_scene3,70,old
3575,8.32028341293335,1.3196978138278865,CVPF,soup_scene3,70,old
3576,8.322491645812988,1.3196978138278865,CVPF,soup_scene3,70,old
3577,8.32456111907959,1.3196978138278865,CVPF,soup_scene3,70,old
3578,8.32672119140625,1.3197296981769844,CVPF,soup_scene3,70,old
3579,8.328988313674927,1.3197779141157078,CVPF,soup_scene3,70,old
3580,8.33125114440918,1.3197779141157078,CVPF,soup_scene3,70,old
3581,8.333521127700806,1.3197779141157078,CVPF,soup_scene3,70,old
3582,8.335868120193481,1.3197667839831366,CVPF,soup_scene3,70,old
3583,8.33821177482605,1.3196464934108274,CVPF,soup_scene3,70,old
3584,8.340458393096924,1.3196464934108274,CVPF,soup_scene3,70,old
3585,8.342604637145996,1.3196464934108274,CVPF,soup_scene3,70,old
3586,8.344908475875854,1.3201260315582752,CVPF,soup_scene3,70,old
3587,8.347177982330322,1.3201260315582752,CVPF,soup_scene3,70,old
3588,8.349455833435059,1.3201260315582752,CVPF,soup_scene3,70,old
3589,8.351720809936523,1.3194561943824263,CVPF,soup_scene3,70,old
3590,8.353959321975708,1.3194561943824263,CVPF,soup_scene3,70,old
3591,8.35616683959961,1.3194561943824263,CVPF,soup_scene3,70,old
3592,8.358243227005005,1.3194561943824263,CVPF,soup_scene3,70,old
3593,8.360544681549072,1.3195273785574262,CVPF,soup_scene3,70,old
3594,8.362798929214478,1.3197729539541418,CVPF,soup_scene3,70,old
3595,8.365069389343262,1.3197729539541418,CVPF,soup_scene3,70,old
3596,8.367176532745361,1.3197729539541418,CVPF,soup_scene3,70,old
3597,8.36946988105774,1.3199613479444938,CVPF,soup_scene3,70,old
3598,8.371737957000732,1.3202950054658684,CVPF,soup_scene3,70,old
3599,8.374039649963379,1.3202950054658684,CVPF,soup_scene3,70,old
3600,8.376271486282349,1.3199603748166204,CVPF,soup_scene3,70,old
3601,8.378529787063599,1.320177460210929,CVPF,soup_scene3,70,old
3602,8.380995512008667,1.320177460210929,CVPF,soup_scene3,70,old
3603,8.383182525634766,1.320177460210929,CVPF,soup_scene3,70,old
3604,8.385642766952515,1.3206112452078038,CVPF,soup_scene3,70,old
3605,8.387911558151245,1.3206112452078038,CVPF,soup_scene3,70,old
3606,8.390190839767456,1.3206112452078038,CVPF,soup_scene3,70,old
3607,8.392457246780396,1.3206112452078038,CVPF,soup_scene3,70,old
3608,8.394874811172485,1.321163673918746,CVPF,soup_scene3,70,old
3609,8.397131443023682,1.321163673918746,CVPF,soup_scene3,70,old
3610,8.399340391159058,1.321163673918746,CVPF,soup_scene3,70,old
3611,8.401683807373047,1.3211392925520817,CVPF,soup_scene3,70,old
3612,8.403903722763062,1.3219746881031318,CVPF,soup_scene3,70,old
3613,8.406127452850342,1.3219746881031318,CVPF,soup_scene3,70,old
3614,8.408252954483032,1.3219746881031318,CVPF,soup_scene3,70,old
3615,8.410636186599731,1.3227059514211081,CVPF,soup_scene3,70,old
3616,8.412957668304443,1.3227059514211081,CVPF,soup_scene3,70,old
3617,8.415323257446289,1.3227059514211081,CVPF,soup_scene3,70,old
3618,8.417551040649414,1.3227656162927666,CVPF,soup_scene3,70,old
3619,8.419907569885254,1.323659237431209,CVPF,soup_scene3,70,old
3620,8.422245502471924,1.323659237431209,CVPF,soup_scene3,70,old
3621,8.424362421035767,1.323659237431209,CVPF,soup_scene3,70,old
3622,8.426628828048706,1.324887115341764,CVPF,soup_scene3,70,old
3623,8.428840637207031,1.324887115341764,CVPF,soup_scene3,70,old
3624,8.431142091751099,1.324887115341764,CVPF,soup_scene3,70,old
3625,8.433219194412231,1.324887115341764,CVPF,soup_scene3,70,old
3626,8.435607433319092,1.325755950877837,CVPF,soup_scene3,70,old
3627,8.437873125076294,1.325755950877837,CVPF,soup_scene3,70,old
3628,8.440171957015991,1.325755950877837,CVPF,soup_scene3,70,old
3629,8.442347526550293,1.325755950877837,CVPF,soup_scene3,70,old
3630,8.444696187973022,1.3272010780515195,CVPF,soup_scene3,70,old
3631,8.447078943252563,1.3272010780515195,CVPF,soup_scene3,70,old
3632,8.449481725692749,1.3272010780515195,CVPF,soup_scene3,70,old
3633,8.451865673065186,1.3281252973359354,CVPF,soup_scene3,70,old
3634,8.454166173934937,1.3281252973359354,CVPF,soup_scene3,70,old
3635,8.456424951553345,1.3281252973359354,CVPF,soup_scene3,70,old
3636,8.458577632904053,1.3281252973359354,CVPF,soup_scene3,70,old
3637,8.461127519607544,1.3281766306244238,CVPF,soup_scene3,70,old
3638,8.463428020477295,1.3295077065313547,CVPF,soup_scene3,70,old
3639,8.465752601623535,1.3295077065313547,CVPF,soup_scene3,70,old
3640,8.467989206314087,1.3295077065313547,CVPF,soup_scene3,70,old
3641,8.470391511917114,1.3305323170020245,CVPF,soup_scene3,70,old
3642,8.472962856292725,1.3305323170020245,CVPF,soup_scene3,70,old
3643,8.475806713104248,1.3305323170020245,CVPF,soup_scene3,70,old
3644,8.47813606262207,3.064076432712734,CVPF,soup_scene3,70,old
3645,8.480522155761719,3.064076432712734,CVPF,soup_scene3,70,old
3646,8.48277759552002,3.064076432712734,CVPF,soup_scene3,70,old
3647,8.48500370979309,3.064076432712734,CVPF,soup_scene3,70,old
3648,8.487371683120728,3.0652816283149216,CVPF,soup_scene3,70,old
3649,8.489614486694336,3.0652816283149216,CVPF,soup_scene3,70,old
3650,8.491750717163086,3.0652816283149216,CVPF,soup_scene3,70,old
3651,8.494006633758545,3.0669455223966633,CVPF,soup_scene3,70,old
3652,8.496251344680786,3.0669455223966633,CVPF,soup_scene3,70,old
3653,8.498471021652222,3.0669455223966633,CVPF,soup_scene3,70,old
3654,8.500606298446655,3.0669455223966633,CVPF,soup_scene3,70,old
3655,8.50294303894043,3.0684048582816597,CVPF,soup_scene3,70,old
3656,8.505176782608032,3.0684048582816597,CVPF,soup_scene3,70,old
3657,8.507362842559814,3.0684048582816597,CVPF,soup_scene3,70,old
3658,8.50954818725586,3.068459106937956,CVPF,soup_scene3,70,old
3659,8.511928796768188,3.0703455143549228,CVPF,soup_scene3,70,old
3660,8.514219284057617,3.0703455143549228,CVPF,soup_scene3,70,old
3661,8.51638150215149,3.0703455143549228,CVPF,soup_scene3,70,old
3662,8.518694639205933,3.0703395071454502,CVPF,soup_scene3,70,old
3663,8.521027088165283,3.0724071389802434,CVPF,soup_scene3,70,old
3664,8.523338556289673,3.0724071389802434,CVPF,soup_scene3,70,old
3665,8.525416374206543,3.0724071389802434,CVPF,soup_scene3,70,old
3666,8.527817726135254,3.072376600074569,CVPF,soup_scene3,70,old
3667,8.530123949050903,3.074501400248612,CVPF,soup_scene3,70,old
3668,8.53233814239502,3.074501400248612,CVPF,soup_scene3,70,old
3669,8.53454875946045,3.0744829752148752,CVPF,soup_scene3,70,old
3670,8.53696346282959,3.0767103595365515,CVPF,soup_scene3,70,old
3671,8.539215803146362,3.0767103595365515,CVPF,soup_scene3,70,old
3672,8.541397094726562,3.0767103595365515,CVPF,soup_scene3,70,old
3673,8.543719053268433,3.0793138726488536,CVPF,soup_scene3,70,old
3674,8.545933246612549,3.0793138726488536,CVPF,soup_scene3,70,old
3675,8.548135042190552,3.0793138726488536,CVPF,soup_scene3,70,old
3676,8.55030369758606,3.0793138726488536,CVPF,soup_scene3,70,old
3677,8.5527184009552,3.081776599730572,CVPF,soup_scene3,70,old
3678,8.554973363876343,3.081776599730572,CVPF,soup_scene3,70,old
3679,8.557138919830322,3.081776599730572,CVPF,soup_scene3,70,old
3680,8.559302568435669,3.081839104735158,CVPF,soup_scene3,70,old
3681,8.561721801757812,3.0838752793713105,CVPF,soup_scene3,70,old
3682,8.563968181610107,3.0838752793713105,CVPF,soup_scene3,70,old
3683,8.566165924072266,3.0838752793713105,CVPF,soup_scene3,70,old
3684,8.568321466445923,3.0838752793713105,CVPF,soup_scene3,70,old
3685,8.570638179779053,3.0870211335947317,CVPF,soup_scene3,70,old
3686,8.572970628738403,3.0870211335947317,CVPF,soup_scene3,70,old
3687,8.575092554092407,3.0870211335947317,CVPF,soup_scene3,70,old
3688,8.57750415802002,3.089643317061065,CVPF,soup_scene3,70,old
3689,8.579873085021973,3.089643317061065,CVPF,soup_scene3,70,old
3690,8.581992864608765,3.089643317061065,CVPF,soup_scene3,70,old
3691,8.58417820930481,3.089643317061065,CVPF,soup_scene3,70,old
3692,8.586487531661987,3.0925894895815174,CVPF,soup_scene3,70,old
3693,8.58874773979187,3.0925894895815174,CVPF,soup_scene3,70,old
3694,8.590980291366577,3.0925894895815174,CVPF,soup_scene3,70,old
3695,8.59329891204834,3.0925955084373364,CVPF,soup_scene3,70,old
3696,8.595715045928955,3.0957695035446715,CVPF,soup_scene3,70,old
3697,8.598084449768066,3.0957695035446715,CVPF,soup_scene3,70,old
3698,8.600285530090332,3.0957695035446715,CVPF,soup_scene3,70,old
3699,8.602724552154541,3.098407203098767,CVPF,soup_scene3,70,old
3700,8.605007886886597,3.098407203098767,CVPF,soup_scene3,70,old
3701,8.607200622558594,3.098407203098767,CVPF,soup_scene3,70,old
3702,8.609410524368286,3.0984330490084115,CVPF,soup_scene3,70,old
3703,8.611959457397461,3.101192725267402,CVPF,soup_scene3,70,old
3704,8.614264011383057,3.101192725267402,CVPF,soup_scene3,70,old
3705,8.616412162780762,3.101192725267402,CVPF,soup_scene3,70,old
3706,8.618649959564209,3.1011798808744646,CVPF,soup_scene3,70,old
3707,8.621015071868896,3.1052263668261193,CVPF,soup_scene3,70,old
3708,8.623310804367065,3.1052263668261193,CVPF,soup_scene3,70,old
3709,8.62641978263855,3.1052263668261193,CVPF,soup_scene3,70,old
3710,8.62886929512024,1.3728094309343204,CVPF,soup_scene3,70,old
3711,8.63118028640747,1.3728094309343204,CVPF,soup_scene3,70,old
3712,8.633366107940674,1.3728094309343204,CVPF,soup_scene3,70,old
3713,8.635607957839966,1.3690633833260932,CVPF,soup_scene3,70,old
3714,8.637914180755615,1.3690633833260932,CVPF,soup_scene3,70,old
3715,8.640058279037476,1.3690633833260932,CVPF,soup_scene3,70,old
3716,8.642260313034058,1.3690633833260932,CVPF,soup_scene3,70,old
3717,8.644477605819702,1.365203494345966,CVPF,soup_scene3,70,old
3718,8.646794080734253,1.365203494345966,CVPF,soup_scene3,70,old
3719,8.649260520935059,1.365203494345966,CVPF,soup_scene3,70,old
3720,8.651524066925049,1.3653773025158182,CVPF,soup_scene3,70,old
3721,8.653761625289917,1.3617815869098857,CVPF,soup_scene3,70,old
3722,8.656046152114868,1.3617815869098857,CVPF,soup_scene3,70,old
3723,8.658201456069946,1.3617815869098857,CVPF,soup_scene3,70,old
3724,8.660461664199829,1.3617815869098857,CVPF,soup_scene3,70,old
3725,8.662964344024658,1.3582110051767513,CVPF,soup_scene3,70,old
3726,8.665239572525024,1.3582110051767513,CVPF,soup_scene3,70,old
3727,8.667382955551147,1.3582110051767513,CVPF,soup_scene3,70,old
3728,8.669775247573853,1.3547363003642987,CVPF,soup_scene3,70,old
3729,8.672117710113525,1.3547363003642987,CVPF,soup_scene3,70,old
3730,8.674289226531982,1.3547363003642987,CVPF,soup_scene3,70,old
3731,8.676595449447632,1.3546953177318786,CVPF,soup_scene3,70,old
3732,8.67887830734253,1.3505413536940605,CVPF,soup_scene3,70,old
3733,8.681293964385986,1.3505413536940605,CVPF,soup_scene3,70,old
3734,8.683404207229614,1.3505413536940605,CVPF,soup_scene3,70,old
3735,8.685749530792236,1.3462726475826372,CVPF,soup_scene3,70,old
3736,8.688050270080566,1.3462726475826372,CVPF,soup_scene3,70,old
3737,8.690142154693604,1.3462726475826372,CVPF,soup_scene3,70,old
3738,8.692303895950317,1.3462726475826372,CVPF,soup_scene3,70,old
3739,8.694633722305298,1.3403507894056377,CVPF,soup_scene3,70,old
3740,8.696887969970703,1.3403507894056377,CVPF,soup_scene3,70,old
3741,8.69900107383728,1.3403507894056377,CVPF,soup_scene3,70,old
3742,8.701239109039307,1.340312223168259,CVPF,soup_scene3,70,old
3743,8.703575372695923,1.3356420332842633,CVPF,soup_scene3,70,old
3744,8.705812931060791,1.3356420332842633,CVPF,soup_scene3,70,old
3745,8.707910776138306,1.3356420332842633,CVPF,soup_scene3,70,old
3746,8.710184097290039,1.3356420332842633,CVPF,soup_scene3,70,old
3747,8.712844610214233,1.3317777047033008,CVPF,soup_scene3,70,old
3748,8.71508502960205,1.3317777047033008,CVPF,soup_scene3,70,old
3749,8.71719241142273,1.3317777047033008,CVPF,soup_scene3,70,old
3750,8.719503164291382,1.327622322403088,CVPF,soup_scene3,70,old
3751,8.721786975860596,1.327622322403088,CVPF,soup_scene3,70,old
3752,8.723931312561035,1.327622322403088,CVPF,soup_scene3,70,old
3753,8.72616958618164,1.3276653613379734,CVPF,soup_scene3,70,old
3754,8.7284574508667,1.323387554425194,CVPF,soup_scene3,70,old
3755,8.730674505233765,1.323387554425194,CVPF,soup_scene3,70,old
3756,8.732849836349487,1.323387554425194,CVPF,soup_scene3,70,old
3757,8.735268354415894,1.323394640911844,CVPF,soup_scene3,70,old
3758,8.73753571510315,1.3187343953461985,CVPF,soup_scene3,70,old
3759,8.739888668060303,1.3187343953461985,CVPF,soup_scene3,70,old
3760,8.742084741592407,1.3187343953461985,CVPF,soup_scene3,70,old
3761,8.74434518814087,1.3187074037244715,CVPF,soup_scene3,70,old
3762,8.746541500091553,1.3187074037244715,CVPF,soup_scene3,70,old
3763,8.748812675476074,1.3135821909116787,CVPF,soup_scene3,70,old
3764,8.75096869468689,1.3135821909116787,CVPF,soup_scene3,70,old
3765,8.753326177597046,1.3135821909116787,CVPF,soup_scene3,70,old
3766,8.755516767501831,1.3135821909116787,CVPF,soup_scene3,70,old
3767,8.7578866481781,1.3136254655677826,CVPF,soup_scene3,70,old
3768,8.76015567779541,1.308861169010573,CVPF,soup_scene3,70,old
3769,8.762284755706787,1.308861169010573,CVPF,soup_scene3,70,old
3770,8.764508247375488,1.308861169010573,CVPF,soup_scene3,70,old
3771,8.766846418380737,1.308861169010573,CVPF,soup_scene3,70,old
3772,8.769126176834106,1.3088545414564017,CVPF,soup_scene3,70,old
3773,8.771350622177124,1.3088545414564017,CVPF,soup_scene3,70,old
3774,8.773763656616211,1.3082227046467043,CVPF,soup_scene3,70,old
3775,8.776052474975586,1.3082227046467043,CVPF,soup_scene3,70,old
3776,8.77824592590332,1.3082227046467043,CVPF,soup_scene3,70,old
3777,8.78071117401123,1.3019493403445193,CVPF,soup_scene3,70,old
3778,8.782975912094116,1.3019493403445193,CVPF,soup_scene3,70,old
3779,8.785301446914673,1.3019493403445193,CVPF,soup_scene3,70,old
3780,8.78765344619751,1.3019507170031916,CVPF,soup_scene3,70,old
3781,8.790438413619995,1.1091694913445949,CVPF,soup_scene3,70,old
3782,8.792813301086426,1.1091694913445949,CVPF,soup_scene3,70,old
3783,8.795379877090454,1.1091694913445949,CVPF,soup_scene3,70,old
3784,8.797534227371216,1.1091694913445949,CVPF,soup_scene3,70,old
3785,8.799764394760132,1.1091694913445949,CVPF,soup_scene3,70,old
3786,8.802090406417847,1.1096271572485268,CVPF,soup_scene3,70,old
3787,8.804632425308228,1.1143775252148043,CVPF,soup_scene3,70,old
3788,8.807149171829224,1.1143775252148043,CVPF,soup_scene3,70,old
3789,8.809303045272827,1.1143775252148043,CVPF,soup_scene3,70,old
3790,8.811418533325195,1.1143775252148043,CVPF,soup_scene3,70,old
3791,8.814071655273438,1.1213810036628509,CVPF,soup_scene3,70,old
3792,8.816300630569458,1.1213810036628509,CVPF,soup_scene3,70,old
3793,8.818509340286255,1.1213810036628509,CVPF,soup_scene3,70,old
3794,8.820685386657715,1.1209723674547698,CVPF,soup_scene3,70,old
3795,8.82288384437561,1.1209723674547698,CVPF,soup_scene3,70,old
3796,8.825138330459595,1.1258063998477077,CVPF,soup_scene3,70,old
3797,8.827430009841919,1.1258063998477077,CVPF,soup_scene3,70,old
3798,8.829508066177368,1.1258063998477077,CVPF,soup_scene3,70,old
3799,8.83169937133789,1.1258246966116738,CVPF,soup_scene3,70,old
3800,8.83402132987976,1.1287448110935498,CVPF,soup_scene3,70,old
3801,8.836264848709106,1.1287448110935498,CVPF,soup_scene3,70,old
3802,8.838357210159302,1.1287448110935498,CVPF,soup_scene3,70,old
3803,8.840616703033447,1.128707602745183,CVPF,soup_scene3,70,old
3804,8.842910051345825,1.1332509854176624,CVPF,soup_scene3,70,old
3805,8.845121622085571,1.1332509854176624,CVPF,soup_scene3,70,old
3806,8.847338914871216,1.1332509854176624,CVPF,soup_scene3,70,old
3807,8.849551677703857,1.1332509854176624,CVPF,soup_scene3,70,old
3808,8.851896047592163,1.1385389624364581,CVPF,soup_scene3,70,old
3809,8.854085922241211,1.1385389624364581,CVPF,soup_scene3,70,old
3810,8.856212377548218,1.1385389624364581,CVPF,soup_scene3,70,old
3811,8.858439445495605,1.1385389624364581,CVPF,soup_scene3,70,old
3812,8.860568523406982,1.1385389624364581,CVPF,soup_scene3,70,old
3813,8.863057851791382,1.1382169287814756,CVPF,soup_scene3,70,old
3814,8.865267038345337,1.1453085256600035,CVPF,soup_scene3,70,old
3815,8.867457389831543,1.1453085256600035,CVPF,soup_scene3,70,old
3816,8.869644165039062,1.1453085256600035,CVPF,soup_scene3,70,old
3817,8.871742248535156,1.1453085256600035,CVPF,soup_scene3,70,old
3818,8.874021768569946,1.1452132504557886,CVPF,soup_scene3,70,old
3819,8.87637710571289,1.1500068767068878,CVPF,soup_scene3,70,old
3820,8.878694772720337,1.1500068767068878,CVPF,soup_scene3,70,old
3821,8.881210803985596,1.1552839266326123,CVPF,soup_scene3,70,old
3822,8.883679389953613,1.1552839266326123,CVPF,soup_scene3,70,old
3823,8.88610315322876,1.160707818121491,CVPF,soup_scene3,70,old
3824,8.888496160507202,1.1655733270460624,CVPF,soup_scene3,70,old
3825,8.89075779914856,1.1655733270460624,CVPF,soup_scene3,70,old
3826,8.893278360366821,1.1696649631310017,CVPF,soup_scene3,70,old
3827,8.895607948303223,1.1696443427928633,CVPF,soup_scene3,70,old
3828,8.897950649261475,1.173015969723033,CVPF,soup_scene3,70,old
3829,8.90029501914978,1.1730182728385161,CVPF,soup_scene3,70,old
3830,8.902800559997559,1.1769034720789495,CVPF,soup_scene3,70,old
3831,8.90511155128479,1.1769034720789495,CVPF,soup_scene3,70,old
3832,8.907649278640747,1.1824626251253134,CVPF,soup_scene3,70,old
3833,8.910038471221924,1.1824358229945666,CVPF,soup_scene3,70,old
3834,8.91245722770691,1.1868797692090283,CVPF,soup_scene3,70,old
3835,8.914852857589722,1.1868797692090283,CVPF,soup_scene3,70,old
3836,8.917183876037598,1.1868797692090283,CVPF,soup_scene3,70,old
3837,8.919517278671265,1.1916832007291553,CVPF,soup_scene3,70,old
3838,8.92177939414978,1.1916832007291553,CVPF,soup_scene3,70,old
3839,8.924082517623901,1.1916832007291553,CVPF,soup_scene3,70,old
3840,8.92636775970459,1.191624492980429,CVPF,soup_scene3,70,old
3841,8.92882251739502,1.1962442698146827,CVPF,soup_scene3,70,old
3842,8.931103229522705,1.1962442698146827,CVPF,soup_scene3,70,old
3843,8.934827327728271,2.763129751317881,CVPF,soup_scene3,70,old
3844,8.938027620315552,2.758734155707438,CVPF,soup_scene3,70,old
3845,8.94094467163086,2.758734155707438,CVPF,soup_scene3,70,old
3846,8.943737030029297,2.753221640569308,CVPF,soup_scene3,70,old
3847,8.946136713027954,2.753221640569308,CVPF,soup_scene3,70,old
3848,8.948529958724976,2.753221640569308,CVPF,soup_scene3,70,old
3849,8.950679302215576,2.753221640569308,CVPF,soup_scene3,70,old
3850,8.953092575073242,2.74859745568826,CVPF,soup_scene3,70,old
3851,8.955398797988892,2.74859745568826,CVPF,soup_scene3,70,old
3852,8.957640886306763,2.74859745568826,CVPF,soup_scene3,70,old
3853,8.959959506988525,2.748568536836579,CVPF,soup_scene3,70,old
3854,8.962461709976196,2.743963615463058,CVPF,soup_scene3,70,old
3855,8.964830875396729,2.743963615463058,CVPF,soup_scene3,70,old
3856,8.966967821121216,2.743963615463058,CVPF,soup_scene3,70,old
3857,8.969350099563599,2.7393237427949675,CVPF,soup_scene3,70,old
3858,8.971610069274902,2.7393237427949675,CVPF,soup_scene3,70,old
3859,8.973737478256226,2.7393237427949675,CVPF,soup_scene3,70,old
3860,8.975931406021118,2.7393237427949675,CVPF,soup_scene3,70,old
3861,8.978221893310547,2.7340597757833747,CVPF,soup_scene3,70,old
3862,8.980470657348633,2.7340597757833747,CVPF,soup_scene3,70,old
3863,8.982640743255615,2.7340597757833747,CVPF,soup_scene3,70,old
3864,8.984909534454346,2.734083901197437,CVPF,soup_scene3,70,old
3865,8.987229585647583,2.7289267825474495,CVPF,soup_scene3,70,old
3866,8.989492893218994,2.7289267825474495,CVPF,soup_scene3,70,old
3867,8.99165964126587,2.7289267825474495,CVPF,soup_scene3,70,old
3868,8.994003772735596,2.724532925653003,CVPF,soup_scene3,70,old
3869,8.996294260025024,2.724532925653003,CVPF,soup_scene3,70,old
3870,8.998457431793213,2.724532925653003,CVPF,soup_scene3,70,old
3871,9.000591516494751,2.724532925653003,CVPF,soup_scene3,70,old
3872,9.002931594848633,2.720041337010799,CVPF,soup_scene3,70,old
3873,9.005251169204712,2.720041337010799,CVPF,soup_scene3,70,old
3874,9.00753903388977,2.720041337010799,CVPF,soup_scene3,70,old
3875,9.009729623794556,2.7200405577320295,CVPF,soup_scene3,70,old
3876,9.01199197769165,2.715762414752735,CVPF,soup_scene3,70,old
3877,9.014436721801758,2.715762414752735,CVPF,soup_scene3,70,old
3878,9.01650619506836,2.715762414752735,CVPF,soup_scene3,70,old
3879,9.018940448760986,2.7118884145193705,CVPF,soup_scene3,70,old
3880,9.02126169204712,2.7118884145193705,CVPF,soup_scene3,70,old
3881,9.023473501205444,2.7118884145193705,CVPF,soup_scene3,70,old
3882,9.025664329528809,2.711729444161585,CVPF,soup_scene3,70,old
3883,9.027968406677246,2.7080849657404427,CVPF,soup_scene3,70,old
3884,9.030223608016968,2.7080849657404427,CVPF,soup_scene3,70,old
3885,9.03234076499939,2.7080849657404427,CVPF,soup_scene3,70,old
3886,9.034670114517212,2.7082187058719516,CVPF,soup_scene3,70,old
3887,9.037109851837158,2.7041479046299135,CVPF,soup_scene3,70,old
3888,9.039311170578003,2.7041479046299135,CVPF,soup_scene3,70,old
3889,9.041365146636963,2.7041479046299135,CVPF,soup_scene3,70,old
3890,9.043709993362427,2.703994837320216,CVPF,soup_scene3,70,old
3891,9.046015501022339,2.699511070169282,CVPF,soup_scene3,70,old
3892,9.048241376876831,2.699511070169282,CVPF,soup_scene3,70,old
3893,9.050334930419922,2.699511070169282,CVPF,soup_scene3,70,old
3894,9.052683115005493,2.6956338194915346,CVPF,soup_scene3,70,old
3895,9.054957389831543,2.6956338194915346,CVPF,soup_scene3,70,old
3896,9.057174682617188,2.6956338194915346,CVPF,soup_scene3,70,old
3897,9.059421062469482,2.6956338194915346,CVPF,soup_scene3,70,old
3898,9.061863660812378,2.690881168347226,CVPF,soup_scene3,70,old
3899,9.064904928207397,2.690881168347226,CVPF,soup_scene3,70,old
3900,9.067842245101929,2.690873203661108,CVPF,soup_scene3,70,old
3901,9.070982217788696,2.6877446188243734,CVPF,soup_scene3,70,old
3902,9.073976993560791,2.6877446188243734,CVPF,soup_scene3,70,old
3903,9.077073812484741,2.68790289208061,CVPF,soup_scene3,70,old
3904,9.080315589904785,2.6845346430112556,CVPF,soup_scene3,70,old
3905,9.083193302154541,2.6845346430112556,CVPF,soup_scene3,70,old
3906,9.086183071136475,2.681152764347921,CVPF,soup_scene3,70,old
3907,9.089192628860474,2.681152764347921,CVPF,soup_scene3,70,old
3908,9.09208083152771,2.681152764347921,CVPF,soup_scene3,70,old
3909,9.09576153755188,1.2559791565428275,CVPF,soup_scene3,70,old
3910,9.09871506690979,1.2559791565428275,CVPF,soup_scene3,70,old
3911,9.101709604263306,1.2588030873512865,CVPF,soup_scene3,70,old
3912,9.104783773422241,1.2588030873512865,CVPF,soup_scene3,70,old
3913,9.10762357711792,1.2588030873512865,CVPF,soup_scene3,70,old
3914,9.11068868637085,1.2715639613664882,CVPF,soup_scene3,70,old
3915,9.113688230514526,1.2715639613664882,CVPF,soup_scene3,70,old
3916,9.116735219955444,1.2715639613664882,CVPF,soup_scene3,70,old
3917,9.119791746139526,1.2731867936808055,CVPF,soup_scene3,70,old
3918,9.122765064239502,1.2731867936808055,CVPF,soup_scene3,70,old
3919,9.125622510910034,1.2731867936808055,CVPF,soup_scene3,70,old
3920,9.128252267837524,1.2755999487379954,CVPF,soup_scene3,70,old
3921,9.130550861358643,1.2755999487379954,CVPF,soup_scene3,70,old
3922,9.13278841972351,1.2755999487379954,CVPF,soup_scene3,70,old
3923,9.135090589523315,1.27493471687644,CVPF,soup_scene3,70,old
3924,9.137375116348267,1.2768969395791823,CVPF,soup_scene3,70,old
3925,9.1395902633667,1.2768969395791823,CVPF,soup_scene3,70,old
3926,9.141768455505371,1.2768969395791823,CVPF,soup_scene3,70,old
3927,9.143989086151123,1.2771738585042893,CVPF,soup_scene3,70,old
3928,9.146165609359741,1.2771738585042893,CVPF,soup_scene3,70,old
3929,9.148524045944214,1.2771738585042893,CVPF,soup_scene3,70,old
3930,9.150699615478516,1.2771738585042893,CVPF,soup_scene3,70,old
3931,9.152932167053223,1.278980194815281,CVPF,soup_scene3,70,old
3932,9.155284881591797,1.278980194815281,CVPF,soup_scene3,70,old
3933,9.157506227493286,1.2789070871863215,CVPF,soup_scene3,70,old
3934,9.159770965576172,1.2809938177674542,CVPF,soup_scene3,70,old
3935,9.161867618560791,1.2809938177674542,CVPF,soup_scene3,70,old
3936,9.164052248001099,1.2809938177674542,CVPF,soup_scene3,70,old
3937,9.166419982910156,1.2809938177674542,CVPF,soup_scene3,70,old
3938,9.168637990951538,1.2807560165131786,CVPF,soup_scene3,70,old
3939,9.170842409133911,1.2807560165131786,CVPF,soup_scene3,70,old
3940,9.173121452331543,1.282525152649125,CVPF,soup_scene3,70,old
3941,9.175417184829712,1.282525152649125,CVPF,soup_scene3,70,old
3942,9.177581071853638,1.282525152649125,CVPF,soup_scene3,70,old
3943,9.17980146408081,1.282525152649125,CVPF,soup_scene3,70,old
3944,9.18214726448059,1.284738814780237,CVPF,soup_scene3,70,old
3945,9.184410810470581,1.284738814780237,CVPF,soup_scene3,70,old
3946,9.186569929122925,1.284738814780237,CVPF,soup_scene3,70,old
3947,9.188839435577393,1.284738814780237,CVPF,soup_scene3,70,old
3948,9.190917491912842,1.284738814780237,CVPF,soup_scene3,70,old
3949,9.193259477615356,1.286252683973232,CVPF,soup_scene3,70,old
3950,9.195489883422852,1.286252683973232,CVPF,soup_scene3,70,old
3951,9.197662353515625,1.286252683973232,CVPF,soup_scene3,70,old
3952,9.199840068817139,1.286252683973232,CVPF,soup_scene3,70,old
3953,9.202173948287964,1.286252683973232,CVPF,soup_scene3,70,old
3954,9.204659700393677,1.2871402503769733,CVPF,soup_scene3,70,old
3955,9.20681643486023,1.2871402503769733,CVPF,soup_scene3,70,old
3956,9.209045886993408,1.2871402503769733,CVPF,soup_scene3,70,old
3957,9.21113896369934,1.2871402503769733,CVPF,soup_scene3,70,old
3958,9.213470935821533,1.2871402503769733,CVPF,soup_scene3,70,old
3959,9.21574854850769,1.2871339810578997,CVPF,soup_scene3,70,old
3960,9.217854022979736,1.2871339810578997,CVPF,soup_scene3,70,old
3961,9.220271110534668,1.2885721399153978,CVPF,soup_scene3,70,old
3962,9.222618341445923,1.2885721399153978,CVPF,soup_scene3,70,old
3963,9.224960803985596,1.2885721399153978,CVPF,soup_scene3,70,old
3964,9.227132797241211,1.2885721399153978,CVPF,soup_scene3,70,old
3965,9.229544401168823,1.2888199312570316,CVPF,soup_scene3,70,old
3966,9.231852531433105,1.2910903532511853,CVPF,soup_scene3,70,old
3967,9.23408842086792,1.2910903532511853,CVPF,soup_scene3,70,old
3968,9.23630428314209,1.2910903532511853,CVPF,soup_scene3,70,old
3969,9.238614797592163,1.2910903532511853,CVPF,soup_scene3,70,old
3970,9.24082612991333,1.2926275295499536,CVPF,soup_scene3,70,old
3971,9.243094682693481,1.2926275295499536,CVPF,soup_scene3,70,old
3972,9.245476961135864,1.2926275295499536,CVPF,soup_scene3,70,old
3973,9.24765658378601,1.292622082118748,CVPF,soup_scene3,70,old
3974,9.24994158744812,1.2940737660881805,CVPF,soup_scene3,70,old
3975,9.252244472503662,1.2940737660881805,CVPF,soup_scene3,70,old
3976,9.255094051361084,1.009079982275025,CVPF,soup_scene3,70,old
3977,9.257351875305176,1.009079982275025,CVPF,soup_scene3,70,old
3978,9.259550333023071,1.009079982275025,CVPF,soup_scene3,70,old
3979,9.261644124984741,1.009079982275025,CVPF,soup_scene3,70,old
3980,9.263928651809692,1.008958353584604,CVPF,soup_scene3,70,old
3981,9.266246557235718,1.0089620520975104,CVPF,soup_scene3,70,old
3982,9.268552780151367,1.0089620520975104,CVPF,soup_scene3,70,old
3983,9.270845413208008,1.0089620520975104,CVPF,soup_scene3,70,old
3984,9.273299932479858,1.0088979080900724,CVPF,soup_scene3,70,old
3985,9.275490760803223,1.0088979080900724,CVPF,soup_scene3,70,old
3986,9.277629375457764,1.0073822584029914,CVPF,soup_scene3,70,old
3987,9.279856443405151,1.0073822584029914,CVPF,soup_scene3,70,old
3988,9.28213620185852,1.0073822584029914,CVPF,soup_scene3,70,old
3989,9.28442931175232,1.0073822584029914,CVPF,soup_scene3,70,old
3990,9.286835670471191,1.0064518391556767,CVPF,soup_scene3,70,old
3991,9.289198875427246,1.0065869919913415,CVPF,soup_scene3,70,old
3992,9.291646957397461,1.0054051095040435,CVPF,soup_scene3,70,old
3993,9.294025182723999,1.0054051095040435,CVPF,soup_scene3,70,old
3994,9.296456336975098,1.0041393305044861,CVPF,soup_scene3,70,old
3995,9.298814296722412,1.0035532295262948,CVPF,soup_scene3,70,old
3996,9.3011314868927,1.0023248124804303,CVPF,soup_scene3,70,old
3997,9.303504467010498,1.0028635999282354,CVPF,soup_scene3,70,old
3998,9.30586290359497,1.002113106266862,CVPF,soup_scene3,70,old
3999,9.308316707611084,1.0011728891157998,CVPF,soup_scene3,70,old
4000,9.310578346252441,1.0011728891157998,CVPF,soup_scene3,70,old
4001,9.31302547454834,0.9988581955975708,CVPF,soup_scene3,70,old
4002,9.315420389175415,0.9988581955975708,CVPF,soup_scene3,70,old
4003,9.317907333374023,0.9983461804715276,CVPF,soup_scene3,70,old
4004,9.320242643356323,0.9978926583417028,CVPF,soup_scene3,70,old
4005,9.322625160217285,0.9969873063318448,CVPF,soup_scene3,70,old
4006,9.324894905090332,0.9969873063318448,CVPF,soup_scene3,70,old
4007,9.327365398406982,0.9964685720860084,CVPF,soup_scene3,70,old
4008,9.329625368118286,0.9964685720860084,CVPF,soup_scene3,70,old
4009,9.331939220428467,0.9958197357868882,CVPF,soup_scene3,70,old
4010,9.33434772491455,0.9958197357868882,CVPF,soup_scene3,70,old
4011,9.336845397949219,0.9957540125441865,CVPF,soup_scene3,70,old
4012,9.339236497879028,0.9947178702330775,CVPF,soup_scene3,70,old
4013,9.341363906860352,0.9947178702330775,CVPF,soup_scene3,70,old
4014,9.343682289123535,0.9936964996996548,CVPF,soup_scene3,70,old
4015,9.346176624298096,0.9936964996996548,CVPF,soup_scene3,70,old
4016,9.348317861557007,0.9936964996996548,CVPF,soup_scene3,70,old
4017,9.350441455841064,0.9936964996996548,CVPF,soup_scene3,70,old
4018,9.352812767028809,0.9927813079707516,CVPF,soup_scene3,70,old
4019,9.35509967803955,0.9927813079707516,CVPF,soup_scene3,70,old
4020,9.357273578643799,0.9927813079707516,CVPF,soup_scene3,70,old
4021,9.359492540359497,0.9927813079707516,CVPF,soup_scene3,70,old
4022,9.361964225769043,0.9917784441990976,CVPF,soup_scene3,70,old
4023,9.364244222640991,0.9917784441990976,CVPF,soup_scene3,70,old
4024,9.366430282592773,0.9917784441990976,CVPF,soup_scene3,70,old
4025,9.368823766708374,0.9919817584064593,CVPF,soup_scene3,70,old
4026,9.371144533157349,0.9914586226895282,CVPF,soup_scene3,70,old
4027,9.373387336730957,0.9914586226895282,CVPF,soup_scene3,70,old
4028,9.37568974494934,0.9914586226895282,CVPF,soup_scene3,70,old
4029,9.378117084503174,0.9918187976156746,CVPF,soup_scene3,70,old
4030,9.380687236785889,0.9918187976156746,CVPF,soup_scene3,70,old
4031,9.382994651794434,0.9918187976156746,CVPF,soup_scene3,70,old
4032,9.385341167449951,0.9911702050043404,CVPF,soup_scene3,70,old
4033,9.387885093688965,0.9905609610699376,CVPF,soup_scene3,70,old
4034,9.390204429626465,0.9905609610699376,CVPF,soup_scene3,70,old
4035,9.3923819065094,0.9905609610699376,CVPF,soup_scene3,70,old
4036,9.394820928573608,0.9907912643264245,CVPF,soup_scene3,70,old
4037,9.397305488586426,0.9907912643264245,CVPF,soup_scene3,70,old
4038,9.399487733840942,0.9907912643264245,CVPF,soup_scene3,70,old
4039,9.401784420013428,0.9907912643264245,CVPF,soup_scene3,70,old
4040,9.404241561889648,0.9899986186096732,CVPF,soup_scene3,70,old
4041,9.406747102737427,0.9899986186096732,CVPF,soup_scene3,70,old
4042,9.40910029411316,0.9897983550379064,CVPF,soup_scene3,70,old
4043,9.411652326583862,0.9890978425721594,CVPF,soup_scene3,70,old
4044,9.414130687713623,0.9890978425721594,CVPF,soup_scene3,70,old
4045,9.417031526565552,2.269090755097584,CVPF,soup_scene3,70,old
4046,9.419401407241821,2.2692612589205083,CVPF,soup_scene3,70,old
4047,9.421916484832764,2.2692612589205083,CVPF,soup_scene3,70,old
4048,9.424245834350586,2.2692612589205083,CVPF,soup_scene3,70,old
4049,9.426473140716553,2.2694756074688374,CVPF,soup_scene3,70,old
4050,9.428853750228882,2.269867918281278,CVPF,soup_scene3,70,old
4051,9.431182622909546,2.269867918281278,CVPF,soup_scene3,70,old
4052,9.43331789970398,2.269867918281278,CVPF,soup_scene3,70,old
4053,9.435621738433838,2.2699967394241405,CVPF,soup_scene3,70,old
4054,9.438079357147217,2.2795015910648004,CVPF,soup_scene3,70,old
4055,9.440321207046509,2.2795015910648004,CVPF,soup_scene3,70,old
4056,9.442481279373169,2.279560986511048,CVPF,soup_scene3,70,old
4057,9.444833993911743,2.279560986511048,CVPF,soup_scene3,70,old
4058,9.447252988815308,2.279689372119505,CVPF,soup_scene3,70,old
4059,9.449375867843628,2.279689372119505,CVPF,soup_scene3,70,old
4060,9.4516122341156,2.279963818626205,CVPF,soup_scene3,70,old
4061,9.45392656326294,2.2797840244070793,CVPF,soup_scene3,70,old
4062,9.456193685531616,2.2797840244070793,CVPF,soup_scene3,70,old
4063,9.4582839012146,2.2797840244070793,CVPF,soup_scene3,70,old
4064,9.46060585975647,2.2795989384346327,CVPF,soup_scene3,70,old
4065,9.462963342666626,2.2795989384346327,CVPF,soup_scene3,70,old
4066,9.465168476104736,2.2795989384346327,CVPF,soup_scene3,70,old
4067,9.46748423576355,2.2795989384346327,CVPF,soup_scene3,70,old
4068,9.469845056533813,2.27994546707515,CVPF,soup_scene3,70,old
4069,9.472200870513916,2.27994546707515,CVPF,soup_scene3,70,old
4070,9.474384307861328,2.27994546707515,CVPF,soup_scene3,70,old
4071,9.476653575897217,2.2810746755820945,CVPF,soup_scene3,70,old
4072,9.478924751281738,2.2811612873158236,CVPF,soup_scene3,70,old
4073,9.481204986572266,2.2811612873158236,CVPF,soup_scene3,70,old
4074,9.483348608016968,2.2811612873158236,CVPF,soup_scene3,70,old
4075,9.485674858093262,2.2814128762651698,CVPF,soup_scene3,70,old
4076,9.48804259300232,2.281310611323994,CVPF,soup_scene3,70,old
4077,9.4902982711792,2.281310611323994,CVPF,soup_scene3,70,old
4078,9.492493152618408,2.2814817967605183,CVPF,soup_scene3,70,old
4079,9.494738817214966,2.281011830101193,CVPF,soup_scene3,70,old
4080,9.497186422348022,2.281011830101193,CVPF,soup_scene3,70,old
4081,9.499346017837524,2.281011830101193,CVPF,soup_scene3,70,old
4082,9.50180172920227,2.281138988036461,CVPF,soup_scene3,70,old
4083,9.504089117050171,2.2811190199990303,CVPF,soup_scene3,70,old
4084,9.506364822387695,2.2811190199990303,CVPF,soup_scene3,70,old
4085,9.508512258529663,2.2811190199990303,CVPF,soup_scene3,70,old
4086,9.510916709899902,2.281037458434674,CVPF,soup_scene3,70,old
4087,9.513246536254883,2.281037458434674,CVPF,soup_scene3,70,old
4088,9.515450716018677,2.281037458434674,CVPF,soup_scene3,70,old
4089,9.517659902572632,2.281037458434674,CVPF,soup_scene3,70,old
4090,9.519966840744019,2.2808582687116106,CVPF,soup_scene3,70,old
4091,9.522207975387573,2.2808582687116106,CVPF,soup_scene3,70,old
4092,9.524330615997314,2.2808582687116106,CVPF,soup_scene3,70,old
4093,9.52668809890747,2.280602970899991,CVPF,soup_scene3,70,old
4094,9.529037475585938,2.2805952887155323,CVPF,soup_scene3,70,old
4095,9.531209707260132,2.2805952887155323,CVPF,soup_scene3,70,old
4096,9.533257961273193,2.2805952887155323,CVPF,soup_scene3,70,old
4097,9.53584098815918,2.2811875564290016,CVPF,soup_scene3,70,old
4098,9.53947138786316,2.2798971592289283,CVPF,soup_scene3,70,old
4099,9.542978763580322,2.2799534023901766,CVPF,soup_scene3,70,old
4100,9.546403169631958,2.2788945268333642,CVPF,soup_scene3,70,old
4101,9.54999852180481,2.2788945268333642,CVPF,soup_scene3,70,old
4102,9.55357050895691,2.278574792427422,CVPF,soup_scene3,70,old
4103,9.557015895843506,2.278574792427422,CVPF,soup_scene3,70,old
4104,9.560370445251465,2.2781289097186925,CVPF,soup_scene3,70,old
4105,9.563800811767578,2.2776326347538225,CVPF,soup_scene3,70,old
4106,9.567203044891357,2.2776326347538225,CVPF,soup_scene3,70,old
4107,9.5707426071167,2.277189957968643,CVPF,soup_scene3,70,old
4108,9.574097633361816,2.277189957968643,CVPF,soup_scene3,70,old
4109,9.577672719955444,2.277103638795283,CVPF,soup_scene3,70,old
4110,9.581072568893433,2.2766667922843222,CVPF,soup_scene3,70,old
4111,9.584219932556152,2.2766667922843222,CVPF,soup_scene3,70,old
4112,9.586661100387573,2.2519963052963132,CVPF,soup_scene3,70,old
4113,9.589028120040894,2.2519963052963132,CVPF,soup_scene3,70,old
4114,9.591264724731445,2.2519963052963132,CVPF,soup_scene3,70,old
4115,9.59356689453125,2.2518519676139466,CVPF,soup_scene3,70,old
4116,9.596518278121948,0.8287711071268055,CVPF,soup_scene3,70,old
4117,9.59882378578186,0.8287711071268055,CVPF,soup_scene3,70,old
4118,9.60103440284729,0.8287711071268055,CVPF,soup_scene3,70,old
4119,9.603360414505005,0.8280151595518743,CVPF,soup_scene3,70,old
4120,9.605711698532104,0.8280151595518743,CVPF,soup_scene3,70,old
4121,9.60802149772644,0.8280151595518743,CVPF,soup_scene3,70,old
4122,9.610353231430054,0.8330866671854364,CVPF,soup_scene3,70,old
4123,9.61259913444519,0.8333955887973774,CVPF,soup_scene3,70,old
4124,9.614999294281006,0.8333955887973774,CVPF,soup_scene3,70,old
4125,9.617150068283081,0.8333955887973774,CVPF,soup_scene3,70,old
4126,9.619446992874146,0.8285111419294628,CVPF,soup_scene3,70,old
4127,9.621667623519897,0.8285111419294628,CVPF,soup_scene3,70,old
4128,9.623897790908813,0.8285111419294628,CVPF,soup_scene3,70,old
4129,9.626096248626709,0.828790363044812,CVPF,soup_scene3,70,old
4130,9.62849760055542,0.828790363044812,CVPF,soup_scene3,70,old
4131,9.630733489990234,0.8240799355215346,CVPF,soup_scene3,70,old
4132,9.632972240447998,0.8240799355215346,CVPF,soup_scene3,70,old
4133,9.635317325592041,0.8231336554060329,CVPF,soup_scene3,70,old
4134,9.637645959854126,0.8232297420059088,CVPF,soup_scene3,70,old
4135,9.639864921569824,0.8232297420059088,CVPF,soup_scene3,70,old
4136,9.642034530639648,0.8232297420059088,CVPF,soup_scene3,70,old
4137,9.64439082145691,0.8282851959643354,CVPF,soup_scene3,70,old
4138,9.646810293197632,0.8282851959643354,CVPF,soup_scene3,70,old
4139,9.64906096458435,0.8282851959643354,CVPF,soup_scene3,70,old
4140,9.651247024536133,0.8282851959643354,CVPF,soup_scene3,70,old
4141,9.653652906417847,0.8270901439972359,CVPF,soup_scene3,70,old
4142,9.656085729598999,0.8270901439972359,CVPF,soup_scene3,70,old
4143,9.658180952072144,0.8270901439972359,CVPF,soup_scene3,70,old
4144,9.660441160202026,0.8283892523046246,CVPF,soup_scene3,70,old
4145,9.662799596786499,0.8292228387157965,CVPF,soup_scene3,70,old
4146,9.664966583251953,0.8292228387157965,CVPF,soup_scene3,70,old
4147,9.667222499847412,0.8292228387157965,CVPF,soup_scene3,70,old
4148,9.669674158096313,0.8292228601823355,CVPF,soup_scene3,70,old
4149,9.672041177749634,0.8292228601823355,CVPF,soup_scene3,70,old
4150,9.674193143844604,0.8292228601823355,CVPF,soup_scene3,70,old
4151,9.676510334014893,0.8292228601823355,CVPF,soup_scene3,70,old
4152,9.67884349822998,0.8287875005783597,CVPF,soup_scene3,70,old
4153,9.681174516677856,0.8287875005783597,CVPF,soup_scene3,70,old
4154,9.683318614959717,0.8287875005783597,CVPF,soup_scene3,70,old
4155,9.685593366622925,0.8287941256869529,CVPF,soup_scene3,70,old
4156,9.688000202178955,0.8287030537048745,CVPF,soup_scene3,70,old
4157,9.690172910690308,0.8287030537048745,CVPF,soup_scene3,70,old
4158,9.69242000579834,0.8291354063849283,CVPF,soup_scene3,70,old
4159,9.694668769836426,0.8291580267558655,CVPF,soup_scene3,70,old
4160,9.697503566741943,0.8291580267558655,CVPF,soup_scene3,70,old
4161,9.700898885726929,0.8291580267558655,CVPF,soup_scene3,70,old
4162,9.704482316970825,0.8283544948647471,CVPF,soup_scene3,70,old
4163,9.707767963409424,0.8283544948647471,CVPF,soup_scene3,70,old
4164,9.711238622665405,0.8282990863336077,CVPF,soup_scene3,70,old
4165,9.714710712432861,0.8282990863336077,CVPF,soup_scene3,70,old
4166,9.71816611289978,0.8282990863336077,CVPF,soup_scene3,70,old
4167,9.72163701057434,0.8284158514220411,CVPF,soup_scene3,70,old
4168,9.725059986114502,0.8284158514220411,CVPF,soup_scene3,70,old
4169,9.728582620620728,0.828290815581841,CVPF,soup_scene3,70,old
4170,9.73172116279602,0.828290815581841,CVPF,soup_scene3,70,old
4171,9.734742164611816,0.828241295101024,CVPF,soup_scene3,70,old
4172,9.737973690032959,0.8283214192477109,CVPF,soup_scene3,70,old
4173,9.740915536880493,0.8283214192477109,CVPF,soup_scene3,70,old
4174,9.744069576263428,0.8291070325424902,CVPF,soup_scene3,70,old
4175,9.747117519378662,0.8291070325424902,CVPF,soup_scene3,70,old
4176,9.750423669815063,2.2216203420865694,CVPF,soup_scene3,70,old
4177,9.75398325920105,2.2215482384581913,CVPF,soup_scene3,70,old
4178,9.757121801376343,2.2550666956433396,CVPF,soup_scene3,70,old
4179,9.76025915145874,2.257131675951846,CVPF,soup_scene3,70,old
4180,9.763320684432983,2.257131675951846,CVPF,soup_scene3,70,old
4181,9.766215801239014,2.257131675951846,CVPF,soup_scene3,70,old
4182,9.769287824630737,2.260778997138452,CVPF,soup_scene3,70,old
4183,9.771987676620483,2.260778997138452,CVPF,soup_scene3,70,old
4184,9.774317979812622,2.260778997138452,CVPF,soup_scene3,70,old
4185,9.776618242263794,2.2602273069739587,CVPF,soup_scene3,70,old
4186,9.779126644134521,2.2626409884867034,CVPF,soup_scene3,70,old
4187,9.78150987625122,2.2626409884867034,CVPF,soup_scene3,70,old
4188,9.783690690994263,2.2626409884867034,CVPF,soup_scene3,70,old
4189,9.78602123260498,2.265667139350784,CVPF,soup_scene3,70,old
4190,9.788376331329346,2.265667139350784,CVPF,soup_scene3,70,old
4191,9.790565490722656,2.265667139350784,CVPF,soup_scene3,70,old
4192,9.792818069458008,2.265269610226688,CVPF,soup_scene3,70,old
4193,9.795093536376953,2.2684632727017604,CVPF,soup_scene3,70,old
4194,9.797343492507935,2.2684632727017604,CVPF,soup_scene3,70,old
4195,9.799625635147095,2.2684632727017604,CVPF,soup_scene3,70,old
4196,9.801904201507568,2.271961960242346,CVPF,soup_scene3,70,old
4197,9.804170846939087,2.271961960242346,CVPF,soup_scene3,70,old
4198,9.806463241577148,2.271961960242346,CVPF,soup_scene3,70,old
4199,9.808699131011963,2.271961960242346,CVPF,soup_scene3,70,old
4200,9.811020135879517,2.274849002017416,CVPF,soup_scene3,70,old
4201,9.813527822494507,2.274849002017416,CVPF,soup_scene3,70,old
4202,9.815907716751099,2.274849002017416,CVPF,soup_scene3,70,old
4203,9.818427562713623,2.279606124419696,CVPF,soup_scene3,70,old
4204,9.820955276489258,2.279606124419696,CVPF,soup_scene3,70,old
4205,9.82313060760498,2.279606124419696,CVPF,soup_scene3,70,old
4206,9.825286149978638,2.279606124419696,CVPF,soup_scene3,70,old
4207,9.8278169631958,2.2839568612333494,CVPF,soup_scene3,70,old
4208,9.830219507217407,2.2839568612333494,CVPF,soup_scene3,70,old
4209,9.832394123077393,2.2839568612333494,CVPF,soup_scene3,70,old
4210,9.834514856338501,2.2839568612333494,CVPF,soup_scene3,70,old
4211,9.837028503417969,2.287827871645994,CVPF,soup_scene3,70,old
4212,9.839567184448242,2.287827871645994,CVPF,soup_scene3,70,old
4213,9.841823816299438,2.287827871645994,CVPF,soup_scene3,70,old
4214,9.84428334236145,2.291498759051448,CVPF,soup_scene3,70,old
4215,9.846839904785156,2.291609453335764,CVPF,soup_scene3,70,old
4216,9.849225044250488,2.291609453335764,CVPF,soup_scene3,70,old
4217,9.851519346237183,2.291609453335764,CVPF,soup_scene3,70,old
4218,9.85399842262268,2.295219242702746,CVPF,soup_scene3,70,old
4219,9.856468200683594,2.295219242702746,CVPF,soup_scene3,70,old
4220,9.85952377319336,2.295219242702746,CVPF,soup_scene3,70,old
4221,9.862612247467041,2.2986037940051376,CVPF,soup_scene3,70,old
4222,9.865229606628418,2.2986037940051376,CVPF,soup_scene3,70,old
4223,9.867575883865356,2.2986217809891922,CVPF,soup_scene3,70,old
4224,9.870020389556885,2.302104354488601,CVPF,soup_scene3,70,old
4225,9.872314214706421,2.302104354488601,CVPF,soup_scene3,70,old
4226,9.87456226348877,2.302104354488601,CVPF,soup_scene3,70,old
4227,9.876818180084229,2.302082015352034,CVPF,soup_scene3,70,old
4228,9.879220008850098,2.3054247056497617,CVPF,soup_scene3,70,old
4229,9.881540060043335,2.3054247056497617,CVPF,soup_scene3,70,old
4230,9.883731842041016,2.305871311953754,CVPF,soup_scene3,70,old
4231,9.886164426803589,2.309346049381772,CVPF,soup_scene3,70,old
4232,9.888579607009888,2.309346049381772,CVPF,soup_scene3,70,old
4233,9.890830755233765,2.309346049381772,CVPF,soup_scene3,70,old
4234,9.893182277679443,2.3088285041650747,CVPF,soup_scene3,70,old
4235,9.89551568031311,2.3076253664297726,CVPF,soup_scene3,70,old
4236,9.897748947143555,2.3076253664297726,CVPF,soup_scene3,70,old
4237,9.900045156478882,2.3076253664297726,CVPF,soup_scene3,70,old
4238,9.902395248413086,2.308075902088749,CVPF,soup_scene3,70,old
4239,9.904776573181152,2.308075902088749,CVPF,soup_scene3,70,old
4240,9.90703272819519,2.308075902088749,CVPF,soup_scene3,70,old
4241,9.909281730651855,2.308075902088749,CVPF,soup_scene3,70,old
4242,9.911681890487671,2.3083547409626552,CVPF,soup_scene3,70,old
4243,9.914082527160645,2.3083547409626552,CVPF,soup_scene3,70,old
4244,9.916352033615112,2.3083547409626552,CVPF,soup_scene3,70,old
4245,9.919755935668945,0.9709228868968143,CVPF,soup_scene3,70,old
4246,9.922256469726562,0.9709228868968143,CVPF,soup_scene3,70,old
4247,9.924528360366821,0.9709228868968143,CVPF,soup_scene3,70,old
4248,9.927088975906372,0.9709228868968143,CVPF,soup_scene3,70,old
4249,9.92983865737915,0.9681893035202049,CVPF,soup_scene3,70,old
4250,9.93216609954834,0.9681893035202049,CVPF,soup_scene3,70,old
4251,9.934685707092285,0.9681893035202049,CVPF,soup_scene3,70,old
4252,9.93751049041748,0.9699243870626659,CVPF,soup_scene3,70,old
4253,9.939939737319946,0.9699243870626659,CVPF,soup_scene3,70,old
4254,9.942279577255249,0.9699243870626659,CVPF,soup_scene3,70,old
4255,9.944890975952148,0.9702936123753462,CVPF,soup_scene3,70,old
4256,9.947262525558472,0.9702936123753462,CVPF,soup_scene3,70,old
4257,9.949503421783447,0.9702936123753462,CVPF,soup_scene3,70,old
4258,9.951862812042236,0.9702936123753462,CVPF,soup_scene3,70,old
4259,9.95438003540039,0.9701863823911825,CVPF,soup_scene3,70,old
4260,9.956759929656982,0.9696282863058583,CVPF,soup_scene3,70,old
4261,9.959046840667725,0.9696282863058583,CVPF,soup_scene3,70,old
4262,9.961564540863037,0.9696282863058583,CVPF,soup_scene3,70,old
4263,9.96397590637207,0.9705385044630094,CVPF,soup_scene3,70,old
4264,9.966188430786133,0.9705385044630094,CVPF,soup_scene3,70,old
4265,9.968605041503906,0.9697950484403264,CVPF,soup_scene3,70,old
4266,9.971027135848999,0.9697950484403264,CVPF,soup_scene3,70,old
4267,9.973257303237915,0.9693156140224541,CVPF,soup_scene3,70,old
4268,9.975534439086914,0.9693156140224541,CVPF,soup_scene3,70,old
4269,9.977892875671387,0.9696888462619387,CVPF,soup_scene3,70,old
4270,9.98050332069397,0.9696888462619387,CVPF,soup_scene3,70,old
4271,9.982771873474121,0.9696888462619387,CVPF,soup_scene3,70,old
4272,9.985234260559082,0.9707466101922386,CVPF,soup_scene3,70,old
4273,9.987576723098755,0.9707466101922386,CVPF,soup_scene3,70,old
4274,9.989856481552124,0.9707466101922386,CVPF,soup_scene3,70,old
4275,9.992249488830566,0.9697819656501749,CVPF,soup_scene3,70,old
4276,9.994600534439087,0.9697819656501749,CVPF,soup_scene3,70,old
4277,9.99675965309143,0.9697819656501749,CVPF,soup_scene3,70,old
4278,9.999132633209229,0.9697819656501749,CVPF,soup_scene3,70,old
4279,10.001382112503052,0.9697819656501749,CVPF,soup_scene3,70,old
4280,10.003803014755249,0.9698081857424712,CVPF,soup_scene3,70,old
4281,10.005987644195557,0.9698081857424712,CVPF,soup_scene3,70,old
4282,10.00843596458435,0.9698081857424712,CVPF,soup_scene3,70,old
4283,10.010718584060669,0.9698081857424712,CVPF,soup_scene3,70,old
4284,10.013177156448364,0.9698081857424712,CVPF,soup_scene3,70,old
4285,10.015456676483154,0.9698081857424712,CVPF,soup_scene3,70,old
4286,10.017903566360474,0.9694498837778754,CVPF,soup_scene3,70,old
4287,10.020293712615967,0.9702088223980869,CVPF,soup_scene3,70,old
4288,10.022484540939331,0.9702088223980869,CVPF,soup_scene3,70,old
4289,10.025030851364136,0.9705734209755158,CVPF,soup_scene3,70,old
4290,10.027340412139893,0.9680644131991806,CVPF,soup_scene3,70,old
4291,10.029766082763672,0.9680644131991806,CVPF,soup_scene3,70,old
4292,10.032017469406128,0.9680644131991806,CVPF,soup_scene3,70,old
4293,10.03426218032837,0.9676297851832971,CVPF,soup_scene3,70,old
4294,10.036561727523804,0.9676928460416027,CVPF,soup_scene3,70,old
4295,10.038930416107178,0.9676928460416027,CVPF,soup_scene3,70,old
4296,10.041253566741943,0.9676928460416027,CVPF,soup_scene3,70,old
4297,10.043583393096924,0.9675827580505141,CVPF,soup_scene3,70,old
4298,10.045964241027832,0.9678606045941288,CVPF,soup_scene3,70,old
4299,10.04836392402649,0.9678606045941288,CVPF,soup_scene3,70,old
4300,10.050828695297241,0.9678606045941288,CVPF,soup_scene3,70,old
4301,10.05309510231018,0.9678606045941288,CVPF,soup_scene3,70,old
4302,10.055372953414917,0.9678606045941288,CVPF,soup_scene3,70,old
4303,10.05771017074585,0.968743038093428,CVPF,soup_scene3,70,old
4304,10.059988260269165,0.968743038093428,CVPF,soup_scene3,70,old
4305,10.06224250793457,0.968743038093428,CVPF,soup_scene3,70,old
4306,10.064563035964966,0.968743038093428,CVPF,soup_scene3,70,old
4307,10.066817998886108,0.968317970938453,CVPF,soup_scene3,70,old
4308,10.069228649139404,0.9694968632412326,CVPF,soup_scene3,70,old
4309,10.071518421173096,0.9694968632412326,CVPF,soup_scene3,70,old
4310,10.073835849761963,0.9694968632412326,CVPF,soup_scene3,70,old
4311,10.076913356781006,0.9694968632412326,CVPF,soup_scene3,70,old
4312,10.079515933990479,1.6481801265319795,CVPF,soup_scene3,70,old
4313,10.081660509109497,1.6481801265319795,CVPF,soup_scene3,70,old
4314,10.083938121795654,1.6481801265319795,CVPF,soup_scene3,70,old
4315,10.086419343948364,1.6480497139782173,CVPF,soup_scene3,70,old
4316,10.088778257369995,1.6480497139782173,CVPF,soup_scene3,70,old
4317,10.091672897338867,1.6477384703287186,CVPF,soup_scene3,70,old
4318,10.094228506088257,1.6472094682033562,CVPF,soup_scene3,70,old
4319,10.09679388999939,1.6472841959680915,CVPF,soup_scene3,70,old
4320,10.099398851394653,1.6482112072129818,CVPF,soup_scene3,70,old
4321,10.101856231689453,1.6482112072129818,CVPF,soup_scene3,70,old
4322,10.104363918304443,1.648150065444665,CVPF,soup_scene3,70,old
4323,10.106863737106323,1.648345846464352,CVPF,soup_scene3,70,old
4324,10.10946011543274,1.6480909932219765,CVPF,soup_scene3,70,old
4325,10.111921787261963,1.6480909932219765,CVPF,soup_scene3,70,old
4326,10.114367246627808,1.6478887041136447,CVPF,soup_scene3,70,old
4327,10.116589069366455,1.6478887041136447,CVPF,soup_scene3,70,old
4328,10.119061470031738,1.6470735769398948,CVPF,soup_scene3,70,old
4329,10.121494054794312,1.6470735769398948,CVPF,soup_scene3,70,old
4330,10.123793125152588,1.6472770014311013,CVPF,soup_scene3,70,old
4331,10.126079082489014,1.6472770014311013,CVPF,soup_scene3,70,old
4332,10.12852168083191,1.6466479533126215,CVPF,soup_scene3,70,old
4333,10.13081669807434,1.6473103271269238,CVPF,soup_scene3,70,old
4334,10.133047580718994,1.6473103271269238,CVPF,soup_scene3,70,old
4335,10.13538146018982,1.6478628631809595,CVPF,soup_scene3,70,old
4336,10.137801170349121,1.6492743451653142,CVPF,soup_scene3,70,old
4337,10.140225172042847,1.6492743451653142,CVPF,soup_scene3,70,old
4338,10.14256763458252,1.6492873995438293,CVPF,soup_scene3,70,old
4339,10.144932746887207,1.6496857400583353,CVPF,soup_scene3,70,old
4340,10.14726209640503,1.6496857400583353,CVPF,soup_scene3,70,old
4341,10.149497985839844,1.6496857400583353,CVPF,soup_scene3,70,old
4342,10.151966333389282,1.6504979119882508,CVPF,soup_scene3,70,old
4343,10.154206275939941,1.6504979119882508,CVPF,soup_scene3,70,old
4344,10.15643310546875,1.6504979119882508,CVPF,soup_scene3,70,old
4345,10.15859580039978,1.6504979119882508,CVPF,soup_scene3,70,old
4346,10.160969734191895,1.650477147745832,CVPF,soup_scene3,70,old
4347,10.163337469100952,1.650259905455579,CVPF,soup_scene3,70,old
4348,10.16544222831726,1.650259905455579,CVPF,soup_scene3,70,old
4349,10.167622566223145,1.650259905455579,CVPF,soup_scene3,70,old
4350,10.17007565498352,1.6485007519169566,CVPF,soup_scene3,70,old
4351,10.172338724136353,1.6485007519169566,CVPF,soup_scene3,70,old
4352,10.17456841468811,1.6485007519169566,CVPF,soup_scene3,70,old
4353,10.17689561843872,1.6471289392227142,CVPF,soup_scene3,70,old
4354,10.179327487945557,1.6471289392227142,CVPF,soup_scene3,70,old
4355,10.18179726600647,1.6471289392227142,CVPF,soup_scene3,70,old
4356,10.184031963348389,1.6471289392227142,CVPF,soup_scene3,70,old
4357,10.18653655052185,1.647504033632635,CVPF,soup_scene3,70,old
4358,10.188929319381714,1.647504033632635,CVPF,soup_scene3,70,old
4359,10.191123485565186,1.647504033632635,CVPF,soup_scene3,70,old
4360,10.193461656570435,1.6475146919606,CVPF,soup_scene3,70,old
4361,10.195701599121094,1.6479294581130128,CVPF,soup_scene3,70,old
4362,10.197861909866333,1.6479294581130128,CVPF,soup_scene3,70,old
4363,10.200067043304443,1.6479294581130128,CVPF,soup_scene3,70,old
4364,10.202415704727173,1.6476382836757164,CVPF,soup_scene3,70,old
4365,10.204671382904053,1.6476382836757164,CVPF,soup_scene3,70,old
4366,10.207322120666504,1.6476382836757164,CVPF,soup_scene3,70,old
4367,10.209641456604004,1.6476382836757164,CVPF,soup_scene3,70,old
4368,10.212295293807983,1.6480381747618909,CVPF,soup_scene3,70,old
4369,10.214742183685303,1.6480381747618909,CVPF,soup_scene3,70,old
4370,10.216925859451294,1.6480381747618909,CVPF,soup_scene3,70,old
4371,10.219486236572266,1.6488897174462718,CVPF,soup_scene3,70,old
4372,10.222090482711792,1.6488897174462718,CVPF,soup_scene3,70,old
4373,10.22434401512146,1.6488897174462718,CVPF,soup_scene3,70,old
4374,10.226768255233765,1.648869729337929,CVPF,soup_scene3,70,old
4375,10.229255437850952,1.6484956181572583,CVPF,soup_scene3,70,old
4376,10.23180103302002,1.6484956181572583,CVPF,soup_scene3,70,old
4377,10.23400592803955,1.6484956181572583,CVPF,soup_scene3,70,old
4378,10.23642349243164,1.6462628117083682,CVPF,soup_scene3,70,old
4379,10.239362955093384,2.1018020392780046,CVPF,soup_scene3,70,old
4380,10.241785287857056,2.1018020392780046,CVPF,soup_scene3,70,old
4381,10.244189977645874,2.101073628812013,CVPF,soup_scene3,70,old
4382,10.246707439422607,2.101073628812013,CVPF,soup_scene3,70,old
4383,10.249194145202637,2.101073628812013,CVPF,soup_scene3,70,old
4384,10.251542806625366,2.1005151254778385,CVPF,soup_scene3,70,old
4385,10.254146337509155,2.1002125385847155,CVPF,soup_scene3,70,old
4386,10.256605386734009,2.1002125385847155,CVPF,soup_scene3,70,old
4387,10.258850574493408,2.1002125385847155,CVPF,soup_scene3,70,old
4388,10.261348009109497,2.101168959457274,CVPF,soup_scene3,70,old
4389,10.2637939453125,2.101168959457274,CVPF,soup_scene3,70,old
4390,10.266153335571289,2.101168959457274,CVPF,soup_scene3,70,old
4391,10.268489599227905,2.098849979564657,CVPF,soup_scene3,70,old
4392,10.271023035049438,2.098849979564657,CVPF,soup_scene3,70,old
4393,10.273501634597778,2.098849979564657,CVPF,soup_scene3,70,old
4394,10.276043176651001,2.0993039613671582,CVPF,soup_scene3,70,old
4395,10.278606653213501,2.099320118668192,CVPF,soup_scene3,70,old
4396,10.281197786331177,2.099320118668192,CVPF,soup_scene3,70,old
4397,10.283416748046875,2.099320118668192,CVPF,soup_scene3,70,old
4398,10.285869836807251,2.098290809126219,CVPF,soup_scene3,70,old
4399,10.288439750671387,2.099246565766993,CVPF,soup_scene3,70,old
4400,10.290898561477661,2.099246565766993,CVPF,soup_scene3,70,old
4401,10.293299674987793,2.099690542180305,CVPF,soup_scene3,70,old
4402,10.295812129974365,2.099002868003193,CVPF,soup_scene3,70,old
4403,10.2982919216156,2.099002868003193,CVPF,soup_scene3,70,old
4404,10.300638914108276,2.099002868003193,CVPF,soup_scene3,70,old
4405,10.303003549575806,2.099249852726103,CVPF,soup_scene3,70,old
4406,10.305463552474976,2.099249852726103,CVPF,soup_scene3,70,old
4407,10.307894945144653,2.097085828026316,CVPF,soup_scene3,70,old
4408,10.31029725074768,2.0971153589395173,CVPF,soup_scene3,70,old
4409,10.312837839126587,2.099010365140386,CVPF,soup_scene3,70,old
4410,10.315100193023682,2.099010365140386,CVPF,soup_scene3,70,old
4411,10.317336559295654,2.099010365140386,CVPF,soup_scene3,70,old
4412,10.320056676864624,2.1003275950034963,CVPF,soup_scene3,70,old
4413,10.32232666015625,2.1003275950034963,CVPF,soup_scene3,70,old
4414,10.324443578720093,2.1003275950034963,CVPF,soup_scene3,70,old
4415,10.326684951782227,2.0998268587910918,CVPF,soup_scene3,70,old
4416,10.329113245010376,2.100059520078147,CVPF,soup_scene3,70,old
4417,10.331299066543579,2.100059520078147,CVPF,soup_scene3,70,old
4418,10.33346152305603,2.100059520078147,CVPF,soup_scene3,70,old
4419,10.335772275924683,2.100372123623918,CVPF,soup_scene3,70,old
4420,10.338252067565918,2.1002288149413593,CVPF,soup_scene3,70,old
4421,10.340529441833496,2.1002288149413593,CVPF,soup_scene3,70,old
4422,10.342765808105469,2.1006102945280576,CVPF,soup_scene3,70,old
4423,10.345127582550049,2.100358935061044,CVPF,soup_scene3,70,old
4424,10.347395658493042,2.100358935061044,CVPF,soup_scene3,70,old
4425,10.349651575088501,2.100358935061044,CVPF,soup_scene3,70,old
4426,10.351917266845703,2.100358935061044,CVPF,soup_scene3,70,old
4427,10.354352235794067,2.099903811931063,CVPF,soup_scene3,70,old
4428,10.356815576553345,2.0989640638134106,CVPF,soup_scene3,70,old
4429,10.359073638916016,2.0989640638134106,CVPF,soup_scene3,70,old
4430,10.361375331878662,2.0989640638134106,CVPF,soup_scene3,70,old
4431,10.36363434791565,2.0989640638134106,CVPF,soup_scene3,70,old
4432,10.365810632705688,2.099187823824753,CVPF,soup_scene3,70,old
4433,10.368072271347046,2.0997979666539637,CVPF,soup_scene3,70,old
4434,10.370230436325073,2.0997979666539637,CVPF,soup_scene3,70,old
4435,10.372588634490967,2.0997979666539637,CVPF,soup_scene3,70,old
4436,10.375139713287354,2.0997979666539637,CVPF,soup_scene3,70,old
4437,10.377432584762573,2.0997979666539637,CVPF,soup_scene3,70,old
4438,10.379860877990723,2.0995677964931128,CVPF,soup_scene3,70,old
4439,10.382318258285522,2.0990187344169837,CVPF,soup_scene3,70,old
4440,10.384665250778198,2.0990187344169837,CVPF,soup_scene3,70,old
4441,10.386998176574707,2.0990187344169837,CVPF,soup_scene3,70,old
4442,10.389416933059692,2.0990187344169837,CVPF,soup_scene3,70,old
4443,10.392427206039429,2.0990187344169837,CVPF,soup_scene3,70,old
4444,10.394794940948486,0.6259111432782097,CVPF,soup_scene3,70,old
4445,10.396947860717773,0.6259111432782097,CVPF,soup_scene3,70,old
4446,10.399265766143799,0.6259111432782097,CVPF,soup_scene3,70,old
4447,10.401535272598267,0.6259111432782097,CVPF,soup_scene3,70,old
4448,10.403749704360962,0.6259111432782097,CVPF,soup_scene3,70,old
4449,10.405914545059204,0.6250623325339547,CVPF,soup_scene3,70,old
4450,10.408180236816406,0.6244971185610267,CVPF,soup_scene3,70,old
4451,10.410415172576904,0.6244971185610267,CVPF,soup_scene3,70,old
4452,10.412717580795288,0.6244971185610267,CVPF,soup_scene3,70,old
4453,10.415160894393921,0.6244971185610267,CVPF,soup_scene3,70,old
4454,10.4172523021698,0.6244971185610267,CVPF,soup_scene3,70,old
4455,10.41943645477295,0.6256288173703293,CVPF,soup_scene3,70,old
4456,10.42166519165039,0.6256288173703293,CVPF,soup_scene3,70,old
4457,10.423845767974854,0.6246261168935642,CVPF,soup_scene3,70,old
4458,10.425976276397705,0.6246261168935642,CVPF,soup_scene3,70,old
4459,10.428131580352783,0.6246261168935642,CVPF,soup_scene3,70,old
4460,10.430375814437866,0.6243025022292104,CVPF,soup_scene3,70,old
4461,10.4326651096344,0.6238524709312103,CVPF,soup_scene3,70,old
4462,10.434776067733765,0.6238524709312103,CVPF,soup_scene3,70,old
4463,10.43688702583313,0.6238524709312103,CVPF,soup_scene3,70,old
4464,10.439006090164185,0.6238524709312103,CVPF,soup_scene3,70,old
4465,10.44129228591919,0.624258901848268,CVPF,soup_scene3,70,old
4466,10.443512678146362,0.624258901848268,CVPF,soup_scene3,70,old
4467,10.445709228515625,0.6258741515911614,CVPF,soup_scene3,70,old
4468,10.448478937149048,0.6258741515911614,CVPF,soup_scene3,70,old
4469,10.450663805007935,0.6258741515911614,CVPF,soup_scene3,70,old
4470,10.45309329032898,0.6263643919283114,CVPF,soup_scene3,70,old
4471,10.455279350280762,0.6263643919283114,CVPF,soup_scene3,70,old
4472,10.45747995376587,0.6263643919283114,CVPF,soup_scene3,70,old
4473,10.45968508720398,0.6263643919283114,CVPF,soup_scene3,70,old
4474,10.462042093276978,0.6263643919283114,CVPF,soup_scene3,70,old
4475,10.464369058609009,0.6260359849963879,CVPF,soup_scene3,70,old
4476,10.466453075408936,0.6260359849963879,CVPF,soup_scene3,70,old
4477,10.46877670288086,0.6260579727279267,CVPF,soup_scene3,70,old
4478,10.471186399459839,0.6260579727279267,CVPF,soup_scene3,70,old
4479,10.47356915473938,0.6260981048726306,CVPF,soup_scene3,70,old
4480,10.475727319717407,0.6260981048726306,CVPF,soup_scene3,70,old
4481,10.477830648422241,0.6260981048726306,CVPF,soup_scene3,70,old
4482,10.480137825012207,0.6260981048726306,CVPF,soup_scene3,70,old
4483,10.482370376586914,0.6260981048726306,CVPF,soup_scene3,70,old
4484,10.48456597328186,0.6260981048726306,CVPF,soup_scene3,70,old
4485,10.487032651901245,0.6266595027708047,CVPF,soup_scene3,70,old
4486,10.489253997802734,0.6266595027708047,CVPF,soup_scene3,70,old
4487,10.491849660873413,0.6263453830241629,CVPF,soup_scene3,70,old
4488,10.494199514389038,0.6244625533068707,CVPF,soup_scene3,70,old
4489,10.496675968170166,0.6248163424820513,CVPF,soup_scene3,70,old
4490,10.499088048934937,0.6248163424820513,CVPF,soup_scene3,70,old
4491,10.501700639724731,0.6247003599229313,CVPF,soup_scene3,70,old
4492,10.504202365875244,0.6241265353195693,CVPF,soup_scene3,70,old
4493,10.50654411315918,0.6243107706156114,CVPF,soup_scene3,70,old
4494,10.508849859237671,0.6245399683343393,CVPF,soup_scene3,70,old
4495,10.511297464370728,0.6257107722926305,CVPF,soup_scene3,70,old
4496,10.513640880584717,0.6257698719010304,CVPF,soup_scene3,70,old
4497,10.51604700088501,0.626543249353463,CVPF,soup_scene3,70,old
4498,10.518549919128418,0.626543249353463,CVPF,soup_scene3,70,old
4499,10.520975589752197,0.6262005549412859,CVPF,soup_scene3,70,old
4500,10.523585557937622,0.6259266358668518,CVPF,soup_scene3,70,old
4501,10.525973320007324,0.6254126870838049,CVPF,soup_scene3,70,old
4502,10.528526306152344,0.6252565099475269,CVPF,soup_scene3,70,old
4503,10.531047821044922,0.6252565099475269,CVPF,soup_scene3,70,old
4504,10.533471822738647,0.6259274024993493,CVPF,soup_scene3,70,old
4505,10.53583812713623,0.6259274024993493,CVPF,soup_scene3,70,old
4506,10.538329839706421,0.6247127900189133,CVPF,soup_scene3,70,old
4507,10.540631532669067,0.6247127900189133,CVPF,soup_scene3,70,old
4508,10.54300308227539,0.6249413790764238,CVPF,soup_scene3,70,old
4509,10.545356273651123,0.6254364981469985,CVPF,soup_scene3,70,old
4510,10.547873973846436,0.6254364981469985,CVPF,soup_scene3,70,old
4511,10.550325155258179,0.6254364981469985,CVPF,soup_scene3,70,old
4512,10.552738428115845,0.6243941641692647,CVPF,soup_scene3,70,old
4513,10.555686950683594,3.11611674741864,CVPF,soup_scene3,70,old
4514,10.557849168777466,3.11611674741864,CVPF,soup_scene3,70,old
4515,10.560152053833008,3.1160289827981624,CVPF,soup_scene3,70,old
4516,10.562617063522339,3.117393780399553,CVPF,soup_scene3,70,old
4517,10.564786911010742,3.117393780399553,CVPF,soup_scene3,70,old
4518,10.567008018493652,3.117393780399553,CVPF,soup_scene3,70,old
4519,10.56928038597107,3.116866591742377,CVPF,soup_scene3,70,old
4520,10.57155990600586,3.116866591742377,CVPF,soup_scene3,70,old
4521,10.573795557022095,3.116866591742377,CVPF,soup_scene3,70,old
4522,10.576023578643799,3.1170214622454586,CVPF,soup_scene3,70,old
4523,10.578289270401001,3.1162596124467057,CVPF,soup_scene3,70,old
4524,10.580619812011719,3.1162596124467057,CVPF,soup_scene3,70,old
4525,10.58280611038208,3.1162596124467057,CVPF,soup_scene3,70,old
4526,10.585079431533813,3.1162093345064665,CVPF,soup_scene3,70,old
4527,10.587343215942383,3.1148597255552244,CVPF,soup_scene3,70,old
4528,10.589589357376099,3.1148597255552244,CVPF,soup_scene3,70,old
4529,10.591843366622925,3.1148597255552244,CVPF,soup_scene3,70,old
4530,10.594172477722168,3.1156775282676388,CVPF,soup_scene3,70,old
4531,10.596489429473877,3.1156775282676388,CVPF,soup_scene3,70,old
4532,10.59864330291748,3.1156775282676388,CVPF,soup_scene3,70,old
4533,10.600807189941406,3.1156775282676388,CVPF,soup_scene3,70,old
4534,10.603150844573975,3.115107902342351,CVPF,soup_scene3,70,old
4535,10.60540223121643,3.115107902342351,CVPF,soup_scene3,70,old
4536,10.607758283615112,3.115107902342351,CVPF,soup_scene3,70,old
4537,10.610156536102295,3.1155523052189587,CVPF,soup_scene3,70,old
4538,10.612480163574219,3.1155523052189587,CVPF,soup_scene3,70,old
4539,10.614649295806885,3.1155523052189587,CVPF,soup_scene3,70,old
4540,10.616811752319336,3.1155523052189587,CVPF,soup_scene3,70,old
4541,10.619153499603271,3.11610809444592,CVPF,soup_scene3,70,old
4542,10.621504545211792,3.11610809444592,CVPF,soup_scene3,70,old
4543,10.623735427856445,3.11610809444592,CVPF,soup_scene3,70,old
4544,10.625967979431152,3.1154531241776664,CVPF,soup_scene3,70,old
4545,10.628229141235352,3.1154941798577678,CVPF,soup_scene3,70,old
4546,10.63042426109314,3.1154941798577678,CVPF,soup_scene3,70,old
4547,10.63263487815857,3.1154941798577678,CVPF,soup_scene3,70,old
4548,10.63490080833435,3.115517604530037,CVPF,soup_scene3,70,old
4549,10.63712453842163,3.115342593489257,CVPF,soup_scene3,70,old
4550,10.63933801651001,3.115342593489257,CVPF,soup_scene3,70,old
4551,10.641511917114258,3.115342593489257,CVPF,soup_scene3,70,old
4552,10.6438627243042,3.11592120501805,CVPF,soup_scene3,70,old
4553,10.646221160888672,3.1150358468956707,CVPF,soup_scene3,70,old
4554,10.648438930511475,3.1150358468956707,CVPF,soup_scene3,70,old
4555,10.650587558746338,3.1150358468956707,CVPF,soup_scene3,70,old
4556,10.653000593185425,3.116169919271191,CVPF,soup_scene3,70,old
4557,10.655270099639893,3.116169919271191,CVPF,soup_scene3,70,old
4558,10.657557964324951,3.116169919271191,CVPF,soup_scene3,70,old
4559,10.659897327423096,3.1167608824984745,CVPF,soup_scene3,70,old
4560,10.66241717338562,3.1181232872349733,CVPF,soup_scene3,70,old
4561,10.664729356765747,3.1181232872349733,CVPF,soup_scene3,70,old
4562,10.666915655136108,3.1181232872349733,CVPF,soup_scene3,70,old
4563,10.669358015060425,3.1191959218652263,CVPF,soup_scene3,70,old
4564,10.671771049499512,3.1191959218652263,CVPF,soup_scene3,70,old
4565,10.674093008041382,3.1191959218652263,CVPF,soup_scene3,70,old
4566,10.676385164260864,3.1195145767165786,CVPF,soup_scene3,70,old
4567,10.678735733032227,3.1173728283808777,CVPF,soup_scene3,70,old
4568,10.681281089782715,3.1173728283808777,CVPF,soup_scene3,70,old
4569,10.683426856994629,3.1173728283808777,CVPF,soup_scene3,70,old
4570,10.685782194137573,3.1153832536194717,CVPF,soup_scene3,70,old
4571,10.688190460205078,3.1153832536194717,CVPF,soup_scene3,70,old
4572,10.69049882888794,3.1153832536194717,CVPF,soup_scene3,70,old
4573,10.692770719528198,3.116189868450493,CVPF,soup_scene3,70,old
4574,10.695046663284302,3.116230024733018,CVPF,soup_scene3,70,old
4575,10.69735312461853,3.116230024733018,CVPF,soup_scene3,70,old
4576,10.699582815170288,3.116230024733018,CVPF,soup_scene3,70,old
4577,10.70181131362915,3.115809282430833,CVPF,soup_scene3,70,old
4578,10.704189538955688,3.117120092971486,CVPF,soup_scene3,70,old
4579,10.706450700759888,3.117120092971486,CVPF,soup_scene3,70,old
4580,10.708651542663574,3.1171404988702904,CVPF,soup_scene3,70,old
4581,10.71098256111145,3.1180615947169077,CVPF,soup_scene3,70,old
4582,10.713927268981934,0.5830489437845714,CVPF,soup_scene3,70,old
4583,10.716273546218872,0.5830489437845714,CVPF,soup_scene3,70,old
4584,10.718543767929077,0.5830383507503639,CVPF,soup_scene3,70,old
4585,10.72083306312561,0.5825755712690012,CVPF,soup_scene3,70,old
4586,10.723128080368042,0.5825755712690012,CVPF,soup_scene3,70,old
4587,10.725285530090332,0.5825755712690012,CVPF,soup_scene3,70,old
4588,10.727585792541504,0.5833666607160422,CVPF,soup_scene3,70,old
4589,10.729833602905273,0.5833666607160422,CVPF,soup_scene3,70,old
4590,10.732126474380493,0.5833666607160422,CVPF,soup_scene3,70,old
4591,10.734635591506958,0.582849748817716,CVPF,soup_scene3,70,old
4592,10.736915588378906,0.5838332394635345,CVPF,soup_scene3,70,old
4593,10.739121437072754,0.5838332394635345,CVPF,soup_scene3,70,old
4594,10.741387367248535,0.5838332394635345,CVPF,soup_scene3,70,old
4595,10.74366807937622,0.5843990659221052,CVPF,soup_scene3,70,old
4596,10.746006727218628,0.5862991489498132,CVPF,soup_scene3,70,old
4597,10.748245477676392,0.5862991489498132,CVPF,soup_scene3,70,old
4598,10.750381469726562,0.5862991489498132,CVPF,soup_scene3,70,old
4599,10.75272536277771,0.5861626208236056,CVPF,soup_scene3,70,old
4600,10.755006551742554,0.5861626208236056,CVPF,soup_scene3,70,old
4601,10.757180452346802,0.5861626208236056,CVPF,soup_scene3,70,old
4602,10.759440422058105,0.5861626208236056,CVPF,soup_scene3,70,old
4603,10.76175832748413,0.587227283146316,CVPF,soup_scene3,70,old
4604,10.763975620269775,0.587227283146316,CVPF,soup_scene3,70,old
4605,10.766268968582153,0.587227283146316,CVPF,soup_scene3,70,old
4606,10.768548488616943,0.5871446407347555,CVPF,soup_scene3,70,old
4607,10.770785093307495,0.5871446407347555,CVPF,soup_scene3,70,old
4608,10.773092269897461,0.5871446407347555,CVPF,soup_scene3,70,old
4609,10.775257349014282,0.5871446407347555,CVPF,soup_scene3,70,old
4610,10.7776517868042,0.5836426011708056,CVPF,soup_scene3,70,old
4611,10.77999472618103,0.5836426011708056,CVPF,soup_scene3,70,old
4612,10.78220820426941,0.5836426011708056,CVPF,soup_scene3,70,old
4613,10.784416913986206,0.5836426011708056,CVPF,soup_scene3,70,old
4614,10.786756038665771,0.5831456737376577,CVPF,soup_scene3,70,old
4615,10.788960218429565,0.5831456737376577,CVPF,soup_scene3,70,old
4616,10.791059017181396,0.5831456737376577,CVPF,soup_scene3,70,old
4617,10.793332576751709,0.5825925953445839,CVPF,soup_scene3,70,old
4618,10.795790910720825,0.5833872627130744,CVPF,soup_scene3,70,old
4619,10.799412250518799,0.5833872627130744,CVPF,soup_scene3,70,old
4620,10.803787469863892,0.5842719536444673,CVPF,soup_scene3,70,old
4621,10.807682991027832,0.5842719536444673,CVPF,soup_scene3,70,old
4622,10.81145691871643,0.5832379675781417,CVPF,soup_scene3,70,old
4623,10.814006567001343,0.5832379675781417,CVPF,soup_scene3,70,old
4624,10.816140174865723,0.5832379675781417,CVPF,soup_scene3,70,old
4625,10.818716049194336,0.5838278982481194,CVPF,soup_scene3,70,old
4626,10.821260213851929,0.5838278982481194,CVPF,soup_scene3,70,old
4627,10.8235604763031,0.5838278982481194,CVPF,soup_scene3,70,old
4628,10.825883388519287,0.5832541151465611,CVPF,soup_scene3,70,old
4629,10.828196287155151,0.5833490335753553,CVPF,soup_scene3,70,old
4630,10.830570936203003,0.5833490335753553,CVPF,soup_scene3,70,old
4631,10.832813024520874,0.5833490335753553,CVPF,soup_scene3,70,old
4632,10.835192441940308,0.5858067009959529,CVPF,soup_scene3,70,old
4633,10.837623119354248,0.5858067009959529,CVPF,soup_scene3,70,old
4634,10.83986759185791,0.5858067009959529,CVPF,soup_scene3,70,old
4635,10.842092514038086,0.5858067009959529,CVPF,soup_scene3,70,old
4636,10.844666004180908,0.5877273522016402,CVPF,soup_scene3,70,old
4637,10.847019910812378,0.5877273522016402,CVPF,soup_scene3,70,old
4638,10.849379777908325,0.5877273522016402,CVPF,soup_scene3,70,old
4639,10.851612091064453,0.5881284663597145,CVPF,soup_scene3,70,old
4640,10.854859352111816,0.5870106957508702,CVPF,soup_scene3,70,old
4641,10.857910871505737,0.5870106957508702,CVPF,soup_scene3,70,old
4642,10.860778331756592,0.5846280290780227,CVPF,soup_scene3,70,old
4643,10.863293647766113,0.5846280290780227,CVPF,soup_scene3,70,old
4644,10.8656907081604,0.5846280290780227,CVPF,soup_scene3,70,old
4645,10.868050813674927,0.5841409298643477,CVPF,soup_scene3,70,old
4646,10.870485782623291,0.5832423643208728,CVPF,soup_scene3,70,old
4647,10.873088121414185,0.5832423643208728,CVPF,soup_scene3,70,old
4648,10.876308917999268,1.4770111669254828,CVPF,soup_scene3,70,old
4649,10.878937721252441,1.4772698866360194,CVPF,soup_scene3,70,old
4650,10.88144588470459,1.4772698866360194,CVPF,soup_scene3,70,old
4651,10.883866310119629,1.4772698866360194,CVPF,soup_scene3,70,old
4652,10.886383056640625,1.4761512824733738,CVPF,soup_scene3,70,old
4653,10.888930797576904,1.4761512824733738,CVPF,soup_scene3,70,old
4654,10.89113163948059,1.4761512824733738,CVPF,soup_scene3,70,old
4655,10.893431901931763,1.4765021274991839,CVPF,soup_scene3,70,old
4656,10.895913362503052,1.4758156848220598,CVPF,soup_scene3,70,old
4657,10.898326635360718,1.4758156848220598,CVPF,soup_scene3,70,old
4658,10.900806903839111,1.4758156848220598,CVPF,soup_scene3,70,old
4659,10.903436422348022,1.4747383696392302,CVPF,soup_scene3,70,old
4660,10.905870199203491,1.4747383696392302,CVPF,soup_scene3,70,old
4661,10.908169984817505,1.4747383696392302,CVPF,soup_scene3,70,old
4662,10.910639762878418,1.4749672251672588,CVPF,soup_scene3,70,old
4663,10.913218975067139,1.4749672251672588,CVPF,soup_scene3,70,old
4664,10.915669202804565,1.4749672251672588,CVPF,soup_scene3,70,old
4665,10.918047189712524,1.474088992002109,CVPF,soup_scene3,70,old
4666,10.92058801651001,1.474088992002109,CVPF,soup_scene3,70,old
4667,10.923029661178589,1.474088992002109,CVPF,soup_scene3,70,old
4668,10.925317764282227,1.474088992002109,CVPF,soup_scene3,70,old
4669,10.927781343460083,1.47483613345683,CVPF,soup_scene3,70,old
4670,10.930259704589844,1.47483613345683,CVPF,soup_scene3,70,old
4671,10.932684183120728,1.47483613345683,CVPF,soup_scene3,70,old
4672,10.935101509094238,1.4749219583053446,CVPF,soup_scene3,70,old
4673,10.937669038772583,1.475238847374106,CVPF,soup_scene3,70,old
4674,10.939906120300293,1.475238847374106,CVPF,soup_scene3,70,old
4675,10.942068338394165,1.475238847374106,CVPF,soup_scene3,70,old
4676,10.944429636001587,1.476499499374772,CVPF,soup_scene3,70,old
4677,10.946854829788208,1.476499499374772,CVPF,soup_scene3,70,old
4678,10.948972463607788,1.476499499374772,CVPF,soup_scene3,70,old
4679,10.951118469238281,1.476499499374772,CVPF,soup_scene3,70,old
4680,10.953596353530884,1.4767313062809573,CVPF,soup_scene3,70,old
4681,10.955893993377686,1.4767313062809573,CVPF,soup_scene3,70,old
4682,10.957976818084717,1.4767313062809573,CVPF,soup_scene3,70,old
4683,10.960208892822266,1.4766705670611433,CVPF,soup_scene3,70,old
4684,10.962550640106201,1.4759326696648492,CVPF,soup_scene3,70,old
4685,10.96481204032898,1.4759326696648492,CVPF,soup_scene3,70,old
4686,10.966952085494995,1.4759326696648492,CVPF,soup_scene3,70,old
4687,10.969256401062012,1.4750291766297496,CVPF,soup_scene3,70,old
4688,10.97159457206726,1.4750291766297496,CVPF,soup_scene3,70,old
4689,10.973774909973145,1.4750291766297496,CVPF,soup_scene3,70,old
4690,10.975985288619995,1.475048736977799,CVPF,soup_scene3,70,old
4691,10.978302240371704,1.4747063235962896,CVPF,soup_scene3,70,old
4692,10.980581760406494,1.4747063235962896,CVPF,soup_scene3,70,old
4693,10.982709884643555,1.4747063235962896,CVPF,soup_scene3,70,old
4694,10.985069513320923,1.4746817275561586,CVPF,soup_scene3,70,old
4695,10.98743724822998,1.4746817275561586,CVPF,soup_scene3,70,old
4696,10.9896240234375,1.4746817275561586,CVPF,soup_scene3,70,old
4697,10.991737127304077,1.4746817275561586,CVPF,soup_scene3,70,old
4698,10.993991613388062,1.4747803564258384,CVPF,soup_scene3,70,old
4699,10.996478796005249,1.4747803564258384,CVPF,soup_scene3,70,old
4700,10.99888801574707,1.4747803564258384,CVPF,soup_scene3,70,old
4701,11.001261711120605,1.4748126026728663,CVPF,soup_scene3,70,old
4702,11.003638744354248,1.476239230506599,CVPF,soup_scene3,70,old
4703,11.005979776382446,1.476239230506599,CVPF,soup_scene3,70,old
4704,11.008102655410767,1.476239230506599,CVPF,soup_scene3,70,old
4705,11.010365724563599,1.4763200294976906,CVPF,soup_scene3,70,old
4706,11.012788772583008,1.4766671684388006,CVPF,soup_scene3,70,old
4707,11.014948844909668,1.4766671684388006,CVPF,soup_scene3,70,old
4708,11.01707148551941,1.4766671684388006,CVPF,soup_scene3,70,old
4709,11.019337177276611,1.4765379247217605,CVPF,soup_scene3,70,old
4710,11.021699905395508,1.4765379247217605,CVPF,soup_scene3,70,old
4711,11.023868560791016,1.4745133679920688,CVPF,soup_scene3,70,old
4712,11.026069402694702,1.4745297164644953,CVPF,soup_scene3,70,old
4713,11.029117822647095,2.860693921310459,CVPF,soup_scene3,70,old
4714,11.031511545181274,2.860693921310459,CVPF,soup_scene3,70,old
4715,11.033819675445557,2.860693921310459,CVPF,soup_scene3,70,old
4716,11.036290168762207,2.858959010371559,CVPF,soup_scene3,70,old
4717,11.03870701789856,2.858959010371559,CVPF,soup_scene3,70,old
4718,11.040986061096191,2.858959010371559,CVPF,soup_scene3,70,old
4719,11.043212652206421,2.8587842085378252,CVPF,soup_scene3,70,old
4720,11.045711994171143,2.8595192765836948,CVPF,soup_scene3,70,old
4721,11.048126220703125,2.8595192765836948,CVPF,soup_scene3,70,old
4722,11.05057406425476,2.8595192765836948,CVPF,soup_scene3,70,old
4723,11.053081274032593,2.859310456265378,CVPF,soup_scene3,70,old
4724,11.055538654327393,2.859310456265378,CVPF,soup_scene3,70,old
4725,11.057668685913086,2.859310456265378,CVPF,soup_scene3,70,old
4726,11.05998682975769,2.8592686500356974,CVPF,soup_scene3,70,old
4727,11.062371969223022,2.8592686500356974,CVPF,soup_scene3,70,old
4728,11.064782619476318,2.8592686500356974,CVPF,soup_scene3,70,old
4729,11.06717038154602,2.8592686500356974,CVPF,soup_scene3,70,old
4730,11.069616079330444,2.858164008318332,CVPF,soup_scene3,70,old
4731,11.071950197219849,2.858164008318332,CVPF,soup_scene3,70,old
4732,11.074240922927856,2.858164008318332,CVPF,soup_scene3,70,old
4733,11.076470851898193,2.858147018090254,CVPF,soup_scene3,70,old
4734,11.078884840011597,2.8575228283250107,CVPF,soup_scene3,70,old
4735,11.081191301345825,2.8575228283250107,CVPF,soup_scene3,70,old
4736,11.083350896835327,2.8575228283250107,CVPF,soup_scene3,70,old
4737,11.085732460021973,2.8573988632064964,CVPF,soup_scene3,70,old
4738,11.087986707687378,2.8573988632064964,CVPF,soup_scene3,70,old
4739,11.090192794799805,2.8573988632064964,CVPF,soup_scene3,70,old
4740,11.092364311218262,2.8567216960021375,CVPF,soup_scene3,70,old
4741,11.09468936920166,2.857409053841282,CVPF,soup_scene3,70,old
4742,11.097023010253906,2.857409053841282,CVPF,soup_scene3,70,old
4743,11.099117994308472,2.857409053841282,CVPF,soup_scene3,70,old
4744,11.10131049156189,2.857899103399567,CVPF,soup_scene3,70,old
4745,11.103899478912354,2.8579717754833562,CVPF,soup_scene3,70,old
4746,11.106328010559082,2.8579717754833562,CVPF,soup_scene3,70,old
4747,11.108501195907593,2.8579717754833562,CVPF,soup_scene3,70,old
4748,11.110899448394775,2.857753901590021,CVPF,soup_scene3,70,old
4749,11.113407373428345,2.857753901590021,CVPF,soup_scene3,70,old
4750,11.115846157073975,2.857753901590021,CVPF,soup_scene3,70,old
4751,11.118102788925171,2.857753901590021,CVPF,soup_scene3,70,old
4752,11.120259284973145,2.8587484151355436,CVPF,soup_scene3,70,old
4753,11.122361421585083,2.8587484151355436,CVPF,soup_scene3,70,old
4754,11.124467611312866,2.8587484151355436,CVPF,soup_scene3,70,old
4755,11.126724243164062,2.858400576910367,CVPF,soup_scene3,70,old
4756,11.1289222240448,2.8578472434325093,CVPF,soup_scene3,70,old
4757,11.131033182144165,2.8578472434325093,CVPF,soup_scene3,70,old
4758,11.133039236068726,2.8578472434325093,CVPF,soup_scene3,70,old
4759,11.135368585586548,2.8581629829267605,CVPF,soup_scene3,70,old
4760,11.138208389282227,2.858238774114377,CVPF,soup_scene3,70,old
4761,11.1405348777771,2.858238774114377,CVPF,soup_scene3,70,old
4762,11.142829179763794,2.857805811734515,CVPF,soup_scene3,70,old
4763,11.145349502563477,2.8594963237398043,CVPF,soup_scene3,70,old
4764,11.147896528244019,2.8594963237398043,CVPF,soup_scene3,70,old
4765,11.150229215621948,2.8594963237398043,CVPF,soup_scene3,70,old
4766,11.152515172958374,2.8601427739460665,CVPF,soup_scene3,70,old
4767,11.15481185913086,2.8576441705504116,CVPF,soup_scene3,70,old
4768,11.157136678695679,2.8576441705504116,CVPF,soup_scene3,70,old
4769,11.159364938735962,2.8576441705504116,CVPF,soup_scene3,70,old
4770,11.161609649658203,2.8576441705504116,CVPF,soup_scene3,70,old
4771,11.163945198059082,2.8574295242779906,CVPF,soup_scene3,70,old
4772,11.166168689727783,2.8567634027890807,CVPF,soup_scene3,70,old
4773,11.168571710586548,2.8567634027890807,CVPF,soup_scene3,70,old
4774,11.171043395996094,2.8567634027890807,CVPF,soup_scene3,70,old
4775,11.173514366149902,2.856404468482961,CVPF,soup_scene3,70,old
4776,11.176746606826782,0.8453303409078847,CVPF,soup_scene3,70,old
4777,11.179068803787231,0.842872421595005,CVPF,soup_scene3,70,old
4778,11.18147611618042,0.842872421595005,CVPF,soup_scene3,70,old
4779,11.183668613433838,0.842872421595005,CVPF,soup_scene3,70,old
4780,11.185785055160522,0.842872421595005,CVPF,soup_scene3,70,old
4781,11.188088655471802,0.8434042929130854,CVPF,soup_scene3,70,old
4782,11.190444707870483,0.8434042929130854,CVPF,soup_scene3,70,old
4783,11.192699432373047,0.8434042929130854,CVPF,soup_scene3,70,old
4784,11.19498610496521,0.8433849615184945,CVPF,soup_scene3,70,old
4785,11.197383403778076,0.8424915541063953,CVPF,soup_scene3,70,old
4786,11.199616193771362,0.8424915541063953,CVPF,soup_scene3,70,old
4787,11.201946496963501,0.8415387458432546,CVPF,soup_scene3,70,old
4788,11.204272508621216,0.8415387458432546,CVPF,soup_scene3,70,old
4789,11.206634044647217,0.8430540556539299,CVPF,soup_scene3,70,old
4790,11.208976030349731,0.8430540556539299,CVPF,soup_scene3,70,old
4791,11.211326599121094,0.8430540556539299,CVPF,soup_scene3,70,old
4792,11.213574409484863,0.8436421638706211,CVPF,soup_scene3,70,old
4793,11.215840101242065,0.8442422260827955,CVPF,soup_scene3,70,old
4794,11.218083620071411,0.8442422260827955,CVPF,soup_scene3,70,old
4795,11.220269441604614,0.8442422260827955,CVPF,soup_scene3,70,old
4796,11.222497701644897,0.8442422260827955,CVPF,soup_scene3,70,old
4797,11.224934339523315,0.8442422260827955,CVPF,soup_scene3,70,old
4798,11.227142333984375,0.8442510283927556,CVPF,soup_scene3,70,old
4799,11.229607343673706,0.8427396304300991,CVPF,soup_scene3,70,old
4800,11.23201608657837,0.8427396304300991,CVPF,soup_scene3,70,old
4801,11.234318733215332,0.8427396304300991,CVPF,soup_scene3,70,old
4802,11.23662781715393,0.8430765701111858,CVPF,soup_scene3,70,old
4803,11.238802194595337,0.8430765701111858,CVPF,soup_scene3,70,old
4804,11.241199970245361,0.8430765701111858,CVPF,soup_scene3,70,old
4805,11.243639945983887,0.8430765701111858,CVPF,soup_scene3,70,old
4806,11.24592661857605,0.8430765701111858,CVPF,soup_scene3,70,old
4807,11.248153448104858,0.8434353969394923,CVPF,soup_scene3,70,old
4808,11.250283241271973,0.8434353969394923,CVPF,soup_scene3,70,old
4809,11.252698183059692,0.843681755336017,CVPF,soup_scene3,70,old
4810,11.255215644836426,0.843681755336017,CVPF,soup_scene3,70,old
4811,11.257525444030762,0.8435295189857603,CVPF,soup_scene3,70,old
4812,11.259825229644775,0.8435295189857603,CVPF,soup_scene3,70,old
4813,11.26187252998352,0.8435295189857603,CVPF,soup_scene3,70,old
4814,11.264328956604004,0.8435295189857603,CVPF,soup_scene3,70,old
4815,11.266632556915283,0.8435295189857603,CVPF,soup_scene3,70,old
4816,11.268877744674683,0.8435295189857603,CVPF,soup_scene3,70,old
4817,11.271259069442749,0.8433415509249382,CVPF,soup_scene3,70,old
4818,11.273454189300537,0.8433415509249382,CVPF,soup_scene3,70,old
4819,11.275878667831421,0.8433415509249382,CVPF,soup_scene3,70,old
4820,11.2781240940094,0.8433415509249382,CVPF,soup_scene3,70,old
4821,11.2803213596344,0.8433415509249382,CVPF,soup_scene3,70,old
4822,11.282567262649536,0.8432553532994866,CVPF,soup_scene3,70,old
4823,11.284879446029663,0.8439985441796081,CVPF,soup_scene3,70,old
4824,11.287246227264404,0.8439985441796081,CVPF,soup_scene3,70,old
4825,11.289713382720947,0.8439835269833855,CVPF,soup_scene3,70,old
4826,11.291984796524048,0.8439835269833855,CVPF,soup_scene3,70,old
4827,11.294553995132446,0.8430893504899268,CVPF,soup_scene3,70,old
4828,11.296992540359497,0.8430893504899268,CVPF,soup_scene3,70,old
4829,11.299492835998535,0.8437982258281158,CVPF,soup_scene3,70,old
4830,11.301806926727295,0.8437982258281158,CVPF,soup_scene3,70,old
4831,11.304413080215454,0.8423606554561767,CVPF,soup_scene3,70,old
4832,11.306851387023926,0.8433223312370091,CVPF,soup_scene3,70,old
4833,11.309264421463013,0.8432915158188834,CVPF,soup_scene3,70,old
4834,11.311741828918457,0.8422188365393799,CVPF,soup_scene3,70,old
4835,11.314176321029663,0.8422188365393799,CVPF,soup_scene3,70,old
4836,11.316690444946289,0.8431344353563395,CVPF,soup_scene3,70,old
4837,11.319143295288086,0.843185653514495,CVPF,soup_scene3,70,old
4838,11.321562767028809,0.8429098104663062,CVPF,soup_scene3,70,old
4839,11.32385802268982,0.8429098104663062,CVPF,soup_scene3,70,old
4840,11.326330661773682,0.8429098104663062,CVPF,soup_scene3,70,old
4841,11.328860521316528,0.8417545891962153,CVPF,soup_scene3,70,old
4842,11.331316947937012,0.8417545891962153,CVPF,soup_scene3,70,old
4843,11.333738565444946,0.8417291706232062,CVPF,soup_scene3,70,old
4844,11.336293697357178,0.7855343069323846,CVPF,soup_scene3,70,old
4845,11.339702606201172,0.7855343069323846,CVPF,soup_scene3,70,old
4846,11.341923475265503,0.7855343069323846,CVPF,soup_scene3,70,old
4847,11.344328880310059,0.7841640671862002,CVPF,soup_scene3,70,old
4848,11.346765279769897,0.7841640671862002,CVPF,soup_scene3,70,old
4849,11.34917163848877,0.7841640671862002,CVPF,soup_scene3,70,old
4850,11.351485252380371,0.7836324843105622,CVPF,soup_scene3,70,old
4851,11.353884935379028,0.7828084466384526,CVPF,soup_scene3,70,old
4852,11.356364727020264,0.7828084466384526,CVPF,soup_scene3,70,old
4853,11.358575344085693,0.7828084466384526,CVPF,soup_scene3,70,old
4854,11.361024379730225,0.7823426266724987,CVPF,soup_scene3,70,old
4855,11.363374710083008,0.7823426266724987,CVPF,soup_scene3,70,old
4856,11.365542888641357,0.7823426266724987,CVPF,soup_scene3,70,old
4857,11.367826700210571,0.7823426266724987,CVPF,soup_scene3,70,old
4858,11.370307207107544,0.7846160077230957,CVPF,soup_scene3,70,old
4859,11.372745037078857,0.7846160077230957,CVPF,soup_scene3,70,old
4860,11.374969959259033,0.7846160077230957,CVPF,soup_scene3,70,old
4861,11.377382040023804,0.7846259757650182,CVPF,soup_scene3,70,old
4862,11.379989624023438,0.7850538690875402,CVPF,soup_scene3,70,old
4863,11.382299900054932,0.7850538690875402,CVPF,soup_scene3,70,old
4864,11.384645462036133,0.7849978880266395,CVPF,soup_scene3,70,old
4865,11.387114763259888,0.784628930165737,CVPF,soup_scene3,70,old
4866,11.38942003250122,0.784628930165737,CVPF,soup_scene3,70,old
4867,11.391631603240967,0.784628930165737,CVPF,soup_scene3,70,old
4868,11.394010782241821,0.7850818249761637,CVPF,soup_scene3,70,old
4869,11.396419048309326,0.7850818249761637,CVPF,soup_scene3,70,old
4870,11.39869999885559,0.7850818249761637,CVPF,soup_scene3,70,old
4871,11.401063680648804,0.7851241514186595,CVPF,soup_scene3,70,old
4872,11.403622150421143,0.7857661665923628,CVPF,soup_scene3,70,old
4873,11.405976295471191,0.7857661665923628,CVPF,soup_scene3,70,old
4874,11.40820837020874,0.7857661665923628,CVPF,soup_scene3,70,old
4875,11.410590648651123,0.785715682708271,CVPF,soup_scene3,70,old
4876,11.413143396377563,0.7846170252772948,CVPF,soup_scene3,70,old
4877,11.415452480316162,0.7846170252772948,CVPF,soup_scene3,70,old
4878,11.417769432067871,0.7846080675220204,CVPF,soup_scene3,70,old
4879,11.42008113861084,0.7838876802641073,CVPF,soup_scene3,70,old
4880,11.422301054000854,0.7838876802641073,CVPF,soup_scene3,70,old
4881,11.424453258514404,0.7838876802641073,CVPF,soup_scene3,70,old
4882,11.426793336868286,0.7833187030869855,CVPF,soup_scene3,70,old
4883,11.429169654846191,0.7831414028118244,CVPF,soup_scene3,70,old
4884,11.431423664093018,0.7831414028118244,CVPF,soup_scene3,70,old
4885,11.433561563491821,0.7831414028118244,CVPF,soup_scene3,70,old
4886,11.436066389083862,0.7838348956569865,CVPF,soup_scene3,70,old
4887,11.438376903533936,0.7838348956569865,CVPF,soup_scene3,70,old
4888,11.440561532974243,0.7838348956569865,CVPF,soup_scene3,70,old
4889,11.44277548789978,0.7838348956569865,CVPF,soup_scene3,70,old
4890,11.445261001586914,0.7861063248265054,CVPF,soup_scene3,70,old
4891,11.447638034820557,0.7861063248265054,CVPF,soup_scene3,70,old
4892,11.44980001449585,0.7861063248265054,CVPF,soup_scene3,70,old
4893,11.452151536941528,0.7861437148159718,CVPF,soup_scene3,70,old
4894,11.454619407653809,0.7850226765375856,CVPF,soup_scene3,70,old
4895,11.456929445266724,0.7850226765375856,CVPF,soup_scene3,70,old
4896,11.459302425384521,0.7850226765375856,CVPF,soup_scene3,70,old
4897,11.46184778213501,0.7837323055185355,CVPF,soup_scene3,70,old
4898,11.464369773864746,0.7837323055185355,CVPF,soup_scene3,70,old
4899,11.466646671295166,0.7837323055185355,CVPF,soup_scene3,70,old
4900,11.469223260879517,0.7838207573577121,CVPF,soup_scene3,70,old
4901,11.471655130386353,0.7838207573577121,CVPF,soup_scene3,70,old
4902,11.474069833755493,0.7838207573577121,CVPF,soup_scene3,70,old
4903,11.476556777954102,0.7839641774847559,CVPF,soup_scene3,70,old
4904,11.479029655456543,0.7847248037327734,CVPF,soup_scene3,70,old
4905,11.481420040130615,0.7847248037327734,CVPF,soup_scene3,70,old
4906,11.483773708343506,0.7847248037327734,CVPF,soup_scene3,70,old
4907,11.486295223236084,0.7836708098905829,CVPF,soup_scene3,70,old
4908,11.488694667816162,0.7836708098905829,CVPF,soup_scene3,70,old
4909,11.491103172302246,0.7836708098905829,CVPF,soup_scene3,70,old
4910,11.49353837966919,0.7838885377005447,CVPF,soup_scene3,70,old
4911,11.49657154083252,0.7838885377005447,CVPF,soup_scene3,70,old
4912,11.498993635177612,1.8361440435505134,CVPF,soup_scene3,70,old
4913,11.501281023025513,1.8361440435505134,CVPF,soup_scene3,70,old
4914,11.503769874572754,1.836117926524941,CVPF,soup_scene3,70,old
4915,11.50619626045227,1.836117926524941,CVPF,soup_scene3,70,old
4916,11.50838017463684,1.836117926524941,CVPF,soup_scene3,70,old
4917,11.510753393173218,1.8370692015068482,CVPF,soup_scene3,70,old
4918,11.513242721557617,1.8370692015068482,CVPF,soup_scene3,70,old
4919,11.51546311378479,1.8370692015068482,CVPF,soup_scene3,70,old
4920,11.517816543579102,1.836860831585465,CVPF,soup_scene3,70,old
4921,11.520171165466309,1.8390871429360915,CVPF,soup_scene3,70,old
4922,11.522509574890137,1.8390871429360915,CVPF,soup_scene3,70,old
4923,11.524707555770874,1.8390871429360915,CVPF,soup_scene3,70,old
4924,11.527082920074463,1.8390695651584181,CVPF,soup_scene3,70,old
4925,11.529491424560547,1.8417326762395003,CVPF,soup_scene3,70,old
4926,11.531834125518799,1.8417326762395003,CVPF,soup_scene3,70,old
4927,11.534171342849731,1.8417326762395003,CVPF,soup_scene3,70,old
4928,11.536834716796875,1.8409218215594407,CVPF,soup_scene3,70,old
4929,11.539188146591187,1.8409218215594407,CVPF,soup_scene3,70,old
4930,11.54134726524353,1.8409218215594407,CVPF,soup_scene3,70,old
4931,11.543765544891357,1.838045526488198,CVPF,soup_scene3,70,old
4932,11.546344995498657,1.838045526488198,CVPF,soup_scene3,70,old
4933,11.548557758331299,1.838045526488198,CVPF,soup_scene3,70,old
4934,11.550783157348633,1.838045526488198,CVPF,soup_scene3,70,old
4935,11.553001880645752,1.838045526488198,CVPF,soup_scene3,70,old
4936,11.555535078048706,1.8382616566910182,CVPF,soup_scene3,70,old
4937,11.557854652404785,1.8366031034186339,CVPF,soup_scene3,70,old
4938,11.560107946395874,1.8366031034186339,CVPF,soup_scene3,70,old
4939,11.562352895736694,1.8366031034186339,CVPF,soup_scene3,70,old
4940,11.564697265625,1.836763070711001,CVPF,soup_scene3,70,old
4941,11.566947937011719,1.836763070711001,CVPF,soup_scene3,70,old
4942,11.56933879852295,1.836763070711001,CVPF,soup_scene3,70,old
4943,11.571492671966553,1.836763070711001,CVPF,soup_scene3,70,old
4944,11.573602437973022,1.836763070711001,CVPF,soup_scene3,70,old
4945,11.575976610183716,1.836970725059845,CVPF,soup_scene3,70,old
4946,11.578343629837036,1.8369394616065913,CVPF,soup_scene3,70,old
4947,11.580804109573364,1.8369394616065913,CVPF,soup_scene3,70,old
4948,11.583003759384155,1.8369394616065913,CVPF,soup_scene3,70,old
4949,11.585353136062622,1.8346381469620763,CVPF,soup_scene3,70,old
4950,11.587508916854858,1.8346381469620763,CVPF,soup_scene3,70,old
4951,11.589535236358643,1.8346381469620763,CVPF,soup_scene3,70,old
4952,11.591629266738892,1.8346381469620763,CVPF,soup_scene3,70,old
4953,11.5938720703125,1.8359018157286044,CVPF,soup_scene3,70,old
4954,11.59602427482605,1.8359018157286044,CVPF,soup_scene3,70,old
4955,11.59804916381836,1.8359018157286044,CVPF,soup_scene3,70,old
4956,11.600167512893677,1.8359018157286044,CVPF,soup_scene3,70,old
4957,11.602187156677246,1.8359018157286044,CVPF,soup_scene3,70,old
4958,11.60422658920288,1.8359018157286044,CVPF,soup_scene3,70,old
4959,11.606361627578735,1.8359018157286044,CVPF,soup_scene3,70,old
4960,11.608686923980713,1.8360469699612203,CVPF,soup_scene3,70,old
4961,11.611234903335571,1.8360469699612203,CVPF,soup_scene3,70,old
4962,11.61353611946106,1.8360469699612203,CVPF,soup_scene3,70,old
4963,11.615797996520996,1.8360469699612203,CVPF,soup_scene3,70,old
4964,11.6183180809021,1.8385252795548723,CVPF,soup_scene3,70,old
4965,11.620762825012207,1.8385252795548723,CVPF,soup_scene3,70,old
4966,11.623263597488403,1.8383391687911281,CVPF,soup_scene3,70,old
4967,11.625682592391968,1.8383391687911281,CVPF,soup_scene3,70,old
4968,11.62809419631958,1.8376447931209734,CVPF,soup_scene3,70,old
4969,11.630275011062622,1.8376447931209734,CVPF,soup_scene3,70,old
4970,11.632664442062378,1.8376447931209734,CVPF,soup_scene3,70,old
4971,11.635082483291626,1.8377856301750857,CVPF,soup_scene3,70,old
4972,11.63762378692627,1.8377856301750857,CVPF,soup_scene3,70,old
4973,11.64007830619812,1.8420588726234017,CVPF,soup_scene3,70,old
4974,11.642399549484253,1.8420588726234017,CVPF,soup_scene3,70,old
4975,11.644690752029419,1.8420588726234017,CVPF,soup_scene3,70,old
4976,11.647197961807251,1.8420588726234017,CVPF,soup_scene3,70,old
4977,11.649590492248535,1.8420514525014866,CVPF,soup_scene3,70,old
4978,11.651878833770752,1.8412422229070842,CVPF,soup_scene3,70,old
4979,11.654287099838257,1.8412422229070842,CVPF,soup_scene3,70,old
4980,11.656763076782227,1.8412422229070842,CVPF,soup_scene3,70,old
4981,11.659875869750977,1.5239235810435066,CVPF,soup_scene3,70,old
4982,11.66226315498352,1.5213840020030585,CVPF,soup_scene3,70,old
4983,11.6646249294281,1.5213840020030585,CVPF,soup_scene3,70,old
4984,11.666905879974365,1.5213840020030585,CVPF,soup_scene3,70,old
4985,11.669376134872437,1.5213840020030585,CVPF,soup_scene3,70,old
4986,11.671660900115967,1.5208501764491285,CVPF,soup_scene3,70,old
4987,11.673811197280884,1.5208501764491285,CVPF,soup_scene3,70,old
4988,11.676150560379028,1.5208566637327667,CVPF,soup_scene3,70,old
4989,11.678559303283691,1.5208566637327667,CVPF,soup_scene3,70,old
4990,11.680931568145752,1.5208566637327667,CVPF,soup_scene3,70,old
4991,11.683176279067993,1.5207478579917462,CVPF,soup_scene3,70,old
4992,11.685614585876465,1.5218446990932692,CVPF,soup_scene3,70,old
4993,11.688031911849976,1.5223391495656182,CVPF,soup_scene3,70,old
4994,11.690605401992798,1.523349739323426,CVPF,soup_scene3,70,old
4995,11.692987203598022,1.523349739323426,CVPF,soup_scene3,70,old
4996,11.69551944732666,1.524653921289711,CVPF,soup_scene3,70,old
4997,11.697998523712158,1.524653921289711,CVPF,soup_scene3,70,old
4998,11.700631618499756,1.5245120995353094,CVPF,soup_scene3,70,old
4999,11.703119039535522,1.5245120995353094,CVPF,soup_scene3,70,old
5000,11.705711364746094,1.5212489933753472,CVPF,soup_scene3,70,old
5001,11.708393812179565,1.5211059011660009,CVPF,soup_scene3,70,old
5002,11.710845470428467,1.5222570122211518,CVPF,soup_scene3,70,old
5003,11.713460922241211,1.5229458936355504,CVPF,soup_scene3,70,old
5004,11.716036796569824,1.521963771381741,CVPF,soup_scene3,70,old
5005,11.718654870986938,1.5242748526615078,CVPF,soup_scene3,70,old
5006,11.721122026443481,1.5242748526615078,CVPF,soup_scene3,70,old
5007,11.72366976737976,1.524089724941459,CVPF,soup_scene3,70,old
5008,11.72625994682312,1.5265250514853221,CVPF,soup_scene3,70,old
5009,11.72881031036377,1.5265250514853221,CVPF,soup_scene3,70,old
5010,11.731086730957031,1.5265250514853221,CVPF,soup_scene3,70,old
5011,11.733255386352539,1.5265250514853221,CVPF,soup_scene3,70,old
5012,11.73573899269104,1.527275891284738,CVPF,soup_scene3,70,old
5013,11.738141775131226,1.527275891284738,CVPF,soup_scene3,70,old
5014,11.740260601043701,1.527275891284738,CVPF,soup_scene3,70,old
5015,11.742489099502563,1.5272779786399413,CVPF,soup_scene3,70,old
5016,11.744876861572266,1.526300126917465,CVPF,soup_scene3,70,old
5017,11.74726939201355,1.526300126917465,CVPF,soup_scene3,70,old
5018,11.74940013885498,1.526300126917465,CVPF,soup_scene3,70,old
5019,11.751774072647095,1.5262194027808356,CVPF,soup_scene3,70,old
5020,11.754184007644653,1.5226340801400386,CVPF,soup_scene3,70,old
5021,11.756589889526367,1.5226340801400386,CVPF,soup_scene3,70,old
5022,11.758848905563354,1.5232503541656959,CVPF,soup_scene3,70,old
5023,11.761274576187134,1.5223689397912903,CVPF,soup_scene3,70,old
5024,11.763573408126831,1.5223689397912903,CVPF,soup_scene3,70,old
5025,11.765698671340942,1.5223689397912903,CVPF,soup_scene3,70,old
5026,11.76802945137024,1.5223689397912903,CVPF,soup_scene3,70,old
5027,11.770500898361206,1.5246102248188294,CVPF,soup_scene3,70,old
5028,11.772634983062744,1.5246102248188294,CVPF,soup_scene3,70,old
5029,11.774776697158813,1.5246102248188294,CVPF,soup_scene3,70,old
5030,11.777088642120361,1.5240554212711004,CVPF,soup_scene3,70,old
5031,11.779635667800903,1.5266606484640501,CVPF,soup_scene3,70,old
5032,11.781811237335205,1.5266606484640501,CVPF,soup_scene3,70,old
5033,11.783993482589722,1.5266606484640501,CVPF,soup_scene3,70,old
5034,11.78644323348999,1.5298124671773357,CVPF,soup_scene3,70,old
5035,11.78873610496521,1.5298124671773357,CVPF,soup_scene3,70,old
5036,11.790884733200073,1.5298124671773357,CVPF,soup_scene3,70,old
5037,11.793120622634888,1.529248249285386,CVPF,soup_scene3,70,old
5038,11.795493841171265,1.5298717436537332,CVPF,soup_scene3,70,old
5039,11.797820091247559,1.5298717436537332,CVPF,soup_scene3,70,old
5040,11.79992961883545,1.5298717436537332,CVPF,soup_scene3,70,old
5041,11.802367448806763,1.5270326606103142,CVPF,soup_scene3,70,old
5042,11.804627895355225,1.5270326606103142,CVPF,soup_scene3,70,old
5043,11.806936502456665,1.5270326606103142,CVPF,soup_scene3,70,old
5044,11.809209108352661,1.527070132017676,CVPF,soup_scene3,70,old
5045,11.81167197227478,1.5255859490305665,CVPF,soup_scene3,70,old
5046,11.814250230789185,1.5255859490305665,CVPF,soup_scene3,70,old
5047,11.816524982452393,1.5255859490305665,CVPF,soup_scene3,70,old
5048,11.819612741470337,0.5440502417329078,CVPF,soup_scene3,70,old
5049,11.822013139724731,0.5440502417329078,CVPF,soup_scene3,70,old
5050,11.824145317077637,0.5440502417329078,CVPF,soup_scene3,70,old
5051,11.826502323150635,0.5445627126139305,CVPF,soup_scene3,70,old
5052,11.829010725021362,0.5443027814741681,CVPF,soup_scene3,70,old
5053,11.831339836120605,0.5443027814741681,CVPF,soup_scene3,70,old
5054,11.833515882492065,0.5440131293410202,CVPF,soup_scene3,70,old
5055,11.83599853515625,0.5465625513515047,CVPF,soup_scene3,70,old
5056,11.838334560394287,0.5465625513515047,CVPF,soup_scene3,70,old
5057,11.840509176254272,0.5465625513515047,CVPF,soup_scene3,70,old
5058,11.84287977218628,0.5457774318520352,CVPF,soup_scene3,70,old
5059,11.845264196395874,0.5457774318520352,CVPF,soup_scene3,70,old
5060,11.847782373428345,0.5457774318520352,CVPF,soup_scene3,70,old
5061,11.84999704360962,0.5457774318520352,CVPF,soup_scene3,70,old
5062,11.852439641952515,0.5466154275908144,CVPF,soup_scene3,70,old
5063,11.854875087738037,0.5466154275908144,CVPF,soup_scene3,70,old
5064,11.857017993927002,0.5466154275908144,CVPF,soup_scene3,70,old
5065,11.859217643737793,0.5466154275908144,CVPF,soup_scene3,70,old
5066,11.861621379852295,0.54599989925011,CVPF,soup_scene3,70,old
5067,11.864033222198486,0.54599989925011,CVPF,soup_scene3,70,old
5068,11.866169214248657,0.54599989925011,CVPF,soup_scene3,70,old
5069,11.868500232696533,0.5456818351031005,CVPF,soup_scene3,70,old
5070,11.870863199234009,0.5448317676009724,CVPF,soup_scene3,70,old
5071,11.87332010269165,0.5448317676009724,CVPF,soup_scene3,70,old
5072,11.875510692596436,0.5448317676009724,CVPF,soup_scene3,70,old
5073,11.877893209457397,0.5451313863281415,CVPF,soup_scene3,70,old
5074,11.880430221557617,0.5451313863281415,CVPF,soup_scene3,70,old
5075,11.882551431655884,0.5451313863281415,CVPF,soup_scene3,70,old
5076,11.884895086288452,0.5444702093684297,CVPF,soup_scene3,70,old
5077,11.88704538345337,0.5444702093684297,CVPF,soup_scene3,70,old
5078,11.889376640319824,0.5444702093684297,CVPF,soup_scene3,70,old
5079,11.891659021377563,0.5444702093684297,CVPF,soup_scene3,70,old
5080,11.894081830978394,0.545302736706069,CVPF,soup_scene3,70,old
5081,11.896417617797852,0.545302736706069,CVPF,soup_scene3,70,old
5082,11.898536920547485,0.545302736706069,CVPF,soup_scene3,70,old
5083,11.900752544403076,0.5449837268631166,CVPF,soup_scene3,70,old
5084,11.903110265731812,0.5455047988217068,CVPF,soup_scene3,70,old
5085,11.905311346054077,0.5455047988217068,CVPF,soup_scene3,70,old
5086,11.90749454498291,0.5455047988217068,CVPF,soup_scene3,70,old
5087,11.909789562225342,0.5454264050464843,CVPF,soup_scene3,70,old
5088,11.912168264389038,0.5454264050464843,CVPF,soup_scene3,70,old
5089,11.914333581924438,0.5454264050464843,CVPF,soup_scene3,70,old
5090,11.91644024848938,0.5454264050464843,CVPF,soup_scene3,70,old
5091,11.918884754180908,0.5462468475081383,CVPF,soup_scene3,70,old
5092,11.921432733535767,0.5458320995667263,CVPF,soup_scene3,70,old
5093,11.923683166503906,0.5458320995667263,CVPF,soup_scene3,70,old
5094,11.925918102264404,0.5457711168544517,CVPF,soup_scene3,70,old
5095,11.928380966186523,0.5453718195602386,CVPF,soup_scene3,70,old
5096,11.930620431900024,0.5453718195602386,CVPF,soup_scene3,70,old
5097,11.932727575302124,0.5453718195602386,CVPF,soup_scene3,70,old
5098,11.935144901275635,0.5453471550641558,CVPF,soup_scene3,70,old
5099,11.937523603439331,0.5440582588368814,CVPF,soup_scene3,70,old
5100,11.939910411834717,0.5440582588368814,CVPF,soup_scene3,70,old
5101,11.942176342010498,0.543309122094974,CVPF,soup_scene3,70,old
5102,11.944458246231079,0.5449412322127856,CVPF,soup_scene3,70,old
5103,11.946833848953247,0.5449412322127856,CVPF,soup_scene3,70,old
5104,11.949049234390259,0.5449412322127856,CVPF,soup_scene3,70,old
5105,11.951268672943115,0.5461061177565893,CVPF,soup_scene3,70,old
5106,11.953638792037964,0.5481189940987079,CVPF,soup_scene3,70,old
5107,11.955917119979858,0.5481189940987079,CVPF,soup_scene3,70,old
5108,11.958171129226685,0.5481189940987079,CVPF,soup_scene3,70,old
5109,11.960435152053833,0.5485691612926118,CVPF,soup_scene3,70,old
5110,11.96273922920227,0.5485691612926118,CVPF,soup_scene3,70,old
5111,11.964909076690674,0.5485691612926118,CVPF,soup_scene3,70,old
5112,11.96705937385559,0.5485691612926118,CVPF,soup_scene3,70,old
5113,11.969509363174438,0.5495971173070302,CVPF,soup_scene3,70,old
5114,11.971923351287842,0.5495971173070302,CVPF,soup_scene3,70,old
5115,11.974133729934692,0.5495971173070302,CVPF,soup_scene3,70,old
5116,11.976454257965088,0.5499663586309307,CVPF,soup_scene3,70,old
5117,11.978705406188965,0.5499663586309307,CVPF,soup_scene3,70,old
5118,11.980979442596436,0.5499663586309307,CVPF,soup_scene3,70,old
5119,11.983147859573364,0.5499663586309307,CVPF,soup_scene3,70,old
5120,11.985468626022339,0.5503776025772451,CVPF,soup_scene3,70,old
5121,11.98781156539917,0.5503776025772451,CVPF,soup_scene3,70,old
5122,11.990193605422974,0.5503776025772451,CVPF,soup_scene3,70,old
5123,11.992444038391113,0.5503046187175338,CVPF,soup_scene3,70,old
5124,11.994813203811646,0.5492107026914441,CVPF,soup_scene3,70,old
5125,11.997114658355713,0.5492107026914441,CVPF,soup_scene3,70,old
5126,11.999433279037476,0.8285441335008265,CVPF,soup_scene3,70,old
5127,12.002679824829102,0.8289611630960035,CVPF,soup_scene3,70,old
5128,12.004982709884644,0.8289611630960035,CVPF,soup_scene3,70,old
5129,12.00721287727356,0.8289611630960035,CVPF,soup_scene3,70,old
5130,12.009634017944336,0.82877499423886,CVPF,soup_scene3,70,old
5131,12.012085914611816,0.8291243965862038,CVPF,soup_scene3,70,old
5132,12.014634609222412,0.8291243965862038,CVPF,soup_scene3,70,old
5133,12.016800165176392,0.8291243965862038,CVPF,soup_scene3,70,old
5134,12.01918888092041,0.830212750165375,CVPF,soup_scene3,70,old
5135,12.021632671356201,0.830212750165375,CVPF,soup_scene3,70,old
5136,12.023841142654419,0.830212750165375,CVPF,soup_scene3,70,old
5137,12.026067733764648,0.830212750165375,CVPF,soup_scene3,70,old
5138,12.028448581695557,0.8307952534448303,CVPF,soup_scene3,70,old
5139,12.030778408050537,0.8307952534448303,CVPF,soup_scene3,70,old
5140,12.032890319824219,0.8307952534448303,CVPF,soup_scene3,70,old
5141,12.035276174545288,0.830802483358888,CVPF,soup_scene3,70,old
5142,12.037705183029175,0.830802483358888,CVPF,soup_scene3,70,old
5143,12.039910078048706,0.830802483358888,CVPF,soup_scene3,70,old
5144,12.042136669158936,0.8302739970638544,CVPF,soup_scene3,70,old
5145,12.044536590576172,0.8295751219275682,CVPF,soup_scene3,70,old
5146,12.047001838684082,0.8295751219275682,CVPF,soup_scene3,70,old
5147,12.049172401428223,0.8295751219275682,CVPF,soup_scene3,70,old
5148,12.051496982574463,0.8295759520846158,CVPF,soup_scene3,70,old
5149,12.054018020629883,0.8265571490040409,CVPF,soup_scene3,70,old
5150,12.056164741516113,0.8265571490040409,CVPF,soup_scene3,70,old
5151,12.058465719223022,0.8265571490040409,CVPF,soup_scene3,70,old
5152,12.060850858688354,0.8272022363162426,CVPF,soup_scene3,70,old
5153,12.06316089630127,0.8272022363162426,CVPF,soup_scene3,70,old
5154,12.065261125564575,0.8272022363162426,CVPF,soup_scene3,70,old
5155,12.06757140159607,0.8266761637491059,CVPF,soup_scene3,70,old
5156,12.070045709609985,0.8261902333197628,CVPF,soup_scene3,70,old
5157,12.072533369064331,0.8261902333197628,CVPF,soup_scene3,70,old
5158,12.074700117111206,0.8261902333197628,CVPF,soup_scene3,70,old
5159,12.077186107635498,0.8283138375601762,CVPF,soup_scene3,70,old
5160,12.079766273498535,0.8283138375601762,CVPF,soup_scene3,70,old
5161,12.081888675689697,0.8283138375601762,CVPF,soup_scene3,70,old
5162,12.084275484085083,0.8281984854843175,CVPF,soup_scene3,70,old
5163,12.08675765991211,0.8288707464337373,CVPF,soup_scene3,70,old
5164,12.089042663574219,0.8288707464337373,CVPF,soup_scene3,70,old
5165,12.09119963645935,0.8288707464337373,CVPF,soup_scene3,70,old
5166,12.093735456466675,0.8283572320284152,CVPF,soup_scene3,70,old
5167,12.096089839935303,0.8283572320284152,CVPF,soup_scene3,70,old
5168,12.098233699798584,0.8283572320284152,CVPF,soup_scene3,70,old
5169,12.100483417510986,0.8284343289360062,CVPF,soup_scene3,70,old
5170,12.102914810180664,0.8271483406447991,CVPF,soup_scene3,70,old
5171,12.1051766872406,0.8271483406447991,CVPF,soup_scene3,70,old
5172,12.107323408126831,0.8271483406447991,CVPF,soup_scene3,70,old
5173,12.109599351882935,0.8266004285018091,CVPF,soup_scene3,70,old
5174,12.11195158958435,0.82640806919909,CVPF,soup_scene3,70,old
5175,12.114210367202759,0.82640806919909,CVPF,soup_scene3,70,old
5176,12.116350412368774,0.82640806919909,CVPF,soup_scene3,70,old
5177,12.118677616119385,0.8269225423829334,CVPF,soup_scene3,70,old
5178,12.1212158203125,0.8267949375243594,CVPF,soup_scene3,70,old
5179,12.123518943786621,0.8267949375243594,CVPF,soup_scene3,70,old
5180,12.12581753730774,0.8268565039938628,CVPF,soup_scene3,70,old
5181,12.128286123275757,0.8279961433061597,CVPF,soup_scene3,70,old
5182,12.13058853149414,0.8279961433061597,CVPF,soup_scene3,70,old
5183,12.132794618606567,0.8279961433061597,CVPF,soup_scene3,70,old
5184,12.135201692581177,0.8284369841109192,CVPF,soup_scene3,70,old
5185,12.137802839279175,0.8256685479637087,CVPF,soup_scene3,70,old
5186,12.139971017837524,0.8256685479637087,CVPF,soup_scene3,70,old
5187,12.14215612411499,0.8256685479637087,CVPF,soup_scene3,70,old
5188,12.144544839859009,0.8267078637504988,CVPF,soup_scene3,70,old
5189,12.146929740905762,0.8267078637504988,CVPF,soup_scene3,70,old
5190,12.1491060256958,0.8267078637504988,CVPF,soup_scene3,70,old
5191,12.15143084526062,0.8276361022510441,CVPF,soup_scene3,70,old
5192,12.153847932815552,0.8242198620013997,CVPF,soup_scene3,70,old
5193,12.155995607376099,0.8242198620013997,CVPF,soup_scene3,70,old
5194,12.158138990402222,0.8242198620013997,CVPF,soup_scene3,70,old
5195,12.160603284835815,0.8233373651173577,CVPF,soup_scene3,70,old
5196,12.163811206817627,1.8334383867655613,CVPF,soup_scene3,70,old
5197,12.166025876998901,1.8334383867655613,CVPF,soup_scene3,70,old
5198,12.168380737304688,1.833426582610083,CVPF,soup_scene3,70,old
5199,12.170846223831177,1.833413020530884,CVPF,soup_scene3,70,old
5200,12.173068761825562,1.833413020530884,CVPF,soup_scene3,70,old
5201,12.175237894058228,1.833413020530884,CVPF,soup_scene3,70,old
5202,12.177637338638306,1.8343720724087236,CVPF,soup_scene3,70,old
5203,12.180127382278442,1.8343720724087236,CVPF,soup_scene3,70,old
5204,12.182274341583252,1.8343720724087236,CVPF,soup_scene3,70,old
5205,12.1846284866333,1.8325457907529699,CVPF,soup_scene3,70,old
5206,12.187011480331421,1.8325457907529699,CVPF,soup_scene3,70,old
5207,12.189169883728027,1.8325457907529699,CVPF,soup_scene3,70,old
5208,12.191329002380371,1.8325457907529699,CVPF,soup_scene3,70,old
5209,12.193697690963745,1.833074552466584,CVPF,soup_scene3,70,old
5210,12.196228504180908,1.8332186971974365,CVPF,soup_scene3,70,old
5211,12.198367834091187,1.8332186971974365,CVPF,soup_scene3,70,old
5212,12.200601577758789,1.8332186971974365,CVPF,soup_scene3,70,old
5213,12.20299768447876,1.833674045430187,CVPF,soup_scene3,70,old
5214,12.205476999282837,1.833674045430187,CVPF,soup_scene3,70,old
5215,12.20768427848816,1.833674045430187,CVPF,soup_scene3,70,old
5216,12.21022653579712,1.8338051260757569,CVPF,soup_scene3,70,old
5217,12.212597608566284,1.8338051260757569,CVPF,soup_scene3,70,old
5218,12.21484923362732,1.8338051260757569,CVPF,soup_scene3,70,old
5219,12.217089414596558,1.833330881094513,CVPF,soup_scene3,70,old
5220,12.219395875930786,1.832708771890729,CVPF,soup_scene3,70,old
5221,12.221737623214722,1.832708771890729,CVPF,soup_scene3,70,old
5222,12.223863124847412,1.832708771890729,CVPF,soup_scene3,70,old
5223,12.226229667663574,1.8329718023203054,CVPF,soup_scene3,70,old
5224,12.228670120239258,1.8336094727083136,CVPF,soup_scene3,70,old
5225,12.230968713760376,1.8336094727083136,CVPF,soup_scene3,70,old
5226,12.233080387115479,1.8336094727083136,CVPF,soup_scene3,70,old
5227,12.235313892364502,1.8336094727083136,CVPF,soup_scene3,70,old
5228,12.237880229949951,1.8334006055885759,CVPF,soup_scene3,70,old
5229,12.240185499191284,1.8334006055885759,CVPF,soup_scene3,70,old
5230,12.24251389503479,1.832569501624982,CVPF,soup_scene3,70,old
5231,12.244910717010498,1.8350372357714952,CVPF,soup_scene3,70,old
5232,12.247353076934814,1.8350372357714952,CVPF,soup_scene3,70,old
5233,12.249551057815552,1.8350372357714952,CVPF,soup_scene3,70,old
5234,12.251907348632812,1.8305147298453632,CVPF,soup_scene3,70,old
5235,12.254079580307007,1.8305147298453632,CVPF,soup_scene3,70,old
5236,12.256203413009644,1.8305147298453632,CVPF,soup_scene3,70,old
5237,12.258362054824829,1.8305147298453632,CVPF,soup_scene3,70,old
5238,12.2606782913208,1.8345305987915046,CVPF,soup_scene3,70,old
5239,12.262874364852905,1.8345305987915046,CVPF,soup_scene3,70,old
5240,12.26507830619812,1.8345305987915046,CVPF,soup_scene3,70,old
5241,12.26722240447998,1.8345305987915046,CVPF,soup_scene3,70,old
5242,12.26963186264038,1.8312324019522328,CVPF,soup_scene3,70,old
5243,12.27227783203125,1.8312324019522328,CVPF,soup_scene3,70,old
5244,12.274545669555664,1.8312324019522328,CVPF,soup_scene3,70,old
5245,12.276980876922607,1.8308688745672668,CVPF,soup_scene3,70,old
5246,12.279376745223999,1.8308688745672668,CVPF,soup_scene3,70,old
5247,12.281742811203003,1.8308688745672668,CVPF,soup_scene3,70,old
5248,12.284016609191895,1.831196901962625,CVPF,soup_scene3,70,old
5249,12.286438226699829,1.8337785202550034,CVPF,soup_scene3,70,old
5250,12.288701057434082,1.8337785202550034,CVPF,soup_scene3,70,old
5251,12.290874481201172,1.8337785202550034,CVPF,soup_scene3,70,old
5252,12.293225765228271,1.8337785202550034,CVPF,soup_scene3,70,old
5253,12.295698881149292,1.8310488069636972,CVPF,soup_scene3,70,old
5254,12.297950983047485,1.8310488069636972,CVPF,soup_scene3,70,old
5255,12.300156354904175,1.8310488069636972,CVPF,soup_scene3,70,old
5256,12.302626371383667,1.830956814866408,CVPF,soup_scene3,70,old
5257,12.304936647415161,1.830956814866408,CVPF,soup_scene3,70,old
5258,12.307075500488281,1.830956814866408,CVPF,soup_scene3,70,old
5259,12.309290409088135,1.830956814866408,CVPF,soup_scene3,70,old
5260,12.312532186508179,1.8305302500385343,CVPF,soup_scene3,70,old
5261,12.315713167190552,1.8305302500385343,CVPF,soup_scene3,70,old
5262,12.319441318511963,2.9781336286950943,CVPF,soup_scene3,70,old
5263,12.3225576877594,2.9781336286950943,CVPF,soup_scene3,70,old
5264,12.325511693954468,2.9781336286950943,CVPF,soup_scene3,70,old
5265,12.328645467758179,2.981956633186028,CVPF,soup_scene3,70,old
5266,12.33181357383728,2.981956633186028,CVPF,soup_scene3,70,old
5267,12.334896326065063,2.9788260597224987,CVPF,soup_scene3,70,old
5268,12.337982654571533,2.9788260597224987,CVPF,soup_scene3,70,old
5269,12.340973854064941,2.9788260597224987,CVPF,soup_scene3,70,old
5270,12.34403920173645,2.9817121138015343,CVPF,soup_scene3,70,old
5271,12.347193241119385,2.9817121138015343,CVPF,soup_scene3,70,old
5272,12.350091934204102,2.9817121138015343,CVPF,soup_scene3,70,old
5273,12.352975845336914,2.9817121138015343,CVPF,soup_scene3,70,old
5274,12.355984926223755,2.978519627081223,CVPF,soup_scene3,70,old
5275,12.359054565429688,2.978519627081223,CVPF,soup_scene3,70,old
5276,12.361979484558105,2.978519627081223,CVPF,soup_scene3,70,old
5277,12.365069150924683,2.978519627081223,CVPF,soup_scene3,70,old
5278,12.368053913116455,2.9784786621224923,CVPF,soup_scene3,70,old
5279,12.37098479270935,2.978336873580119,CVPF,soup_scene3,70,old
5280,12.374079942703247,2.978336873580119,CVPF,soup_scene3,70,old
5281,12.377006769180298,2.978336873580119,CVPF,soup_scene3,70,old
5282,12.380024671554565,2.9785790306823388,CVPF,soup_scene3,70,old
5283,12.382641315460205,2.9816838382838706,CVPF,soup_scene3,70,old
5284,12.384899616241455,2.9816838382838706,CVPF,soup_scene3,70,old
5285,12.387095212936401,2.9816838382838706,CVPF,soup_scene3,70,old
5286,12.38953685760498,2.981246046283514,CVPF,soup_scene3,70,old
5287,12.391808986663818,2.981246046283514,CVPF,soup_scene3,70,old
5288,12.393933057785034,2.981246046283514,CVPF,soup_scene3,70,old
5289,12.396162748336792,2.981246046283514,CVPF,soup_scene3,70,old
5290,12.398532390594482,2.9812375386502583,CVPF,soup_scene3,70,old
5291,12.40080189704895,2.9812375386502583,CVPF,soup_scene3,70,old
5292,12.40329647064209,2.9788106766933766,CVPF,soup_scene3,70,old
5293,12.405417919158936,2.9788106766933766,CVPF,soup_scene3,70,old
5294,12.407618045806885,2.9788106766933766,CVPF,soup_scene3,70,old
5295,12.409875869750977,2.9788106766933766,CVPF,soup_scene3,70,old
5296,12.412365436553955,2.978809091201041,CVPF,soup_scene3,70,old
5297,12.41462516784668,2.9785082161515737,CVPF,soup_scene3,70,old
5298,12.416779279708862,2.9785082161515737,CVPF,soup_scene3,70,old
5299,12.419031381607056,2.9785082161515737,CVPF,soup_scene3,70,old
5300,12.421311616897583,2.9785082161515737,CVPF,soup_scene3,70,old
5301,12.423691272735596,2.9788199797905226,CVPF,soup_scene3,70,old
5302,12.425865650177002,2.9788199797905226,CVPF,soup_scene3,70,old
5303,12.4281325340271,2.9788199797905226,CVPF,soup_scene3,70,old
5304,12.430453062057495,2.9788199797905226,CVPF,soup_scene3,70,old
5305,12.432623863220215,2.9788199797905226,CVPF,soup_scene3,70,old
5306,12.434757947921753,2.9788199797905226,CVPF,soup_scene3,70,old
5307,12.436923027038574,2.9788199797905226,CVPF,soup_scene3,70,old
5308,12.439550876617432,2.9789679586633624,CVPF,soup_scene3,70,old
5309,12.441821575164795,2.9789679586633624,CVPF,soup_scene3,70,old
5310,12.444094896316528,2.978709512357471,CVPF,soup_scene3,70,old
5311,12.446634531021118,2.9815334179890107,CVPF,soup_scene3,70,old
5312,12.449032306671143,2.9815334179890107,CVPF,soup_scene3,70,old
5313,12.451853275299072,1.7374172325635007,CVPF,soup_scene3,70,old
5314,12.454139709472656,1.7374799301442918,CVPF,soup_scene3,70,old
5315,12.456334352493286,1.7375085683423324,CVPF,soup_scene3,70,old
5316,12.458558082580566,1.7375085683423324,CVPF,soup_scene3,70,old
5317,12.460827827453613,1.7375085683423324,CVPF,soup_scene3,70,old
5318,12.463067054748535,1.7375085683423324,CVPF,soup_scene3,70,old
5319,12.465387344360352,1.7373420268700839,CVPF,soup_scene3,70,old
5320,12.467623949050903,1.73757718777473,CVPF,soup_scene3,70,old
5321,12.469763040542603,1.73757718777473,CVPF,soup_scene3,70,old
5322,12.471967458724976,1.73757718777473,CVPF,soup_scene3,70,old
5323,12.474287033081055,1.73757718777473,CVPF,soup_scene3,70,old
5324,12.47649073600769,1.73757718777473,CVPF,soup_scene3,70,old
5325,12.478933334350586,1.7374224164363445,CVPF,soup_scene3,70,old
5326,12.481405973434448,1.7374224164363445,CVPF,soup_scene3,70,old
5327,12.483563661575317,1.7374224164363445,CVPF,soup_scene3,70,old
5328,12.48568058013916,1.7374224164363445,CVPF,soup_scene3,70,old
5329,12.48784852027893,1.7374224164363445,CVPF,soup_scene3,70,old
5330,12.489978075027466,1.7374224164363445,CVPF,soup_scene3,70,old
5331,12.492273092269897,1.7374429014781771,CVPF,soup_scene3,70,old
5332,12.494464635848999,1.7380413397306018,CVPF,soup_scene3,70,old
5333,12.496772289276123,1.737262029046187,CVPF,soup_scene3,70,old
5334,12.498937845230103,1.7367119118536447,CVPF,soup_scene3,70,old
5335,12.501470804214478,1.7367119118536447,CVPF,soup_scene3,70,old
5336,12.50395131111145,1.7374771968486966,CVPF,soup_scene3,70,old
5337,12.506289958953857,1.7376121794631665,CVPF,soup_scene3,70,old
5338,12.508666276931763,1.739804540099116,CVPF,soup_scene3,70,old
5339,12.510937213897705,1.739804540099116,CVPF,soup_scene3,70,old
5340,12.513694286346436,1.7374436664890869,CVPF,soup_scene3,70,old
5341,12.515937805175781,1.7374436664890869,CVPF,soup_scene3,70,old
5342,12.5184006690979,1.7400416626890678,CVPF,soup_scene3,70,old
5343,12.52072525024414,1.7400416626890678,CVPF,soup_scene3,70,old
5344,12.52318549156189,1.7401403782451164,CVPF,soup_scene3,70,old
5345,12.525431871414185,1.7376199992837638,CVPF,soup_scene3,70,old
5346,12.52793025970459,1.7404409442990136,CVPF,soup_scene3,70,old
5347,12.530224084854126,1.7404409442990136,CVPF,soup_scene3,70,old
5348,12.532835245132446,1.7398983489533562,CVPF,soup_scene3,70,old
5349,12.53522515296936,1.7398983489533562,CVPF,soup_scene3,70,old
5350,12.537539958953857,1.7399932179312154,CVPF,soup_scene3,70,old
5351,12.53987431526184,1.7394780652358701,CVPF,soup_scene3,70,old
5352,12.542198419570923,1.7394780652358701,CVPF,soup_scene3,70,old
5353,12.544604778289795,1.7377950919646317,CVPF,soup_scene3,70,old
5354,12.547125101089478,1.7377950919646317,CVPF,soup_scene3,70,old
5355,12.54947566986084,1.7401333560051349,CVPF,soup_scene3,70,old
5356,12.551835060119629,1.7401333560051349,CVPF,soup_scene3,70,old
5357,12.554315328598022,1.7370745015517555,CVPF,soup_scene3,70,old
5358,12.55662727355957,1.7370745015517555,CVPF,soup_scene3,70,old
5359,12.558801174163818,1.7370745015517555,CVPF,soup_scene3,70,old
5360,12.5613272190094,1.737331206932641,CVPF,soup_scene3,70,old
5361,12.56367039680481,1.737331206932641,CVPF,soup_scene3,70,old
5362,12.565814018249512,1.737331206932641,CVPF,soup_scene3,70,old
5363,12.568177223205566,1.7374702260532908,CVPF,soup_scene3,70,old
5364,12.57054352760315,1.7372960783213225,CVPF,soup_scene3,70,old
5365,12.572739839553833,1.7372960783213225,CVPF,soup_scene3,70,old
5366,12.574857473373413,1.7372960783213225,CVPF,soup_scene3,70,old
5367,12.577389001846313,1.7375357452521278,CVPF,soup_scene3,70,old
5368,12.579939365386963,1.7375357452521278,CVPF,soup_scene3,70,old
5369,12.58220887184143,1.7375357452521278,CVPF,soup_scene3,70,old
5370,12.584537982940674,1.738421460654087,CVPF,soup_scene3,70,old
5371,12.586890935897827,1.7402119062902663,CVPF,soup_scene3,70,old
5372,12.589167833328247,1.7402119062902663,CVPF,soup_scene3,70,old
5373,12.591338396072388,1.7402119062902663,CVPF,soup_scene3,70,old
5374,12.593698501586914,1.7374407579790283,CVPF,soup_scene3,70,old
5375,12.596227645874023,1.7374407579790283,CVPF,soup_scene3,70,old
5376,12.598709344863892,1.7374407579790283,CVPF,soup_scene3,70,old
5377,12.601190328598022,1.7379900556278391,CVPF,soup_scene3,70,old
5378,12.60370421409607,1.7383064870289502,CVPF,soup_scene3,70,old
5379,12.606048583984375,1.7383064870289502,CVPF,soup_scene3,70,old
5380,12.608193159103394,1.7383064870289502,CVPF,soup_scene3,70,old
5381,12.610603094100952,1.737474097724233,CVPF,soup_scene3,70,old
5382,12.613062381744385,1.737474097724233,CVPF,soup_scene3,70,old
5383,12.615443706512451,1.737474097724233,CVPF,soup_scene3,70,old
5384,12.617892503738403,1.7374670321707137,CVPF,soup_scene3,70,old
5385,12.620384454727173,1.7374670321707137,CVPF,soup_scene3,70,old
5386,12.622878789901733,1.7373422207343214,CVPF,soup_scene3,70,old
5387,12.62586760520935,0.6547946240336184,CVPF,soup_scene3,70,old
5388,12.628276109695435,0.6555763547809876,CVPF,soup_scene3,70,old
5389,12.630518913269043,0.6555763547809876,CVPF,soup_scene3,70,old
5390,12.632810115814209,0.6555763547809876,CVPF,soup_scene3,70,old
5391,12.635075092315674,0.6554288926763165,CVPF,soup_scene3,70,old
5392,12.63757038116455,0.6545742501778298,CVPF,soup_scene3,70,old
5393,12.640016555786133,0.6545742501778298,CVPF,soup_scene3,70,old
5394,12.642282247543335,0.6538829323067796,CVPF,soup_scene3,70,old
5395,12.64467167854309,0.653883431890435,CVPF,soup_scene3,70,old
5396,12.647091388702393,0.653883431890435,CVPF,soup_scene3,70,old
5397,12.649298429489136,0.653883431890435,CVPF,soup_scene3,70,old
5398,12.651691436767578,0.6547208659040109,CVPF,soup_scene3,70,old
5399,12.65408730506897,0.6547208659040109,CVPF,soup_scene3,70,old
5400,12.656333923339844,0.6547208659040109,CVPF,soup_scene3,70,old
5401,12.658495426177979,0.6547208659040109,CVPF,soup_scene3,70,old
5402,12.660903930664062,0.6540663727775415,CVPF,soup_scene3,70,old
5403,12.663308143615723,0.6540663727775415,CVPF,soup_scene3,70,old
5404,12.665455102920532,0.6540663727775415,CVPF,soup_scene3,70,old
5405,12.667633056640625,0.6540663727775415,CVPF,soup_scene3,70,old
5406,12.670097351074219,0.6531074254270832,CVPF,soup_scene3,70,old
5407,12.672609567642212,0.6531074254270832,CVPF,soup_scene3,70,old
5408,12.674883365631104,0.6531074254270832,CVPF,soup_scene3,70,old
5409,12.677258491516113,0.6540670373229291,CVPF,soup_scene3,70,old
5410,12.679687023162842,0.6537050476087458,CVPF,soup_scene3,70,old
5411,12.682265758514404,0.6537050476087458,CVPF,soup_scene3,70,old
5412,12.684557914733887,0.6533999068269187,CVPF,soup_scene3,70,old
5413,12.68700385093689,0.6521827253518682,CVPF,soup_scene3,70,old
5414,12.689252376556396,0.6521827253518682,CVPF,soup_scene3,70,old
5415,12.691408634185791,0.6521827253518682,CVPF,soup_scene3,70,old
5416,12.693932056427002,0.652094706896925,CVPF,soup_scene3,70,old
5417,12.696287393569946,0.652094706896925,CVPF,soup_scene3,70,old
5418,12.698398351669312,0.652094706896925,CVPF,soup_scene3,70,old
5419,12.700763940811157,0.652094706896925,CVPF,soup_scene3,70,old
5420,12.703283548355103,0.6514599017674367,CVPF,soup_scene3,70,old
5421,12.705734252929688,0.6514599017674367,CVPF,soup_scene3,70,old
5422,12.707889556884766,0.6514599017674367,CVPF,soup_scene3,70,old
5423,12.710310459136963,0.6518103394033945,CVPF,soup_scene3,70,old
5424,12.712840795516968,0.6518103394033945,CVPF,soup_scene3,70,old
5425,12.715105772018433,0.6518103394033945,CVPF,soup_scene3,70,old
5426,12.717321634292603,0.6513855713007723,CVPF,soup_scene3,70,old
5427,12.719790697097778,0.6514264699228658,CVPF,soup_scene3,70,old
5428,12.722070455551147,0.6514264699228658,CVPF,soup_scene3,70,old
5429,12.724207639694214,0.6514264699228658,CVPF,soup_scene3,70,old
5430,12.726489305496216,0.6514697808307428,CVPF,soup_scene3,70,old
5431,12.729010581970215,0.6508654947143686,CVPF,soup_scene3,70,old
5432,12.73143458366394,0.6508654947143686,CVPF,soup_scene3,70,old
5433,12.733649730682373,0.6508654947143686,CVPF,soup_scene3,70,old
5434,12.736011743545532,0.6500800813830878,CVPF,soup_scene3,70,old
5435,12.738445520401001,0.6500800813830878,CVPF,soup_scene3,70,old
5436,12.740585565567017,0.6500800813830878,CVPF,soup_scene3,70,old
5437,12.742886304855347,0.6508996188656644,CVPF,soup_scene3,70,old
5438,12.745272636413574,0.6561455627513606,CVPF,soup_scene3,70,old
5439,12.747632503509521,0.6561455627513606,CVPF,soup_scene3,70,old
5440,12.749971866607666,0.6561455627513606,CVPF,soup_scene3,70,old
5441,12.75220274925232,0.6561455627513606,CVPF,soup_scene3,70,old
5442,12.75445556640625,0.6561455627513606,CVPF,soup_scene3,70,old
5443,12.756871938705444,0.6560589107637629,CVPF,soup_scene3,70,old
5444,12.75920033454895,0.6559257554895508,CVPF,soup_scene3,70,old
5445,12.761566638946533,0.6559257554895508,CVPF,soup_scene3,70,old
5446,12.763901710510254,0.6559257554895508,CVPF,soup_scene3,70,old
5447,12.766190528869629,0.6559257554895508,CVPF,soup_scene3,70,old
5448,12.768362998962402,0.6559257554895508,CVPF,soup_scene3,70,old
5449,12.770547866821289,0.6559257554895508,CVPF,soup_scene3,70,old
5450,12.773077726364136,0.6564108956120478,CVPF,soup_scene3,70,old
5451,12.775404453277588,0.6564108956120478,CVPF,soup_scene3,70,old
5452,12.777749061584473,0.6564108956120478,CVPF,soup_scene3,70,old
5453,12.780278444290161,0.655330833421707,CVPF,soup_scene3,70,old
5454,12.782660007476807,0.655330833421707,CVPF,soup_scene3,70,old
5455,12.785154581069946,0.655330833421707,CVPF,soup_scene3,70,old
5456,12.788089752197266,1.1662496555389696,CVPF,soup_scene3,70,old
5457,12.790245294570923,1.1670806657849357,CVPF,soup_scene3,70,old
5458,12.792638540267944,1.1670806657849357,CVPF,soup_scene3,70,old
5459,12.794881105422974,1.1670806657849357,CVPF,soup_scene3,70,old
5460,12.797369241714478,1.1670806657849357,CVPF,soup_scene3,70,old
5461,12.799570322036743,1.1670806657849357,CVPF,soup_scene3,70,old
5462,12.801938533782959,1.1680463701724049,CVPF,soup_scene3,70,old
5463,12.804189443588257,1.1685418670014414,CVPF,soup_scene3,70,old
5464,12.806419134140015,1.1685418670014414,CVPF,soup_scene3,70,old
5465,12.80876350402832,1.1685418670014414,CVPF,soup_scene3,70,old
5466,12.811152935028076,1.1679744459855617,CVPF,soup_scene3,70,old
5467,12.813477754592896,1.1679744459855617,CVPF,soup_scene3,70,old
5468,12.815805196762085,1.1685852147036098,CVPF,soup_scene3,70,old
5469,12.81818151473999,1.1685852147036098,CVPF,soup_scene3,70,old
5470,12.820362329483032,1.1685852147036098,CVPF,soup_scene3,70,old
5471,12.822646617889404,1.1690660926031415,CVPF,soup_scene3,70,old
5472,12.824922561645508,1.1695620212384297,CVPF,soup_scene3,70,old
5473,12.827181339263916,1.1695620212384297,CVPF,soup_scene3,70,old
5474,12.829393863677979,1.1695620212384297,CVPF,soup_scene3,70,old
5475,12.831657886505127,1.1695620212384297,CVPF,soup_scene3,70,old
5476,12.834013938903809,1.1695620212384297,CVPF,soup_scene3,70,old
5477,12.836188077926636,1.1691718077254953,CVPF,soup_scene3,70,old
5478,12.838314533233643,1.1691718077254953,CVPF,soup_scene3,70,old
5479,12.840770483016968,1.1681181588443197,CVPF,soup_scene3,70,old
5480,12.843288898468018,1.1681181588443197,CVPF,soup_scene3,70,old
5481,12.8455970287323,1.1681181588443197,CVPF,soup_scene3,70,old
5482,12.847850322723389,1.168236620110963,CVPF,soup_scene3,70,old
5483,12.85019588470459,1.1671871742762634,CVPF,soup_scene3,70,old
5484,12.85239291191101,1.1671871742762634,CVPF,soup_scene3,70,old
5485,12.854692697525024,1.1671871742762634,CVPF,soup_scene3,70,old
5486,12.856819152832031,1.1671871742762634,CVPF,soup_scene3,70,old
5487,12.859047174453735,1.1671871742762634,CVPF,soup_scene3,70,old
5488,12.861447811126709,1.1680017566043632,CVPF,soup_scene3,70,old
5489,12.863787651062012,1.1680017566043632,CVPF,soup_scene3,70,old
5490,12.866055250167847,1.1680017566043632,CVPF,soup_scene3,70,old
5491,12.868441820144653,1.1680017566043632,CVPF,soup_scene3,70,old
5492,12.870858430862427,1.1684344044471386,CVPF,soup_scene3,70,old
5493,12.873231887817383,1.1672622251863904,CVPF,soup_scene3,70,old
5494,12.875476360321045,1.1672622251863904,CVPF,soup_scene3,70,old
5495,12.87770676612854,1.1672622251863904,CVPF,soup_scene3,70,old
5496,12.88011646270752,1.1672622251863904,CVPF,soup_scene3,70,old
5497,12.882310152053833,1.1672622251863904,CVPF,soup_scene3,70,old
5498,12.88484787940979,1.1682557709581936,CVPF,soup_scene3,70,old
5499,12.887087345123291,1.1682557709581936,CVPF,soup_scene3,70,old
5500,12.889430046081543,1.1683721174235377,CVPF,soup_scene3,70,old
5501,12.891668558120728,1.17130919017785,CVPF,soup_scene3,70,old
5502,12.894110441207886,1.17130919017785,CVPF,soup_scene3,70,old
5503,12.896526575088501,1.1711183086393382,CVPF,soup_scene3,70,old
5504,12.898888111114502,1.1711183086393382,CVPF,soup_scene3,70,old
5505,12.901262044906616,1.1711754890098183,CVPF,soup_scene3,70,old
5506,12.903712749481201,1.1711841136339858,CVPF,soup_scene3,70,old
5507,12.906193017959595,1.1721725706036075,CVPF,soup_scene3,70,old
5508,12.908612251281738,1.1721725706036075,CVPF,soup_scene3,70,old
5509,12.91107964515686,1.1706089028861615,CVPF,soup_scene3,70,old
5510,12.913519859313965,1.1706089028861615,CVPF,soup_scene3,70,old
5511,12.916179656982422,1.1717185917772,CVPF,soup_scene3,70,old
5512,12.91855525970459,1.1717185917772,CVPF,soup_scene3,70,old
5513,12.920994997024536,1.1717594995519198,CVPF,soup_scene3,70,old
5514,12.923399448394775,1.1717594995519198,CVPF,soup_scene3,70,old
5515,12.925967454910278,1.1718808539194223,CVPF,soup_scene3,70,old
5516,12.928379535675049,1.1725591640666266,CVPF,soup_scene3,70,old
5517,12.930832862854004,1.172058161843002,CVPF,soup_scene3,70,old
5518,12.933214664459229,1.1719573906334555,CVPF,soup_scene3,70,old
5519,12.93583059310913,1.1717863142241454,CVPF,soup_scene3,70,old
5520,12.938413858413696,1.1742267748082085,CVPF,soup_scene3,70,old
5521,12.941036939620972,1.174441422706059,CVPF,soup_scene3,70,old
5522,12.943541526794434,1.174441422706059,CVPF,soup_scene3,70,old
5523,12.946135520935059,1.1783490363627314,CVPF,soup_scene3,70,old
5524,12.948685646057129,1.1783490363627314,CVPF,soup_scene3,70,old
5525,12.951192855834961,2.452876066957108,CVPF,soup_scene3,70,old
5526,12.954031229019165,2.4534437913796583,CVPF,soup_scene3,70,old
5527,12.9563467502594,2.4534437913796583,CVPF,soup_scene3,70,old
5528,12.95848298072815,2.4534437913796583,CVPF,soup_scene3,70,old
5529,12.960810899734497,2.453803080468436,CVPF,soup_scene3,70,old
5530,12.963231325149536,2.453803080468436,CVPF,soup_scene3,70,old
5531,12.965367317199707,2.453803080468436,CVPF,soup_scene3,70,old
5532,12.967536449432373,2.453803080468436,CVPF,soup_scene3,70,old
5533,12.970036506652832,2.4485527893920187,CVPF,soup_scene3,70,old
5534,12.972429513931274,2.4485527893920187,CVPF,soup_scene3,70,old
5535,12.974776268005371,2.4485527893920187,CVPF,soup_scene3,70,old
5536,12.977181911468506,2.449995554099685,CVPF,soup_scene3,70,old
5537,12.979632139205933,2.449995554099685,CVPF,soup_scene3,70,old
5538,12.98205852508545,2.449995554099685,CVPF,soup_scene3,70,old
5539,12.984485387802124,2.453823977830678,CVPF,soup_scene3,70,old
5540,12.986900329589844,2.453823977830678,CVPF,soup_scene3,70,old
5541,12.989320039749146,2.453823977830678,CVPF,soup_scene3,70,old
5542,12.991682052612305,2.453823977830678,CVPF,soup_scene3,70,old
5543,12.994167804718018,2.453223097582102,CVPF,soup_scene3,70,old
5544,12.996585369110107,2.453223097582102,CVPF,soup_scene3,70,old
5545,12.99907112121582,2.453223097582102,CVPF,soup_scene3,70,old
5546,13.00138807296753,2.4551485323943365,CVPF,soup_scene3,70,old
5547,13.003936290740967,2.4551485323943365,CVPF,soup_scene3,70,old
5548,13.006415843963623,2.4551485323943365,CVPF,soup_scene3,70,old
5549,13.00865650177002,2.4551485323943365,CVPF,soup_scene3,70,old
5550,13.011220455169678,2.456925988107334,CVPF,soup_scene3,70,old
5551,13.01380968093872,2.456925988107334,CVPF,soup_scene3,70,old
5552,13.016003847122192,2.456925988107334,CVPF,soup_scene3,70,old
5553,13.018355369567871,2.457461110954317,CVPF,soup_scene3,70,old
5554,13.02073335647583,2.457461110954317,CVPF,soup_scene3,70,old
5555,13.02297854423523,2.457461110954317,CVPF,soup_scene3,70,old
5556,13.025243997573853,2.457461110954317,CVPF,soup_scene3,70,old
5557,13.027605533599854,2.456354619575493,CVPF,soup_scene3,70,old
5558,13.029951095581055,2.456354619575493,CVPF,soup_scene3,70,old
5559,13.032246589660645,2.456354619575493,CVPF,soup_scene3,70,old
5560,13.034791946411133,2.4556430469147736,CVPF,soup_scene3,70,old
5561,13.037131547927856,2.4574636359884883,CVPF,soup_scene3,70,old
5562,13.039570808410645,2.4574636359884883,CVPF,soup_scene3,70,old
5563,13.041728019714355,2.4574636359884883,CVPF,soup_scene3,70,old
5564,13.044285774230957,2.457951592327308,CVPF,soup_scene3,70,old
5565,13.046751260757446,2.457951592327308,CVPF,soup_scene3,70,old
5566,13.048918724060059,2.457951592327308,CVPF,soup_scene3,70,old
5567,13.051238298416138,2.458533220928882,CVPF,soup_scene3,70,old
5568,13.053696393966675,2.4589271639933545,CVPF,soup_scene3,70,old
5569,13.056070804595947,2.4589271639933545,CVPF,soup_scene3,70,old
5570,13.058237552642822,2.4589271639933545,CVPF,soup_scene3,70,old
5571,13.060707092285156,2.4583644178384874,CVPF,soup_scene3,70,old
5572,13.063157796859741,2.4583644178384874,CVPF,soup_scene3,70,old
5573,13.065673112869263,2.4583644178384874,CVPF,soup_scene3,70,old
5574,13.067988872528076,2.458317198640477,CVPF,soup_scene3,70,old
5575,13.070319890975952,2.459941903111091,CVPF,soup_scene3,70,old
5576,13.072727918624878,2.459941903111091,CVPF,soup_scene3,70,old
5577,13.075098991394043,2.459941903111091,CVPF,soup_scene3,70,old
5578,13.077626705169678,2.4595554273600895,CVPF,soup_scene3,70,old
5579,13.080153465270996,2.4595554273600895,CVPF,soup_scene3,70,old
5580,13.082607746124268,2.4595554273600895,CVPF,soup_scene3,70,old
5581,13.085058689117432,2.45927378962305,CVPF,soup_scene3,70,old
5582,13.087360143661499,2.460887273096087,CVPF,soup_scene3,70,old
5583,13.089601278305054,2.460887273096087,CVPF,soup_scene3,70,old
5584,13.091850996017456,2.460887273096087,CVPF,soup_scene3,70,old
5585,13.094821453094482,2.446818849098601,CVPF,soup_scene3,70,old
5586,13.097038745880127,2.446818849098601,CVPF,soup_scene3,70,old
5587,13.099205732345581,2.446818849098601,CVPF,soup_scene3,70,old
5588,13.101531982421875,2.4464388865951743,CVPF,soup_scene3,70,old
5589,13.10431456565857,2.4464388865951743,CVPF,soup_scene3,70,old
5590,13.106520891189575,2.4464388865951743,CVPF,soup_scene3,70,old
5591,13.108696699142456,2.4464388865951743,CVPF,soup_scene3,70,old
5592,13.111077547073364,2.4462370043924415,CVPF,soup_scene3,70,old
5593,13.113577842712402,2.4462370043924415,CVPF,soup_scene3,70,old
5594,13.115957736968994,2.4462370043924415,CVPF,soup_scene3,70,old
5595,13.11837124824524,2.4455202909611518,CVPF,soup_scene3,70,old
5596,13.120773077011108,2.4455202909611518,CVPF,soup_scene3,70,old
5597,13.122908592224121,2.4455202909611518,CVPF,soup_scene3,70,old
5598,13.125139474868774,2.4455202909611518,CVPF,soup_scene3,70,old
5599,13.127573013305664,2.445006506916128,CVPF,soup_scene3,70,old
5600,13.129977703094482,2.445006506916128,CVPF,soup_scene3,70,old
5601,13.13233733177185,2.445006506916128,CVPF,soup_scene3,70,old
5602,13.134753227233887,2.4460627289830073,CVPF,soup_scene3,70,old
5603,13.137120723724365,2.4460627289830073,CVPF,soup_scene3,70,old
5604,13.139419794082642,2.4460627289830073,CVPF,soup_scene3,70,old
5605,13.141601800918579,2.4460627289830073,CVPF,soup_scene3,70,old
5606,13.144012451171875,2.447036646006854,CVPF,soup_scene3,70,old
5607,13.146479368209839,2.447036646006854,CVPF,soup_scene3,70,old
5608,13.148913621902466,2.447036646006854,CVPF,soup_scene3,70,old
5609,13.15123462677002,2.447036646006854,CVPF,soup_scene3,70,old
5610,13.153647899627686,2.4474166841641414,CVPF,soup_scene3,70,old
5611,13.156021118164062,2.4474166841641414,CVPF,soup_scene3,70,old
5612,13.158257246017456,2.4474166841641414,CVPF,soup_scene3,70,old
5613,13.16067385673523,2.446771210281972,CVPF,soup_scene3,70,old
5614,13.163021087646484,2.446771210281972,CVPF,soup_scene3,70,old
5615,13.165290594100952,2.446771210281972,CVPF,soup_scene3,70,old
5616,13.167629480361938,2.446820705560663,CVPF,soup_scene3,70,old
5617,13.170033693313599,2.445449887156239,CVPF,soup_scene3,70,old
5618,13.17235279083252,2.445449887156239,CVPF,soup_scene3,70,old
5619,13.174559593200684,2.445449887156239,CVPF,soup_scene3,70,old
5620,13.177014589309692,2.444434959059166,CVPF,soup_scene3,70,old
5621,13.179370880126953,2.444434959059166,CVPF,soup_scene3,70,old
5622,13.181546688079834,2.444434959059166,CVPF,soup_scene3,70,old
5623,13.183660984039307,2.444434959059166,CVPF,soup_scene3,70,old
5624,13.186142683029175,2.4443180477641206,CVPF,soup_scene3,70,old
5625,13.188448429107666,2.4443180477641206,CVPF,soup_scene3,70,old
5626,13.190744638442993,2.4443180477641206,CVPF,soup_scene3,70,old
5627,13.193085193634033,2.447862337451087,CVPF,soup_scene3,70,old
5628,13.19546103477478,2.447862337451087,CVPF,soup_scene3,70,old
5629,13.197736740112305,2.447862337451087,CVPF,soup_scene3,70,old
5630,13.199997663497925,2.447862337451087,CVPF,soup_scene3,70,old
5631,13.202472925186157,2.446844328712907,CVPF,soup_scene3,70,old
5632,13.204879522323608,2.446844328712907,CVPF,soup_scene3,70,old
5633,13.20710825920105,2.446844328712907,CVPF,soup_scene3,70,old
5634,13.209444046020508,2.447368012160825,CVPF,soup_scene3,70,old
5635,13.211799621582031,2.447368012160825,CVPF,soup_scene3,70,old
5636,13.214153289794922,2.447368012160825,CVPF,soup_scene3,70,old
5637,13.21631407737732,2.447368012160825,CVPF,soup_scene3,70,old
5638,13.218573570251465,2.447368012160825,CVPF,soup_scene3,70,old
5639,13.221195936203003,2.447034813583989,CVPF,soup_scene3,70,old
5640,13.223612070083618,2.447034813583989,CVPF,soup_scene3,70,old
5641,13.225933074951172,2.447034813583989,CVPF,soup_scene3,70,old
5642,13.228420495986938,2.4461446526547763,CVPF,soup_scene3,70,old
5643,13.230802536010742,2.4461446526547763,CVPF,soup_scene3,70,old
5644,13.232971906661987,2.4461446526547763,CVPF,soup_scene3,70,old
5645,13.235589742660522,2.445407978933404,CVPF,soup_scene3,70,old
5646,13.23792815208435,2.445407978933404,CVPF,soup_scene3,70,old
5647,13.240198850631714,2.445407978933404,CVPF,soup_scene3,70,old
5648,13.242512702941895,2.444689713798137,CVPF,soup_scene3,70,old
5649,13.244971752166748,2.4450944422152467,CVPF,soup_scene3,70,old
5650,13.24830174446106,2.4450944422152467,CVPF,soup_scene3,70,old
5651,13.25137209892273,2.4452525923094472,CVPF,soup_scene3,70,old
5652,13.254609107971191,2.4465748010968644,CVPF,soup_scene3,70,old
5653,13.258100748062134,0.9479960628047639,CVPF,soup_scene3,70,old
5654,13.261271476745605,0.9490705704838573,CVPF,soup_scene3,70,old
5655,13.264459609985352,0.9490705704838573,CVPF,soup_scene3,70,old
5656,13.267543077468872,0.9490723795954024,CVPF,soup_scene3,70,old
5657,13.270697832107544,0.9482752063698712,CVPF,soup_scene3,70,old
5658,13.27385687828064,0.9482752063698712,CVPF,soup_scene3,70,old
5659,13.277136087417603,0.9482929540181297,CVPF,soup_scene3,70,old
5660,13.280455827713013,0.9482929540181297,CVPF,soup_scene3,70,old
5661,13.283451557159424,0.9482929540181297,CVPF,soup_scene3,70,old
5662,13.286804676055908,0.9474822723878606,CVPF,soup_scene3,70,old
5663,13.289902210235596,0.9474822723878606,CVPF,soup_scene3,70,old
5664,13.29301929473877,0.9474009228989972,CVPF,soup_scene3,70,old
5665,13.296223163604736,0.9470167714843498,CVPF,soup_scene3,70,old
5666,13.299178838729858,0.9470167714843498,CVPF,soup_scene3,70,old
5667,13.302517414093018,0.948043012177969,CVPF,soup_scene3,70,old
5668,13.305702686309814,0.948043012177969,CVPF,soup_scene3,70,old
5669,13.308668375015259,0.948043012177969,CVPF,soup_scene3,70,old
5670,13.311583042144775,0.9482733497134062,CVPF,soup_scene3,70,old
5671,13.31415843963623,0.9482733497134062,CVPF,soup_scene3,70,old
5672,13.316638946533203,0.9482733497134062,CVPF,soup_scene3,70,old
5673,13.31907868385315,0.9483037965813477,CVPF,soup_scene3,70,old
5674,13.321488618850708,0.9483037965813477,CVPF,soup_scene3,70,old
5675,13.323732137680054,0.9483037965813477,CVPF,soup_scene3,70,old
5676,13.326093912124634,0.9483037965813477,CVPF,soup_scene3,70,old
5677,13.328462600708008,0.9469815200609046,CVPF,soup_scene3,70,old
5678,13.330830335617065,0.9469815200609046,CVPF,soup_scene3,70,old
5679,13.333084106445312,0.9469815200609046,CVPF,soup_scene3,70,old
5680,13.335455656051636,0.9475011662113877,CVPF,soup_scene3,70,old
5681,13.337897300720215,0.9452767239173472,CVPF,soup_scene3,70,old
5682,13.34014105796814,0.9452767239173472,CVPF,soup_scene3,70,old
5683,13.342471837997437,0.9447982536452253,CVPF,soup_scene3,70,old
5684,13.344876527786255,0.9445807941495001,CVPF,soup_scene3,70,old
5685,13.34734582901001,0.9445807941495001,CVPF,soup_scene3,70,old
5686,13.34954571723938,0.9445807941495001,CVPF,soup_scene3,70,old
5687,13.351999044418335,0.946463605436473,CVPF,soup_scene3,70,old
5688,13.354256629943848,0.946463605436473,CVPF,soup_scene3,70,old
5689,13.356576204299927,0.946463605436473,CVPF,soup_scene3,70,old
5690,13.359192609786987,0.9463833111670263,CVPF,soup_scene3,70,old
5691,13.361591577529907,0.9474123440751621,CVPF,soup_scene3,70,old
5692,13.363873481750488,0.9474123440751621,CVPF,soup_scene3,70,old
5693,13.366091251373291,0.9474123440751621,CVPF,soup_scene3,70,old
5694,13.368511199951172,0.9479990388111679,CVPF,soup_scene3,70,old
5695,13.370860815048218,0.9479990388111679,CVPF,soup_scene3,70,old
5696,13.373154163360596,0.9479990388111679,CVPF,soup_scene3,70,old
5697,13.375485181808472,0.9479448122047334,CVPF,soup_scene3,70,old
5698,13.37799882888794,0.9486031760305407,CVPF,soup_scene3,70,old
5699,13.38051986694336,0.9486031760305407,CVPF,soup_scene3,70,old
5700,13.382697343826294,0.9486031760305407,CVPF,soup_scene3,70,old
5701,13.385132789611816,0.9463740019349585,CVPF,soup_scene3,70,old
5702,13.387574911117554,0.9463740019349585,CVPF,soup_scene3,70,old
5703,13.389773607254028,0.9463740019349585,CVPF,soup_scene3,70,old
5704,13.392008781433105,0.9464782195715964,CVPF,soup_scene3,70,old
5705,13.394371747970581,0.9455565373880646,CVPF,soup_scene3,70,old
5706,13.396802186965942,0.9455565373880646,CVPF,soup_scene3,70,old
5707,13.399019002914429,0.9455565373880646,CVPF,soup_scene3,70,old
5708,13.401320457458496,0.9460479110665618,CVPF,soup_scene3,70,old
5709,13.403705358505249,0.9460479110665618,CVPF,soup_scene3,70,old
5710,13.406102180480957,0.9460479110665618,CVPF,soup_scene3,70,old
5711,13.408413171768188,0.9460479110665618,CVPF,soup_scene3,70,old
5712,13.410749197006226,0.9466677253676075,CVPF,soup_scene3,70,old
5713,13.413228034973145,0.9466677253676075,CVPF,soup_scene3,70,old
5714,13.415541410446167,0.9466677253676075,CVPF,soup_scene3,70,old
5715,13.418525218963623,0.790220299822712,CVPF,soup_scene3,70,old
5716,13.420897722244263,0.790220299822712,CVPF,soup_scene3,70,old
5717,13.423190593719482,0.790220299822712,CVPF,soup_scene3,70,old
5718,13.425435543060303,0.7899255016774757,CVPF,soup_scene3,70,old
5719,13.428067684173584,0.788269540665384,CVPF,soup_scene3,70,old
5720,13.430393934249878,0.788269540665384,CVPF,soup_scene3,70,old
5721,13.432662010192871,0.788269540665384,CVPF,soup_scene3,70,old
5722,13.435054540634155,0.7882221045252504,CVPF,soup_scene3,70,old
5723,13.437479496002197,0.7882221045252504,CVPF,soup_scene3,70,old
5724,13.439793825149536,0.7882221045252504,CVPF,soup_scene3,70,old
5725,13.442048788070679,0.7881722110388898,CVPF,soup_scene3,70,old
5726,13.444416284561157,0.7888997730069217,CVPF,soup_scene3,70,old
5727,13.4468674659729,0.7888997730069217,CVPF,soup_scene3,70,old
5728,13.44912052154541,0.7888997730069217,CVPF,soup_scene3,70,old
5729,13.451534509658813,0.7903031077309096,CVPF,soup_scene3,70,old
5730,13.453976392745972,0.7903031077309096,CVPF,soup_scene3,70,old
5731,13.456286907196045,0.7903031077309096,CVPF,soup_scene3,70,old
5732,13.458520650863647,0.7903031077309096,CVPF,soup_scene3,70,old
5733,13.461019277572632,0.7904827976662899,CVPF,soup_scene3,70,old
5734,13.463425636291504,0.7904827976662899,CVPF,soup_scene3,70,old
5735,13.465731143951416,0.7904827976662899,CVPF,soup_scene3,70,old
5736,13.468137502670288,0.7910479580090387,CVPF,soup_scene3,70,old
5737,13.47064733505249,0.7916707878917555,CVPF,soup_scene3,70,old
5738,13.472930908203125,0.7916707878917555,CVPF,soup_scene3,70,old
5739,13.475167036056519,0.7917660275143232,CVPF,soup_scene3,70,old
5740,13.47763991355896,0.7915007135417008,CVPF,soup_scene3,70,old
5741,13.480092763900757,0.7915007135417008,CVPF,soup_scene3,70,old
5742,13.48227572441101,0.7915007135417008,CVPF,soup_scene3,70,old
5743,13.48453664779663,0.7915007135417008,CVPF,soup_scene3,70,old
5744,13.487284183502197,0.7894574974040833,CVPF,soup_scene3,70,old
5745,13.48954176902771,0.7894574974040833,CVPF,soup_scene3,70,old
5746,13.491762399673462,0.7894574974040833,CVPF,soup_scene3,70,old
5747,13.494095802307129,0.7880666443980963,CVPF,soup_scene3,70,old
5748,13.496648788452148,0.7880666443980963,CVPF,soup_scene3,70,old
5749,13.49885869026184,0.7880666443980963,CVPF,soup_scene3,70,old
5750,13.501238346099854,0.7879200724179396,CVPF,soup_scene3,70,old
5751,13.503536701202393,0.7879200724179396,CVPF,soup_scene3,70,old
5752,13.505960702896118,0.7879200724179396,CVPF,soup_scene3,70,old
5753,13.508179187774658,0.7879200724179396,CVPF,soup_scene3,70,old
5754,13.510652780532837,0.7878727827981967,CVPF,soup_scene3,70,old
5755,13.513173580169678,0.7878727827981967,CVPF,soup_scene3,70,old
5756,13.515511274337769,0.7878727827981967,CVPF,soup_scene3,70,old
5757,13.517980813980103,0.7875663933377972,CVPF,soup_scene3,70,old
5758,13.520244359970093,0.7875663933377972,CVPF,soup_scene3,70,old
5759,13.522417783737183,0.7875663933377972,CVPF,soup_scene3,70,old
5760,13.524603843688965,0.7875663933377972,CVPF,soup_scene3,70,old
5761,13.527038335800171,0.788773552422634,CVPF,soup_scene3,70,old
5762,13.529231786727905,0.788773552422634,CVPF,soup_scene3,70,old
5763,13.531425952911377,0.788773552422634,CVPF,soup_scene3,70,old
5764,13.533713340759277,0.788773552422634,CVPF,soup_scene3,70,old
5765,13.536187887191772,0.7897531463091115,CVPF,soup_scene3,70,old
5766,13.538750886917114,0.7897531463091115,CVPF,soup_scene3,70,old
5767,13.54098391532898,0.7897531463091115,CVPF,soup_scene3,70,old
5768,13.543447256088257,0.7898127003053237,CVPF,soup_scene3,70,old
5769,13.546043157577515,0.7898127003053237,CVPF,soup_scene3,70,old
5770,13.548532724380493,0.7898127003053237,CVPF,soup_scene3,70,old
5771,13.550894737243652,0.7898127003053237,CVPF,soup_scene3,70,old
5772,13.553309917449951,0.7904544145411864,CVPF,soup_scene3,70,old
5773,13.555734872817993,0.7904544145411864,CVPF,soup_scene3,70,old
5774,13.558356046676636,0.7904544145411864,CVPF,soup_scene3,70,old
5775,13.560985803604126,0.7904544145411864,CVPF,soup_scene3,70,old
5776,13.563262701034546,0.7904544145411864,CVPF,soup_scene3,70,old
5777,13.565626859664917,0.7892757826861964,CVPF,soup_scene3,70,old
5778,13.56803011894226,0.7892757826861964,CVPF,soup_scene3,70,old
5779,13.570414066314697,0.7892757826861964,CVPF,soup_scene3,70,old
5780,13.572833776473999,0.7892757826861964,CVPF,soup_scene3,70,old
5781,13.575176000595093,0.7892757826861964,CVPF,soup_scene3,70,old
5782,13.578006267547607,2.2191499898644853,CVPF,soup_scene3,70,old
5783,13.580634593963623,2.2187058748999786,CVPF,soup_scene3,70,old
5784,13.582977533340454,2.2187058748999786,CVPF,soup_scene3,70,old
5785,13.58527398109436,2.2187058748999786,CVPF,soup_scene3,70,old
5786,13.587562561035156,2.2187058748999786,CVPF,soup_scene3,70,old
5787,13.590048789978027,2.2197764348467954,CVPF,soup_scene3,70,old
5788,13.592318296432495,2.2197764348467954,CVPF,soup_scene3,70,old
5789,13.594630479812622,2.2197764348467954,CVPF,soup_scene3,70,old
5790,13.596874713897705,2.2197764348467954,CVPF,soup_scene3,70,old
5791,13.599191904067993,2.2197764348467954,CVPF,soup_scene3,70,old
5792,13.60181450843811,2.2187620494724443,CVPF,soup_scene3,70,old
5793,13.604048490524292,2.2187620494724443,CVPF,soup_scene3,70,old
5794,13.606410503387451,2.2187620494724443,CVPF,soup_scene3,70,old
5795,13.608736991882324,2.2187620494724443,CVPF,soup_scene3,70,old
5796,13.610960960388184,2.2187620494724443,CVPF,soup_scene3,70,old
5797,13.613206148147583,2.2187620494724443,CVPF,soup_scene3,70,old
5798,13.615620851516724,2.218743502839394,CVPF,soup_scene3,70,old
5799,13.617998361587524,2.218743502839394,CVPF,soup_scene3,70,old
5800,13.620346784591675,2.218743502839394,CVPF,soup_scene3,70,old
5801,13.62261962890625,2.218743502839394,CVPF,soup_scene3,70,old
5802,13.625019788742065,2.2193193773191067,CVPF,soup_scene3,70,old
5803,13.62751317024231,2.219049518607765,CVPF,soup_scene3,70,old
5804,13.629852294921875,2.219049518607765,CVPF,soup_scene3,70,old
5805,13.632075786590576,2.219049518607765,CVPF,soup_scene3,70,old
5806,13.634418249130249,2.2189350680608215,CVPF,soup_scene3,70,old
5807,13.636785507202148,2.2195688384627785,CVPF,soup_scene3,70,old
5808,13.639075994491577,2.2195688384627785,CVPF,soup_scene3,70,old
5809,13.641491889953613,2.2195688384627785,CVPF,soup_scene3,70,old
5810,13.643726587295532,2.2195688384627785,CVPF,soup_scene3,70,old
5811,13.646000862121582,2.2195688384627785,CVPF,soup_scene3,70,old
5812,13.64841914176941,2.219503227956904,CVPF,soup_scene3,70,old
5813,13.650786638259888,2.219503227956904,CVPF,soup_scene3,70,old
5814,13.653066873550415,2.219503227956904,CVPF,soup_scene3,70,old
5815,13.655474662780762,2.219503227956904,CVPF,soup_scene3,70,old
5816,13.657902479171753,2.219503227956904,CVPF,soup_scene3,70,old
5817,13.660264253616333,2.2197770472560783,CVPF,soup_scene3,70,old
5818,13.662533283233643,2.2197770472560783,CVPF,soup_scene3,70,old
5819,13.664934873580933,2.2197770472560783,CVPF,soup_scene3,70,old
5820,13.667207717895508,2.2197770472560783,CVPF,soup_scene3,70,old
5821,13.669632911682129,2.2197736142283784,CVPF,soup_scene3,70,old
5822,13.672016620635986,2.2189062520988925,CVPF,soup_scene3,70,old
5823,13.67419171333313,2.2189062520988925,CVPF,soup_scene3,70,old
5824,13.676655530929565,2.2189062520988925,CVPF,soup_scene3,70,old
5825,13.679090023040771,2.2189062520988925,CVPF,soup_scene3,70,old
5826,13.681233406066895,2.2189062520988925,CVPF,soup_scene3,70,old
5827,13.683525323867798,2.2190147868894106,CVPF,soup_scene3,70,old
5828,13.685760021209717,2.2190147868894106,CVPF,soup_scene3,70,old
5829,13.688159227371216,2.218794745284102,CVPF,soup_scene3,70,old
5830,13.690564632415771,2.218794745284102,CVPF,soup_scene3,70,old
5831,13.693044662475586,2.2184723103101804,CVPF,soup_scene3,70,old
5832,13.695331573486328,2.2184723103101804,CVPF,soup_scene3,70,old
5833,13.697827577590942,2.218892481369522,CVPF,soup_scene3,70,old
5834,13.700258255004883,2.2193222003651605,CVPF,soup_scene3,70,old
5835,13.702971935272217,2.2171437559391864,CVPF,soup_scene3,70,old
5836,13.705455303192139,2.2171437559391864,CVPF,soup_scene3,70,old
5837,13.70797324180603,2.216732447527005,CVPF,soup_scene3,70,old
5838,13.710408449172974,2.216732447527005,CVPF,soup_scene3,70,old
5839,13.713024139404297,2.216981518278877,CVPF,soup_scene3,70,old
5840,13.715578317642212,2.2189634183492224,CVPF,soup_scene3,70,old
5841,13.71849274635315,2.2195903204553398,CVPF,soup_scene3,70,old
5842,13.721147298812866,2.2194826145323794,CVPF,soup_scene3,70,old
5843,13.723787546157837,2.220767310908887,CVPF,soup_scene3,70,old
5844,13.726516008377075,2.2196383352845737,CVPF,soup_scene3,70,old
5845,13.729073286056519,2.2196383352845737,CVPF,soup_scene3,70,old
5846,13.731587171554565,2.2196383352845737,CVPF,soup_scene3,70,old
5847,13.734308004379272,2.2198653094275183,CVPF,soup_scene3,70,old
5848,13.736897230148315,2.2196548975280876,CVPF,soup_scene3,70,old
5849,13.7395498752594,2.2196548975280876,CVPF,soup_scene3,70,old
5850,13.742126226425171,2.2186378373012094,CVPF,soup_scene3,70,old
5851,13.74466347694397,2.2186378373012094,CVPF,soup_scene3,70,old
5852,13.747430324554443,2.2175599686954826,CVPF,soup_scene3,70,old
5853,13.751110792160034,2.493893340074593,CVPF,soup_scene3,70,old
5854,13.753721714019775,2.4928502629606912,CVPF,soup_scene3,70,old
5855,13.75625467300415,2.4928502629606912,CVPF,soup_scene3,70,old
5856,13.758583068847656,2.4933625808743956,CVPF,soup_scene3,70,old
5857,13.760979652404785,2.493398154096541,CVPF,soup_scene3,70,old
5858,13.7633535861969,2.493398154096541,CVPF,soup_scene3,70,old
5859,13.765557765960693,2.493398154096541,CVPF,soup_scene3,70,old
5860,13.767966985702515,2.492685252539345,CVPF,soup_scene3,70,old
5861,13.770464420318604,2.492038871346697,CVPF,soup_scene3,70,old
5862,13.772690534591675,2.492038871346697,CVPF,soup_scene3,70,old
5863,13.774932384490967,2.492038871346697,CVPF,soup_scene3,70,old
5864,13.777339935302734,2.4922776963943023,CVPF,soup_scene3,70,old
5865,13.779927253723145,2.4945288697630765,CVPF,soup_scene3,70,old
5866,13.78241491317749,2.4945288697630765,CVPF,soup_scene3,70,old
5867,13.784703493118286,2.4943195366964424,CVPF,soup_scene3,70,old
5868,13.787293195724487,2.492435134296331,CVPF,soup_scene3,70,old
5869,13.789834976196289,2.492435134296331,CVPF,soup_scene3,70,old
5870,13.792309761047363,2.492435134296331,CVPF,soup_scene3,70,old
5871,13.79477858543396,2.4920687997975257,CVPF,soup_scene3,70,old
5872,13.797298431396484,2.4920687997975257,CVPF,soup_scene3,70,old
5873,13.799581050872803,2.4920687997975257,CVPF,soup_scene3,70,old
5874,13.80213475227356,2.4925569513477406,CVPF,soup_scene3,70,old
5875,13.804648637771606,2.4925569513477406,CVPF,soup_scene3,70,old
5876,13.807152509689331,2.4925569513477406,CVPF,soup_scene3,70,old
5877,13.809585332870483,2.492585788365118,CVPF,soup_scene3,70,old
5878,13.812126398086548,2.4931524453262344,CVPF,soup_scene3,70,old
5879,13.814699411392212,2.4931524453262344,CVPF,soup_scene3,70,old
5880,13.816964864730835,2.4931524453262344,CVPF,soup_scene3,70,old
5881,13.819540977478027,2.4935775185265436,CVPF,soup_scene3,70,old
5882,13.822057247161865,2.4935775185265436,CVPF,soup_scene3,70,old
5883,13.824488878250122,2.4935775185265436,CVPF,soup_scene3,70,old
5884,13.826937437057495,2.4930184591993867,CVPF,soup_scene3,70,old
5885,13.829631805419922,2.4930184591993867,CVPF,soup_scene3,70,old
5886,13.831968545913696,2.4930184591993867,CVPF,soup_scene3,70,old
5887,13.834239482879639,2.4930184591993867,CVPF,soup_scene3,70,old
5888,13.836796283721924,2.4921546901605267,CVPF,soup_scene3,70,old
5889,13.839137554168701,2.4921546901605267,CVPF,soup_scene3,70,old
5890,13.841298580169678,2.4921546901605267,CVPF,soup_scene3,70,old
5891,13.843828439712524,2.491737798792118,CVPF,soup_scene3,70,old
5892,13.8462073802948,2.491737798792118,CVPF,soup_scene3,70,old
5893,13.848489046096802,2.491737798792118,CVPF,soup_scene3,70,old
5894,13.85072374343872,2.491737798792118,CVPF,soup_scene3,70,old
5895,13.85325288772583,2.491028701885472,CVPF,soup_scene3,70,old
5896,13.855473518371582,2.491028701885472,CVPF,soup_scene3,70,old
5897,13.857658386230469,2.491028701885472,CVPF,soup_scene3,70,old
5898,13.860246419906616,2.4917497606178487,CVPF,soup_scene3,70,old
5899,13.86283826828003,2.4917497606178487,CVPF,soup_scene3,70,old
5900,13.86539340019226,2.4917497606178487,CVPF,soup_scene3,70,old
5901,13.86777114868164,2.4917497606178487,CVPF,soup_scene3,70,old
5902,13.87046217918396,2.4923864962138196,CVPF,soup_scene3,70,old
5903,13.872883558273315,2.4923864962138196,CVPF,soup_scene3,70,old
5904,13.87511157989502,2.4923864962138196,CVPF,soup_scene3,70,old
5905,13.877580165863037,2.4929855883116647,CVPF,soup_scene3,70,old
5906,13.880188941955566,2.4929855883116647,CVPF,soup_scene3,70,old
5907,13.88240909576416,2.4929855883116647,CVPF,soup_scene3,70,old
5908,13.884789943695068,2.492729322812329,CVPF,soup_scene3,70,old
5909,13.887247562408447,2.4934011652752144,CVPF,soup_scene3,70,old
5910,13.889666557312012,2.4934011652752144,CVPF,soup_scene3,70,old
5911,13.891951322555542,2.4934011652752144,CVPF,soup_scene3,70,old
5912,13.894438982009888,2.4949768092409,CVPF,soup_scene3,70,old
5913,13.8968825340271,2.4949768092409,CVPF,soup_scene3,70,old
5914,13.899138927459717,2.4949768092409,CVPF,soup_scene3,70,old
5915,13.901533842086792,2.4942300648371205,CVPF,soup_scene3,70,old
5916,13.904047727584839,2.494070358207206,CVPF,soup_scene3,70,old
5917,13.906327724456787,2.494070358207206,CVPF,soup_scene3,70,old
5918,13.908654928207397,2.494070358207206,CVPF,soup_scene3,70,old
5919,13.911301136016846,2.4933137068565387,CVPF,soup_scene3,70,old
5920,13.914638757705688,0.6085397475873986,CVPF,soup_scene3,70,old
5921,13.916855573654175,0.6085397475873986,CVPF,soup_scene3,70,old
5922,13.919342994689941,0.6068284480423127,CVPF,soup_scene3,70,old
5923,13.9216890335083,0.6068284480423127,CVPF,soup_scene3,70,old
5924,13.923889875411987,0.6068284480423127,CVPF,soup_scene3,70,old
5925,13.926114559173584,0.6060693110806321,CVPF,soup_scene3,70,old
5926,13.928555965423584,0.6065328539265256,CVPF,soup_scene3,70,old
5927,13.93100905418396,0.6065328539265256,CVPF,soup_scene3,70,old
5928,13.933198690414429,0.6065328539265256,CVPF,soup_scene3,70,old
5929,13.935657501220703,0.6075339769477202,CVPF,soup_scene3,70,old
5930,13.938068151473999,0.6075339769477202,CVPF,soup_scene3,70,old
5931,13.940326690673828,0.6075339769477202,CVPF,soup_scene3,70,old
5932,13.942575693130493,0.6075339769477202,CVPF,soup_scene3,70,old
5933,13.945018768310547,0.6074405593506382,CVPF,soup_scene3,70,old
5934,13.947483539581299,0.6074405593506382,CVPF,soup_scene3,70,old
5935,13.949888467788696,0.6074405593506382,CVPF,soup_scene3,70,old
5936,13.952393054962158,0.6071538317673424,CVPF,soup_scene3,70,old
5937,13.954623222351074,0.6071538317673424,CVPF,soup_scene3,70,old
5938,13.956952571868896,0.6071538317673424,CVPF,soup_scene3,70,old
5939,13.95926570892334,0.6071538317673424,CVPF,soup_scene3,70,old
5940,13.961626291275024,0.6071538317673424,CVPF,soup_scene3,70,old
5941,13.963900089263916,0.6071538317673424,CVPF,soup_scene3,70,old
5942,13.966071128845215,0.6071538317673424,CVPF,soup_scene3,70,old
5943,13.96837043762207,0.6071789188993035,CVPF,soup_scene3,70,old
5944,13.970937252044678,0.6079602357963632,CVPF,soup_scene3,70,old
5945,13.973127841949463,0.6079602357963632,CVPF,soup_scene3,70,old
5946,13.975378274917603,0.6080793890261829,CVPF,soup_scene3,70,old
5947,13.977757692337036,0.6077397242193792,CVPF,soup_scene3,70,old
5948,13.980222702026367,0.6077397242193792,CVPF,soup_scene3,70,old
5949,13.982403993606567,0.6077397242193792,CVPF,soup_scene3,70,old
5950,13.984846353530884,0.6080016015121084,CVPF,soup_scene3,70,old
5951,13.9870924949646,0.6080016015121084,CVPF,soup_scene3,70,old
5952,13.989286661148071,0.6080016015121084,CVPF,soup_scene3,70,old
5953,13.991512537002563,0.6080016015121084,CVPF,soup_scene3,70,old
5954,13.993906497955322,0.6082934368033888,CVPF,soup_scene3,70,old
5955,13.996245861053467,0.6078344223239194,CVPF,soup_scene3,70,old
5956,13.998451232910156,0.6078344223239194,CVPF,soup_scene3,70,old
5957,14.000784873962402,0.6078344223239194,CVPF,soup_scene3,70,old
5958,14.003064393997192,0.607491721545073,CVPF,soup_scene3,70,old
5959,14.00543212890625,0.6071539818551246,CVPF,soup_scene3,70,old
5960,14.007711172103882,0.6071539818551246,CVPF,soup_scene3,70,old
5961,14.01009726524353,0.6071539818551246,CVPF,soup_scene3,70,old
5962,14.012568473815918,0.6071539818551246,CVPF,soup_scene3,70,old
5963,14.014826536178589,0.6060800634017705,CVPF,soup_scene3,70,old
5964,14.017242908477783,0.6055587894300949,CVPF,soup_scene3,70,old
5965,14.01959753036499,0.6055587894300949,CVPF,soup_scene3,70,old
5966,14.021885871887207,0.6055587894300949,CVPF,soup_scene3,70,old
5967,14.024155616760254,0.6055587894300949,CVPF,soup_scene3,70,old
5968,14.026540994644165,0.6069215178302052,CVPF,soup_scene3,70,old
5969,14.028785228729248,0.6069215178302052,CVPF,soup_scene3,70,old
5970,14.031184673309326,0.6069215178302052,CVPF,soup_scene3,70,old
5971,14.033453941345215,0.6069215178302052,CVPF,soup_scene3,70,old
5972,14.03594422340393,0.6069019915298002,CVPF,soup_scene3,70,old
5973,14.038247346878052,0.6069019915298002,CVPF,soup_scene3,70,old
5974,14.040560960769653,0.6069019915298002,CVPF,soup_scene3,70,old
5975,14.042742013931274,0.6069019915298002,CVPF,soup_scene3,70,old
5976,14.045246839523315,0.6066555392884379,CVPF,soup_scene3,70,old
5977,14.047462463378906,0.6070581081274788,CVPF,soup_scene3,70,old
5978,14.049683809280396,0.6070581081274788,CVPF,soup_scene3,70,old
5979,14.052035808563232,0.6070581081274788,CVPF,soup_scene3,70,old
5980,14.054642915725708,0.6082092671360959,CVPF,soup_scene3,70,old
5981,14.05760908126831,1.4961881036312452,CVPF,soup_scene3,70,old
5982,14.060069561004639,1.4961881036312452,CVPF,soup_scene3,70,old
5983,14.062368869781494,1.4966422424774217,CVPF,soup_scene3,70,old
5984,14.064807176589966,1.4966422424774217,CVPF,soup_scene3,70,old
5985,14.067742109298706,1.4970624069314278,CVPF,soup_scene3,70,old
5986,14.07021689414978,1.4970624069314278,CVPF,soup_scene3,70,old
5987,14.072442293167114,1.4970624069314278,CVPF,soup_scene3,70,old
5988,14.074886798858643,1.49693181807781,CVPF,soup_scene3,70,old
5989,14.077218055725098,1.49693181807781,CVPF,soup_scene3,70,old
5990,14.079681873321533,1.49693181807781,CVPF,soup_scene3,70,old
5991,14.081896543502808,1.49693181807781,CVPF,soup_scene3,70,old
5992,14.084121942520142,1.49693181807781,CVPF,soup_scene3,70,old
5993,14.086484909057617,1.49693181807781,CVPF,soup_scene3,70,old
5994,14.088929891586304,1.4964376592734514,CVPF,soup_scene3,70,old
5995,14.091450452804565,1.4961835388976814,CVPF,soup_scene3,70,old
5996,14.093825340270996,1.496596397517487,CVPF,soup_scene3,70,old
5997,14.09631609916687,1.496487935702902,CVPF,soup_scene3,70,old
5998,14.098608493804932,1.4953784248767716,CVPF,soup_scene3,70,old
5999,14.101381301879883,1.4946315901464995,CVPF,soup_scene3,70,old
6000,14.103864192962646,1.4952498209907203,CVPF,soup_scene3,70,old
6001,14.106324911117554,1.495089314241792,CVPF,soup_scene3,70,old
6002,14.108671426773071,1.495089314241792,CVPF,soup_scene3,70,old
6003,14.111261367797852,1.4956470862282332,CVPF,soup_scene3,70,old
6004,14.113653659820557,1.4956470862282332,CVPF,soup_scene3,70,old
6005,14.11618709564209,1.496458656360689,CVPF,soup_scene3,70,old
6006,14.118461608886719,1.496458656360689,CVPF,soup_scene3,70,old
6007,14.1210458278656,1.49735755566082,CVPF,soup_scene3,70,old
6008,14.12344217300415,1.49735755566082,CVPF,soup_scene3,70,old
6009,14.125794887542725,1.4974924517718178,CVPF,soup_scene3,70,old
6010,14.128247022628784,1.49673983553104,CVPF,soup_scene3,70,old
6011,14.13063669204712,1.49673983553104,CVPF,soup_scene3,70,old
6012,14.132901191711426,1.49673983553104,CVPF,soup_scene3,70,old
6013,14.135324954986572,1.4960611783867306,CVPF,soup_scene3,70,old
6014,14.137672662734985,1.4960611783867306,CVPF,soup_scene3,70,old
6015,14.140138387680054,1.4960611783867306,CVPF,soup_scene3,70,old
6016,14.142581939697266,1.4960153449349718,CVPF,soup_scene3,70,old
6017,14.144958734512329,1.4957997917240629,CVPF,soup_scene3,70,old
6018,14.147349834442139,1.4957997917240629,CVPF,soup_scene3,70,old
6019,14.149622440338135,1.4957997917240629,CVPF,soup_scene3,70,old
6020,14.152030229568481,1.4958275607567424,CVPF,soup_scene3,70,old
6021,14.154434204101562,1.4960145268547926,CVPF,soup_scene3,70,old
6022,14.156662225723267,1.4960145268547926,CVPF,soup_scene3,70,old
6023,14.158861637115479,1.4959757112196428,CVPF,soup_scene3,70,old
6024,14.16141676902771,1.4960326602316003,CVPF,soup_scene3,70,old
6025,14.163729906082153,1.4960326602316003,CVPF,soup_scene3,70,old
6026,14.165881872177124,1.4960326602316003,CVPF,soup_scene3,70,old
6027,14.168237686157227,1.4962559300686034,CVPF,soup_scene3,70,old
6028,14.170788764953613,1.4953843484227163,CVPF,soup_scene3,70,old
6029,14.173007011413574,1.4953843484227163,CVPF,soup_scene3,70,old
6030,14.175219535827637,1.4953843484227163,CVPF,soup_scene3,70,old
6031,14.177719116210938,1.4938649597432547,CVPF,soup_scene3,70,old
6032,14.180387258529663,1.4938649597432547,CVPF,soup_scene3,70,old
6033,14.182597398757935,1.4938649597432547,CVPF,soup_scene3,70,old
6034,14.184898853302002,1.494558749691982,CVPF,soup_scene3,70,old
6035,14.187485456466675,1.4948907070008566,CVPF,soup_scene3,70,old
6036,14.190002679824829,1.4948907070008566,CVPF,soup_scene3,70,old
6037,14.192257404327393,1.4948907070008566,CVPF,soup_scene3,70,old
6038,14.194865226745605,1.4964985263139678,CVPF,soup_scene3,70,old
6039,14.197212934494019,1.4964985263139678,CVPF,soup_scene3,70,old
6040,14.199429988861084,1.4964985263139678,CVPF,soup_scene3,70,old
6041,14.201927185058594,1.4977102752872216,CVPF,soup_scene3,70,old
6042,14.204278469085693,1.4977102752872216,CVPF,soup_scene3,70,old
6043,14.20653748512268,1.4977102752872216,CVPF,soup_scene3,70,old
6044,14.208752632141113,1.4977102752872216,CVPF,soup_scene3,70,old
6045,14.21130108833313,1.496743236452805,CVPF,soup_scene3,70,old
6046,14.214047908782959,1.496743236452805,CVPF,soup_scene3,70,old
6047,14.216453075408936,1.496743236452805,CVPF,soup_scene3,70,old
6048,14.219025135040283,1.4950593190450128,CVPF,soup_scene3,70,old
6049,14.222264289855957,2.7990288815236344,CVPF,soup_scene3,70,old
6050,14.224494457244873,2.7990288815236344,CVPF,soup_scene3,70,old
6051,14.226982831954956,2.7993927287888867,CVPF,soup_scene3,70,old
6052,14.22939395904541,2.7994747365831714,CVPF,soup_scene3,70,old
6053,14.231884956359863,2.7994747365831714,CVPF,soup_scene3,70,old
6054,14.234318256378174,2.7990607015011273,CVPF,soup_scene3,70,old
6055,14.23682451248169,2.799619001683864,CVPF,soup_scene3,70,old
6056,14.239331245422363,2.799619001683864,CVPF,soup_scene3,70,old
6057,14.241658210754395,2.799619001683864,CVPF,soup_scene3,70,old
6058,14.244123935699463,2.799133555527768,CVPF,soup_scene3,70,old
6059,14.246671199798584,2.799133555527768,CVPF,soup_scene3,70,old
6060,14.249213457107544,2.799133555527768,CVPF,soup_scene3,70,old
6061,14.251678943634033,2.7988182161168056,CVPF,soup_scene3,70,old
6062,14.254148006439209,2.7988182161168056,CVPF,soup_scene3,70,old
6063,14.256354570388794,2.7988182161168056,CVPF,soup_scene3,70,old
6064,14.258542537689209,2.7988182161168056,CVPF,soup_scene3,70,old
6065,14.26160192489624,2.7985302520383923,CVPF,soup_scene3,70,old
6066,14.26472783088684,2.7985302520383923,CVPF,soup_scene3,70,old
6067,14.267712593078613,2.7974481345872513,CVPF,soup_scene3,70,old
6068,14.270991325378418,2.795683977710783,CVPF,soup_scene3,70,old
6069,14.27397871017456,2.795683977710783,CVPF,soup_scene3,70,old
6070,14.277130603790283,2.796048676071908,CVPF,soup_scene3,70,old
6071,14.280288219451904,2.796048676071908,CVPF,soup_scene3,70,old
6072,14.283238649368286,2.796048676071908,CVPF,soup_scene3,70,old
6073,14.286460638046265,2.7970019837967985,CVPF,soup_scene3,70,old
6074,14.289496660232544,2.7970019837967985,CVPF,soup_scene3,70,old
6075,14.292503356933594,2.7970918284407964,CVPF,soup_scene3,70,old
6076,14.29570198059082,2.7978924396491966,CVPF,soup_scene3,70,old
6077,14.298685312271118,2.7978924396491966,CVPF,soup_scene3,70,old
6078,14.30174446105957,2.7988954447614414,CVPF,soup_scene3,70,old
6079,14.304940700531006,2.7985297771164817,CVPF,soup_scene3,70,old
6080,14.307896852493286,2.7985297771164817,CVPF,soup_scene3,70,old
6081,14.311103582382202,2.7968749174808587,CVPF,soup_scene3,70,old
6082,14.314152956008911,2.7968749174808587,CVPF,soup_scene3,70,old
6083,14.31703233718872,2.7968749174808587,CVPF,soup_scene3,70,old
6084,14.32048511505127,2.7964412406664088,CVPF,soup_scene3,70,old
6085,14.323405981063843,2.7964412406664088,CVPF,soup_scene3,70,old
6086,14.326419353485107,2.796043148040294,CVPF,soup_scene3,70,old
6087,14.32955002784729,2.7964209954695436,CVPF,soup_scene3,70,old
6088,14.332526922225952,2.7964209954695436,CVPF,soup_scene3,70,old
6089,14.33568000793457,2.79311639515054,CVPF,soup_scene3,70,old
6090,14.338880062103271,2.79311639515054,CVPF,soup_scene3,70,old
6091,14.341804504394531,2.79311639515054,CVPF,soup_scene3,70,old
6092,14.344913482666016,2.7929839436558757,CVPF,soup_scene3,70,old
6093,14.348006010055542,2.7929839436558757,CVPF,soup_scene3,70,old
6094,14.351096391677856,2.7929463510890873,CVPF,soup_scene3,70,old
6095,14.354247093200684,2.7965692521775294,CVPF,soup_scene3,70,old
6096,14.35723876953125,2.7965692521775294,CVPF,soup_scene3,70,old
6097,14.36038851737976,2.7934536256855975,CVPF,soup_scene3,70,old
6098,14.363496541976929,2.7934536256855975,CVPF,soup_scene3,70,old
6099,14.366459131240845,2.7934536256855975,CVPF,soup_scene3,70,old
6100,14.369579076766968,2.794443869692589,CVPF,soup_scene3,70,old
6101,14.373265266418457,0.3387611067357732,CVPF,soup_scene3,70,old
6102,14.376301527023315,0.33734912860015465,CVPF,soup_scene3,70,old
6103,14.379498720169067,0.33734912860015465,CVPF,soup_scene3,70,old
6104,14.382627725601196,0.33734912860015465,CVPF,soup_scene3,70,old
6105,14.385685682296753,0.337366478592849,CVPF,soup_scene3,70,old
6106,14.388612031936646,0.337366478592849,CVPF,soup_scene3,70,old
6107,14.39157247543335,0.337366478592849,CVPF,soup_scene3,70,old
6108,14.39458417892456,0.3376557099485326,CVPF,soup_scene3,70,old
6109,14.397477865219116,0.3376557099485326,CVPF,soup_scene3,70,old
6110,14.40039587020874,0.3376557099485326,CVPF,soup_scene3,70,old
6111,14.403605222702026,0.3376545584427866,CVPF,soup_scene3,70,old
6112,14.40687894821167,0.3376545584427866,CVPF,soup_scene3,70,old
6113,14.40989375114441,0.33761819789708125,CVPF,soup_scene3,70,old
6114,14.413162231445312,0.33761819789708125,CVPF,soup_scene3,70,old
6115,14.416116714477539,0.33761819789708125,CVPF,soup_scene3,70,old
6116,14.419325351715088,0.3378313017588262,CVPF,soup_scene3,70,old
6117,14.422475337982178,0.3378313017588262,CVPF,soup_scene3,70,old
6118,14.425428867340088,0.3378817320638405,CVPF,soup_scene3,70,old
6119,14.428516387939453,0.3383973266481251,CVPF,soup_scene3,70,old
6120,14.431522130966187,0.3383973266481251,CVPF,soup_scene3,70,old
6121,14.434531688690186,0.33837112572763633,CVPF,soup_scene3,70,old
6122,14.436934232711792,0.33802693802505784,CVPF,soup_scene3,70,old
6123,14.439281225204468,0.33802693802505784,CVPF,soup_scene3,70,old
6124,14.44145679473877,0.33802693802505784,CVPF,soup_scene3,70,old
6125,14.443827152252197,0.3383027399601166,CVPF,soup_scene3,70,old
6126,14.446303129196167,0.3383027399601166,CVPF,soup_scene3,70,old
6127,14.448482275009155,0.3383027399601166,CVPF,soup_scene3,70,old
6128,14.450716257095337,0.3386333937140294,CVPF,soup_scene3,70,old
6129,14.453148126602173,0.33858918217931555,CVPF,soup_scene3,70,old
6130,14.455458164215088,0.33858918217931555,CVPF,soup_scene3,70,old
6131,14.457600831985474,0.33858918217931555,CVPF,soup_scene3,70,old
6132,14.459971904754639,0.33850938820702087,CVPF,soup_scene3,70,old
6133,14.46236276626587,0.33850938820702087,CVPF,soup_scene3,70,old
6134,14.464598894119263,0.33850938820702087,CVPF,soup_scene3,70,old
6135,14.4667809009552,0.33850938820702087,CVPF,soup_scene3,70,old
6136,14.469181776046753,0.33827113370147655,CVPF,soup_scene3,70,old
6137,14.471673965454102,0.33827113370147655,CVPF,soup_scene3,70,old
6138,14.473922967910767,0.33827113370147655,CVPF,soup_scene3,70,old
6139,14.476240634918213,0.3383747899620225,CVPF,soup_scene3,70,old
6140,14.478493928909302,0.3383747899620225,CVPF,soup_scene3,70,old
6141,14.480824708938599,0.3383747899620225,CVPF,soup_scene3,70,old
6142,14.48291015625,0.3383747899620225,CVPF,soup_scene3,70,old
6143,14.485170602798462,0.3383214078015577,CVPF,soup_scene3,70,old
6144,14.487499952316284,0.3383214078015577,CVPF,soup_scene3,70,old
6145,14.48971700668335,0.33875570638312114,CVPF,soup_scene3,70,old
6146,14.491947650909424,0.33875570638312114,CVPF,soup_scene3,70,old
6147,14.494404315948486,0.3393258041638136,CVPF,soup_scene3,70,old
6148,14.496706008911133,0.3393258041638136,CVPF,soup_scene3,70,old
6149,14.49894642829895,0.3393258041638136,CVPF,soup_scene3,70,old
6150,14.501288175582886,0.3392901112432857,CVPF,soup_scene3,70,old
6151,14.503640174865723,0.33908145179147026,CVPF,soup_scene3,70,old
6152,14.505948305130005,0.33908145179147026,CVPF,soup_scene3,70,old
6153,14.508126735687256,0.33908145179147026,CVPF,soup_scene3,70,old
6154,14.510437488555908,0.339393365867986,CVPF,soup_scene3,70,old
6155,14.512853860855103,0.339393365867986,CVPF,soup_scene3,70,old
6156,14.514997243881226,0.339393365867986,CVPF,soup_scene3,70,old
6157,14.517160654067993,0.339393365867986,CVPF,soup_scene3,70,old
6158,14.519497156143188,0.3392308577217569,CVPF,soup_scene3,70,old
6159,14.521873950958252,0.3392308577217569,CVPF,soup_scene3,70,old
6160,14.524041891098022,0.3392308577217569,CVPF,soup_scene3,70,old
6161,14.526337385177612,0.33985953738049346,CVPF,soup_scene3,70,old
6162,14.529040336608887,0.33985953738049346,CVPF,soup_scene3,70,old
6163,14.531538248062134,0.33985953738049346,CVPF,soup_scene3,70,old
6164,14.533904314041138,0.33985953738049346,CVPF,soup_scene3,70,old
6165,14.536380290985107,0.3400245029394281,CVPF,soup_scene3,70,old
6166,14.538888931274414,0.3400245029394281,CVPF,soup_scene3,70,old
6167,14.541240215301514,0.3400245029394281,CVPF,soup_scene3,70,old
6168,14.54374647140503,0.33954965515904983,CVPF,soup_scene3,70,old
6169,14.54627776145935,0.33954965515904983,CVPF,soup_scene3,70,old
6170,14.548607349395752,0.33954965515904983,CVPF,soup_scene3,70,old
6171,14.552201747894287,0.34017487495302556,CVPF,soup_scene3,70,old
6172,14.554858684539795,2.142458248934856,CVPF,soup_scene3,70,old
6173,14.557069540023804,2.142458248934856,CVPF,soup_scene3,70,old
6174,14.559445858001709,2.1427112754508384,CVPF,soup_scene3,70,old
6175,14.561984062194824,2.1428085027481054,CVPF,soup_scene3,70,old
6176,14.56428050994873,2.1428085027481054,CVPF,soup_scene3,70,old
6177,14.566485166549683,2.1428085027481054,CVPF,soup_scene3,70,old
6178,14.56895899772644,2.1437381394567163,CVPF,soup_scene3,70,old
6179,14.571417808532715,2.1437381394567163,CVPF,soup_scene3,70,old
6180,14.573646068572998,2.1437381394567163,CVPF,soup_scene3,70,old
6181,14.575878620147705,2.1437381394567163,CVPF,soup_scene3,70,old
6182,14.578219652175903,2.1432757982852295,CVPF,soup_scene3,70,old
6183,14.580730438232422,2.1432757982852295,CVPF,soup_scene3,70,old
6184,14.582947731018066,2.1432757982852295,CVPF,soup_scene3,70,old
6185,14.585296869277954,2.1420438961790587,CVPF,soup_scene3,70,old
6186,14.587668180465698,2.1420438961790587,CVPF,soup_scene3,70,old
6187,14.589841604232788,2.1420438961790587,CVPF,soup_scene3,70,old
6188,14.592118978500366,2.142411194465148,CVPF,soup_scene3,70,old
6189,14.594474792480469,2.1422271918112665,CVPF,soup_scene3,70,old
6190,14.596819877624512,2.1422271918112665,CVPF,soup_scene3,70,old
6191,14.599063634872437,2.1422271918112665,CVPF,soup_scene3,70,old
6192,14.601347923278809,2.142114049496087,CVPF,soup_scene3,70,old
6193,14.603864669799805,2.142114049496087,CVPF,soup_scene3,70,old
6194,14.60610842704773,2.142114049496087,CVPF,soup_scene3,70,old
6195,14.60836911201477,2.142114049496087,CVPF,soup_scene3,70,old
6196,14.61067819595337,2.142801881928069,CVPF,soup_scene3,70,old
6197,14.613177299499512,2.142801881928069,CVPF,soup_scene3,70,old
6198,14.615493535995483,2.142801881928069,CVPF,soup_scene3,70,old
6199,14.61759090423584,2.142801881928069,CVPF,soup_scene3,70,old
6200,14.619749546051025,2.142801881928069,CVPF,soup_scene3,70,old
6201,14.622231245040894,2.1422267355704125,CVPF,soup_scene3,70,old
6202,14.624372959136963,2.1422267355704125,CVPF,soup_scene3,70,old
6203,14.626848697662354,2.1424854846095926,CVPF,soup_scene3,70,old
6204,14.629230260848999,2.1424854846095926,CVPF,soup_scene3,70,old
6205,14.631458044052124,2.1424854846095926,CVPF,soup_scene3,70,old
6206,14.633651733398438,2.1424854846095926,CVPF,soup_scene3,70,old
6207,14.636075735092163,2.14341418101902,CVPF,soup_scene3,70,old
6208,14.63836407661438,2.14341418101902,CVPF,soup_scene3,70,old
6209,14.64061164855957,2.14341418101902,CVPF,soup_scene3,70,old
6210,14.64303183555603,2.142537940209486,CVPF,soup_scene3,70,old
6211,14.645418167114258,2.142537940209486,CVPF,soup_scene3,70,old
6212,14.647697448730469,2.142537940209486,CVPF,soup_scene3,70,old
6213,14.64987826347351,2.142537940209486,CVPF,soup_scene3,70,old
6214,14.652989864349365,2.143240964105659,CVPF,soup_scene3,70,old
6215,14.65572214126587,2.143240964105659,CVPF,soup_scene3,70,old
6216,14.65790057182312,2.143240964105659,CVPF,soup_scene3,70,old
6217,14.660270929336548,2.143609816415947,CVPF,soup_scene3,70,old
6218,14.662658452987671,2.143609816415947,CVPF,soup_scene3,70,old
6219,14.664884805679321,2.143609816415947,CVPF,soup_scene3,70,old
6220,14.667134046554565,2.143609816415947,CVPF,soup_scene3,70,old
6221,14.669617652893066,2.142554946907993,CVPF,soup_scene3,70,old
6222,14.672031164169312,2.142554946907993,CVPF,soup_scene3,70,old
6223,14.674198865890503,2.142554946907993,CVPF,soup_scene3,70,old
6224,14.676567077636719,2.142819991820417,CVPF,soup_scene3,70,old
6225,14.678918361663818,2.142819991820417,CVPF,soup_scene3,70,old
6226,14.681206226348877,2.142819991820417,CVPF,soup_scene3,70,old
6227,14.683516263961792,2.142819991820417,CVPF,soup_scene3,70,old
6228,14.685980558395386,2.142445728484192,CVPF,soup_scene3,70,old
6229,14.68842625617981,2.142445728484192,CVPF,soup_scene3,70,old
6230,14.69078254699707,2.142445728484192,CVPF,soup_scene3,70,old
6231,14.69396686553955,2.14165759723519,CVPF,soup_scene3,70,old
6232,14.696359872817993,1.6041631212671543,CVPF,soup_scene3,70,old
6233,14.698558568954468,1.6041631212671543,CVPF,soup_scene3,70,old
6234,14.70085859298706,1.6036466230649795,CVPF,soup_scene3,70,old
6235,14.703247547149658,1.6036265000937355,CVPF,soup_scene3,70,old
6236,14.705525159835815,1.6036265000937355,CVPF,soup_scene3,70,old
6237,14.707731485366821,1.6036265000937355,CVPF,soup_scene3,70,old
6238,14.710100650787354,1.6040253681734864,CVPF,soup_scene3,70,old
6239,14.712538957595825,1.6040253681734864,CVPF,soup_scene3,70,old
6240,14.71475887298584,1.6040253681734864,CVPF,soup_scene3,70,old
6241,14.717016220092773,1.6038625097423331,CVPF,soup_scene3,70,old
6242,14.719284057617188,1.602850034465619,CVPF,soup_scene3,70,old
6243,14.721585512161255,1.602850034465619,CVPF,soup_scene3,70,old
6244,14.72378659248352,1.602850034465619,CVPF,soup_scene3,70,old
6245,14.725995540618896,1.6032228718948263,CVPF,soup_scene3,70,old
6246,14.728311777114868,1.602647486682324,CVPF,soup_scene3,70,old
6247,14.730619668960571,1.602647486682324,CVPF,soup_scene3,70,old
6248,14.732948064804077,1.602647486682324,CVPF,soup_scene3,70,old
6249,14.73544979095459,1.6044840740614017,CVPF,soup_scene3,70,old
6250,14.737696409225464,1.6044840740614017,CVPF,soup_scene3,70,old
6251,14.740004539489746,1.6044840740614017,CVPF,soup_scene3,70,old
6252,14.742257118225098,1.604514222208599,CVPF,soup_scene3,70,old
6253,14.744666814804077,1.6046854002655682,CVPF,soup_scene3,70,old
6254,14.74703574180603,1.6046854002655682,CVPF,soup_scene3,70,old
6255,14.749222040176392,1.6046854002655682,CVPF,soup_scene3,70,old
6256,14.751580476760864,1.605348350420381,CVPF,soup_scene3,70,old
6257,14.753918409347534,1.605348350420381,CVPF,soup_scene3,70,old
6258,14.75618314743042,1.605348350420381,CVPF,soup_scene3,70,old
6259,14.758367776870728,1.605348350420381,CVPF,soup_scene3,70,old
6260,14.76054310798645,1.605348350420381,CVPF,soup_scene3,70,old
6261,14.76275110244751,1.605348350420381,CVPF,soup_scene3,70,old
6262,14.765057802200317,1.60390018609111,CVPF,soup_scene3,70,old
6263,14.767328023910522,1.60390018609111,CVPF,soup_scene3,70,old
6264,14.769515991210938,1.60390018609111,CVPF,soup_scene3,70,old
6265,14.771763801574707,1.60390018609111,CVPF,soup_scene3,70,old
6266,14.774245262145996,1.6033214790215808,CVPF,soup_scene3,70,old
6267,14.776391506195068,1.6033214790215808,CVPF,soup_scene3,70,old
6268,14.778684616088867,1.6033214790215808,CVPF,soup_scene3,70,old
6269,14.781117677688599,1.6033214790215808,CVPF,soup_scene3,70,old
6270,14.783440589904785,1.6034103527474661,CVPF,soup_scene3,70,old
6271,14.785557985305786,1.6034103527474661,CVPF,soup_scene3,70,old
6272,14.787813663482666,1.6027173911343873,CVPF,soup_scene3,70,old
6273,14.790148973464966,1.6027173911343873,CVPF,soup_scene3,70,old
6274,14.792460441589355,1.602993289620871,CVPF,soup_scene3,70,old
6275,14.794718503952026,1.602927953811288,CVPF,soup_scene3,70,old
6276,14.797003269195557,1.602927953811288,CVPF,soup_scene3,70,old
6277,14.799225568771362,1.602927953811288,CVPF,soup_scene3,70,old
6278,14.801429271697998,1.602927953811288,CVPF,soup_scene3,70,old
6279,14.803697347640991,1.6024372090739183,CVPF,soup_scene3,70,old
6280,14.805821180343628,1.6024372090739183,CVPF,soup_scene3,70,old
6281,14.808135747909546,1.6022055319421629,CVPF,soup_scene3,70,old
6282,14.810472965240479,1.6022055319421629,CVPF,soup_scene3,70,old
6283,14.813127040863037,1.6022055319421629,CVPF,soup_scene3,70,old
6284,14.81659197807312,1.6022002859339475,CVPF,soup_scene3,70,old
6285,14.820053100585938,1.6022002859339475,CVPF,soup_scene3,70,old
6286,14.823455095291138,1.6022002859339475,CVPF,soup_scene3,70,old
6287,14.826801061630249,1.6022002859339475,CVPF,soup_scene3,70,old
6288,14.830273866653442,1.6043918830478496,CVPF,soup_scene3,70,old
6289,14.833678483963013,1.6043918830478496,CVPF,soup_scene3,70,old
6290,14.837034702301025,1.6043918830478496,CVPF,soup_scene3,70,old
6291,14.840501070022583,1.6047233211585938,CVPF,soup_scene3,70,old
6292,14.84433364868164,1.6047233211585938,CVPF,soup_scene3,70,old
6293,14.8480806350708,1.6050678717645388,CVPF,soup_scene3,70,old
6294,14.85148000717163,1.6050678717645388,CVPF,soup_scene3,70,old
6295,14.855087995529175,1.6046877480003836,CVPF,soup_scene3,70,old
6296,14.858545541763306,1.6046877480003836,CVPF,soup_scene3,70,old
6297,14.86186170578003,1.6046877480003836,CVPF,soup_scene3,70,old
6298,14.865163803100586,1.6045009094797047,CVPF,soup_scene3,70,old
6299,14.868139028549194,1.6045009094797047,CVPF,soup_scene3,70,old
6300,14.870367765426636,1.6045009094797047,CVPF,soup_scene3,70,old
6301,14.873008012771606,1.6045009094797047,CVPF,soup_scene3,70,old
6302,14.875544548034668,1.6046535616954083,CVPF,soup_scene3,70,old
6303,14.878587245941162,0.8644192974211892,CVPF,soup_scene3,70,old
6304,14.881300449371338,0.8644192974211892,CVPF,soup_scene3,70,old
6305,14.883592128753662,0.8644192974211892,CVPF,soup_scene3,70,old
6306,14.885989904403687,0.8645507669836223,CVPF,soup_scene3,70,old
6307,14.888282060623169,0.8645507669836223,CVPF,soup_scene3,70,old
6308,14.890686750411987,0.8662062029594411,CVPF,soup_scene3,70,old
6309,14.893200397491455,0.8662062029594411,CVPF,soup_scene3,70,old
6310,14.895880460739136,0.8662157119690248,CVPF,soup_scene3,70,old
6311,14.89846396446228,0.8663550994721549,CVPF,soup_scene3,70,old
6312,14.90096664428711,0.865661632961476,CVPF,soup_scene3,70,old
6313,14.903552293777466,0.865431844762437,CVPF,soup_scene3,70,old
6314,14.906156778335571,0.8655779907955264,CVPF,soup_scene3,70,old
6315,14.908738374710083,0.8654847513583493,CVPF,soup_scene3,70,old
6316,14.911312103271484,0.8663770690475652,CVPF,soup_scene3,70,old
6317,14.914031982421875,0.8662297054790863,CVPF,soup_scene3,70,old
6318,14.91660475730896,0.8661689594060068,CVPF,soup_scene3,70,old
6319,14.919043064117432,0.8660295619181453,CVPF,soup_scene3,70,old
6320,14.921544551849365,0.8657380340011788,CVPF,soup_scene3,70,old
6321,14.924152851104736,0.8646501560064275,CVPF,soup_scene3,70,old
6322,14.926647186279297,0.8649327121602953,CVPF,soup_scene3,70,old
6323,14.92904806137085,0.8652149242075844,CVPF,soup_scene3,70,old
6324,14.931681156158447,0.8652866339036099,CVPF,soup_scene3,70,old
6325,14.934136152267456,0.8661219190686436,CVPF,soup_scene3,70,old
6326,14.936723470687866,0.8659652924306317,CVPF,soup_scene3,70,old
6327,14.939242839813232,0.8658491513929392,CVPF,soup_scene3,70,old
6328,14.941739797592163,0.8659270806833846,CVPF,soup_scene3,70,old
6329,14.944319486618042,0.8674174648730649,CVPF,soup_scene3,70,old
6330,14.94682765007019,0.8674174648730649,CVPF,soup_scene3,70,old
6331,14.949238300323486,0.8674174648730649,CVPF,soup_scene3,70,old
6332,14.951846599578857,0.8674072870542432,CVPF,soup_scene3,70,old
6333,14.954442024230957,0.8680704821509415,CVPF,soup_scene3,70,old
6334,14.95692491531372,0.8680704821509415,CVPF,soup_scene3,70,old
6335,14.959342241287231,0.8678509068507747,CVPF,soup_scene3,70,old
6336,14.961923360824585,0.8716986484142603,CVPF,soup_scene3,70,old
6337,14.964179277420044,0.8716986484142603,CVPF,soup_scene3,70,old
6338,14.966519355773926,0.8716986484142603,CVPF,soup_scene3,70,old
6339,14.96904730796814,0.8659604117386767,CVPF,soup_scene3,70,old
6340,14.971541166305542,0.8659604117386767,CVPF,soup_scene3,70,old
6341,14.973936080932617,0.8659604117386767,CVPF,soup_scene3,70,old
6342,14.976526260375977,0.8659791386057714,CVPF,soup_scene3,70,old
6343,14.979081392288208,0.8652725733280702,CVPF,soup_scene3,70,old
6344,14.981687307357788,0.8652725733280702,CVPF,soup_scene3,70,old
6345,14.984375953674316,0.8683990735038808,CVPF,soup_scene3,70,old
6346,14.986891508102417,0.867759609732046,CVPF,soup_scene3,70,old
6347,14.989410877227783,0.867759609732046,CVPF,soup_scene3,70,old
6348,14.991816997528076,0.867759609732046,CVPF,soup_scene3,70,old
6349,14.994410991668701,0.8669340128706333,CVPF,soup_scene3,70,old
6350,14.99688982963562,0.8669340128706333,CVPF,soup_scene3,70,old
6351,14.999112606048584,0.8669340128706333,CVPF,soup_scene3,70,old
6352,15.001666069030762,0.8673372463285388,CVPF,soup_scene3,70,old
6353,15.004351139068604,0.8686369268852303,CVPF,soup_scene3,70,old
6354,15.00675368309021,0.8686369268852303,CVPF,soup_scene3,70,old
6355,15.009402513504028,0.8684530605597219,CVPF,soup_scene3,70,old
6356,15.012290716171265,0.8683977308577255,CVPF,soup_scene3,70,old
6357,15.015325546264648,0.8683977308577255,CVPF,soup_scene3,70,old
6358,15.018345594406128,2.890102391662488,CVPF,soup_scene3,70,old
6359,15.020753383636475,2.890102391662488,CVPF,soup_scene3,70,old
6360,15.02321171760559,2.890102391662488,CVPF,soup_scene3,70,old
6361,15.025658130645752,2.8900670055496795,CVPF,soup_scene3,70,old
6362,15.028072357177734,2.889142790385364,CVPF,soup_scene3,70,old
6363,15.030485153198242,2.889142790385364,CVPF,soup_scene3,70,old
6364,15.032813310623169,2.889142790385364,CVPF,soup_scene3,70,old
6365,15.035281419754028,2.889410446506616,CVPF,soup_scene3,70,old
6366,15.03767991065979,2.889410446506616,CVPF,soup_scene3,70,old
6367,15.039950370788574,2.889410446506616,CVPF,soup_scene3,70,old
6368,15.04225754737854,2.8894500290904195,CVPF,soup_scene3,70,old
6369,15.044753551483154,2.890954826675994,CVPF,soup_scene3,70,old
6370,15.04729413986206,2.890954826675994,CVPF,soup_scene3,70,old
6371,15.04966139793396,2.890954826675994,CVPF,soup_scene3,70,old
6372,15.052197694778442,2.8918261119974367,CVPF,soup_scene3,70,old
6373,15.054706573486328,2.8918261119974367,CVPF,soup_scene3,70,old
6374,15.05742859840393,2.8918261119974367,CVPF,soup_scene3,70,old
6375,15.060072422027588,2.8922024897152787,CVPF,soup_scene3,70,old
6376,15.062649726867676,2.8918308832695057,CVPF,soup_scene3,70,old
6377,15.065002679824829,2.8918308832695057,CVPF,soup_scene3,70,old
6378,15.067381858825684,2.891787713319955,CVPF,soup_scene3,70,old
6379,15.069748878479004,2.8911076698418543,CVPF,soup_scene3,70,old
6380,15.072147369384766,2.8911076698418543,CVPF,soup_scene3,70,old
6381,15.074443817138672,2.8911076698418543,CVPF,soup_scene3,70,old
6382,15.076894283294678,2.890084556060089,CVPF,soup_scene3,70,old
6383,15.079539775848389,2.890084556060089,CVPF,soup_scene3,70,old
6384,15.081857919692993,2.890084556060089,CVPF,soup_scene3,70,old
6385,15.084659337997437,2.8900435738027532,CVPF,soup_scene3,70,old
6386,15.087862968444824,2.8900435738027532,CVPF,soup_scene3,70,old
6387,15.090799808502197,2.8900435738027532,CVPF,soup_scene3,70,old
6388,15.093255758285522,2.8900116442499764,CVPF,soup_scene3,70,old
6389,15.095695734024048,2.8907125517682695,CVPF,soup_scene3,70,old
6390,15.097940444946289,2.8907125517682695,CVPF,soup_scene3,70,old
6391,15.100116729736328,2.8907125517682695,CVPF,soup_scene3,70,old
6392,15.102687120437622,2.8910967833942705,CVPF,soup_scene3,70,old
6393,15.105158567428589,2.8910967833942705,CVPF,soup_scene3,70,old
6394,15.107399463653564,2.8910967833942705,CVPF,soup_scene3,70,old
6395,15.109845876693726,2.8896367162681567,CVPF,soup_scene3,70,old
6396,15.112430095672607,2.8896367162681567,CVPF,soup_scene3,70,old
6397,15.114907264709473,2.8896367162681567,CVPF,soup_scene3,70,old
6398,15.117210865020752,2.8896367162681567,CVPF,soup_scene3,70,old
6399,15.120001554489136,2.8906655018890675,CVPF,soup_scene3,70,old
6400,15.122270345687866,2.8906655018890675,CVPF,soup_scene3,70,old
6401,15.124486923217773,2.8906655018890675,CVPF,soup_scene3,70,old
6402,15.126917123794556,2.890963908921657,CVPF,soup_scene3,70,old
6403,15.12948727607727,2.890963908921657,CVPF,soup_scene3,70,old
6404,15.131747245788574,2.890963908921657,CVPF,soup_scene3,70,old
6405,15.134092092514038,2.890963908921657,CVPF,soup_scene3,70,old
6406,15.136940240859985,2.8904370853787573,CVPF,soup_scene3,70,old
6407,15.139493465423584,2.8904370853787573,CVPF,soup_scene3,70,old
6408,15.141929864883423,2.8901029510135903,CVPF,soup_scene3,70,old
6409,15.144520998001099,2.891128866394451,CVPF,soup_scene3,70,old
6410,15.147112846374512,2.891128866394451,CVPF,soup_scene3,70,old
6411,15.149538278579712,2.891128866394451,CVPF,soup_scene3,70,old
6412,15.15209150314331,2.8912114370104613,CVPF,soup_scene3,70,old
6413,15.154715776443481,2.891880271585255,CVPF,soup_scene3,70,old
6414,15.157195329666138,2.891880271585255,CVPF,soup_scene3,70,old
6415,15.159701824188232,2.891880271585255,CVPF,soup_scene3,70,old
6416,15.162076711654663,2.891880271585255,CVPF,soup_scene3,70,old
6417,15.164593696594238,2.891880271585255,CVPF,soup_scene3,70,old
6418,15.167148351669312,2.892645183666255,CVPF,soup_scene3,70,old
6419,15.169425249099731,2.892645183666255,CVPF,soup_scene3,70,old
6420,15.171873569488525,2.892645183666255,CVPF,soup_scene3,70,old
6421,15.174447774887085,2.892653035063351,CVPF,soup_scene3,70,old
6422,15.176826477050781,2.892653035063351,CVPF,soup_scene3,70,old
6423,15.179269552230835,2.892653035063351,CVPF,soup_scene3,70,old
6424,15.181742668151855,2.8915088606185546,CVPF,soup_scene3,70,old
6425,15.184221982955933,2.8915088606185546,CVPF,soup_scene3,70,old
6426,15.186636447906494,2.8915088606185546,CVPF,soup_scene3,70,old
6427,15.189286231994629,2.890451698156234,CVPF,soup_scene3,70,old
6428,15.191712617874146,2.890451698156234,CVPF,soup_scene3,70,old
6429,15.193992853164673,2.890451698156234,CVPF,soup_scene3,70,old
6430,15.1966392993927,2.890451698156234,CVPF,soup_scene3,70,old
6431,15.199629306793213,0.39367889919269583,CVPF,soup_scene3,70,old
6432,15.202082633972168,0.39367889919269583,CVPF,soup_scene3,70,old
6433,15.204745054244995,0.39392782820712924,CVPF,soup_scene3,70,old
6434,15.20723032951355,0.39392782820712924,CVPF,soup_scene3,70,old
6435,15.209474325180054,0.39392782820712924,CVPF,soup_scene3,70,old
6436,15.2120680809021,0.3940209614326262,CVPF,soup_scene3,70,old
6437,15.214614868164062,0.3940209614326262,CVPF,soup_scene3,70,old
6438,15.216949701309204,0.3940209614326262,CVPF,soup_scene3,70,old
6439,15.21947431564331,0.3943999111660945,CVPF,soup_scene3,70,old
6440,15.221980094909668,0.3950420099684546,CVPF,soup_scene3,70,old
6441,15.22437071800232,0.3950420099684546,CVPF,soup_scene3,70,old
6442,15.22671389579773,0.3950420099684546,CVPF,soup_scene3,70,old
6443,15.229315519332886,0.3947785481139272,CVPF,soup_scene3,70,old
6444,15.231680631637573,0.3950625466276749,CVPF,soup_scene3,70,old
6445,15.234025955200195,0.3950625466276749,CVPF,soup_scene3,70,old
6446,15.236358404159546,0.3950625466276749,CVPF,soup_scene3,70,old
6447,15.238649606704712,0.3950625466276749,CVPF,soup_scene3,70,old
6448,15.24118185043335,0.39536268847702694,CVPF,soup_scene3,70,old
6449,15.243557214736938,0.39536268847702694,CVPF,soup_scene3,70,old
6450,15.246055841445923,0.39536268847702694,CVPF,soup_scene3,70,old
6451,15.248397827148438,0.39536268847702694,CVPF,soup_scene3,70,old
6452,15.250771045684814,0.3951564473411189,CVPF,soup_scene3,70,old
6453,15.253178834915161,0.3951564473411189,CVPF,soup_scene3,70,old
6454,15.255602836608887,0.3949074175819014,CVPF,soup_scene3,70,old
6455,15.258079528808594,0.3949074175819014,CVPF,soup_scene3,70,old
6456,15.260333061218262,0.3949074175819014,CVPF,soup_scene3,70,old
6457,15.262435913085938,0.3949074175819014,CVPF,soup_scene3,70,old
6458,15.264914751052856,0.3950044134342505,CVPF,soup_scene3,70,old
6459,15.267343044281006,0.3950044134342505,CVPF,soup_scene3,70,old
6460,15.26968264579773,0.3950044134342505,CVPF,soup_scene3,70,old
6461,15.272172689437866,0.3950044134342505,CVPF,soup_scene3,70,old
6462,15.27455735206604,0.3947492065909133,CVPF,soup_scene3,70,old
6463,15.276842594146729,0.3947492065909133,CVPF,soup_scene3,70,old
6464,15.279293298721313,0.3947492065909133,CVPF,soup_scene3,70,old
6465,15.281928062438965,0.3947492065909133,CVPF,soup_scene3,70,old
6466,15.28422212600708,0.3947951109462453,CVPF,soup_scene3,70,old
6467,15.286495447158813,0.3947951109462453,CVPF,soup_scene3,70,old
6468,15.288877487182617,0.3947951109462453,CVPF,soup_scene3,70,old
6469,15.29143738746643,0.39479920608521457,CVPF,soup_scene3,70,old
6470,15.293968915939331,0.39479920608521457,CVPF,soup_scene3,70,old
6471,15.296517848968506,0.3946541797233776,CVPF,soup_scene3,70,old
6472,15.299057245254517,0.3945442780378663,CVPF,soup_scene3,70,old
6473,15.301509141921997,0.3956982054052043,CVPF,soup_scene3,70,old
6474,15.303996324539185,0.3956982054052043,CVPF,soup_scene3,70,old
6475,15.306474924087524,0.3960817802000989,CVPF,soup_scene3,70,old
6476,15.308986186981201,0.3960817802000989,CVPF,soup_scene3,70,old
6477,15.311452388763428,0.39618432176523033,CVPF,soup_scene3,70,old
6478,15.314055442810059,0.39618432176523033,CVPF,soup_scene3,70,old
6479,15.31660270690918,0.39621538195671047,CVPF,soup_scene3,70,old
6480,15.31915545463562,0.39621538195671047,CVPF,soup_scene3,70,old
6481,15.321718454360962,0.39526394595625547,CVPF,soup_scene3,70,old
6482,15.324217796325684,0.39554175350914456,CVPF,soup_scene3,70,old
6483,15.327038526535034,0.39546036425568065,CVPF,soup_scene3,70,old
6484,15.329928398132324,0.3952835065794016,CVPF,soup_scene3,70,old
6485,15.332622051239014,0.3952835065794016,CVPF,soup_scene3,70,old
6486,15.335567235946655,0.39623179331804526,CVPF,soup_scene3,70,old
6487,15.338308095932007,0.39623179331804526,CVPF,soup_scene3,70,old
6488,15.340803146362305,0.3956003807135664,CVPF,soup_scene3,70,old
6489,15.343408346176147,0.3956003807135664,CVPF,soup_scene3,70,old
6490,15.346076488494873,0.39703971936950744,CVPF,soup_scene3,70,old
6491,15.348650455474854,0.39703971936950744,CVPF,soup_scene3,70,old
6492,15.351160764694214,0.3976826602555672,CVPF,soup_scene3,70,old
6493,15.3544180393219,2.09684903279729,CVPF,soup_scene3,70,old
6494,15.357067346572876,2.09684903279729,CVPF,soup_scene3,70,old
6495,15.35961103439331,2.0970247996620155,CVPF,soup_scene3,70,old
6496,15.362186193466187,2.096084525723695,CVPF,soup_scene3,70,old
6497,15.36469292640686,2.096084525723695,CVPF,soup_scene3,70,old
6498,15.367089748382568,2.096057277691413,CVPF,soup_scene3,70,old
6499,15.369713068008423,2.096834786852514,CVPF,soup_scene3,70,old
6500,15.372079610824585,2.096834786852514,CVPF,soup_scene3,70,old
6501,15.374347925186157,2.096834786852514,CVPF,soup_scene3,70,old
6502,15.376912355422974,2.097979018639349,CVPF,soup_scene3,70,old
6503,15.37938666343689,2.097979018639349,CVPF,soup_scene3,70,old
6504,15.381757020950317,2.097979018639349,CVPF,soup_scene3,70,old
6505,15.384151697158813,2.0979410951763415,CVPF,soup_scene3,70,old
6506,15.38672947883606,2.097598259239928,CVPF,soup_scene3,70,old
6507,15.389147996902466,2.097598259239928,CVPF,soup_scene3,70,old
6508,15.391594409942627,2.097598259239928,CVPF,soup_scene3,70,old
6509,15.394193410873413,2.0989510349391773,CVPF,soup_scene3,70,old
6510,15.396742582321167,2.0989510349391773,CVPF,soup_scene3,70,old
6511,15.399144649505615,2.0989510349391773,CVPF,soup_scene3,70,old
6512,15.401544570922852,2.09936924692632,CVPF,soup_scene3,70,old
6513,15.40402626991272,2.09936924692632,CVPF,soup_scene3,70,old
6514,15.406448602676392,2.09936924692632,CVPF,soup_scene3,70,old
6515,15.408814907073975,2.0993352368539258,CVPF,soup_scene3,70,old
6516,15.411340475082397,2.0995993262428643,CVPF,soup_scene3,70,old
6517,15.413755893707275,2.0995993262428643,CVPF,soup_scene3,70,old
6518,15.416054725646973,2.0995993262428643,CVPF,soup_scene3,70,old
6519,15.418488025665283,2.097861450544733,CVPF,soup_scene3,70,old
6520,15.421112537384033,2.097861450544733,CVPF,soup_scene3,70,old
6521,15.42332649230957,2.097861450544733,CVPF,soup_scene3,70,old
6522,15.42558741569519,2.098087757165603,CVPF,soup_scene3,70,old
6523,15.428070545196533,2.096849645676784,CVPF,soup_scene3,70,old
6524,15.430514097213745,2.096849645676784,CVPF,soup_scene3,70,old
6525,15.43276572227478,2.096849645676784,CVPF,soup_scene3,70,old
6526,15.435383796691895,2.0961582950636104,CVPF,soup_scene3,70,old
6527,15.43799877166748,2.0961582950636104,CVPF,soup_scene3,70,old
6528,15.440279245376587,2.0961582950636104,CVPF,soup_scene3,70,old
6529,15.442519426345825,2.0962039362513556,CVPF,soup_scene3,70,old
6530,15.444994449615479,2.094834255272531,CVPF,soup_scene3,70,old
6531,15.447516918182373,2.094834255272531,CVPF,soup_scene3,70,old
6532,15.449729204177856,2.094834255272531,CVPF,soup_scene3,70,old
6533,15.452261447906494,2.1009637903388207,CVPF,soup_scene3,70,old
6534,15.45483660697937,2.1009637903388207,CVPF,soup_scene3,70,old
6535,15.457099437713623,2.1009637903388207,CVPF,soup_scene3,70,old
6536,15.459473848342896,2.100921199654018,CVPF,soup_scene3,70,old
6537,15.462047338485718,2.097552471204137,CVPF,soup_scene3,70,old
6538,15.464597225189209,2.097552471204137,CVPF,soup_scene3,70,old
6539,15.467341423034668,2.097552471204137,CVPF,soup_scene3,70,old
6540,15.470033645629883,2.1024614222235463,CVPF,soup_scene3,70,old
6541,15.472490787506104,2.1024614222235463,CVPF,soup_scene3,70,old
6542,15.474889993667603,2.1024614222235463,CVPF,soup_scene3,70,old
6543,15.477565050125122,2.101510072854391,CVPF,soup_scene3,70,old
6544,15.480323791503906,2.101510072854391,CVPF,soup_scene3,70,old
6545,15.48289966583252,2.101510072854391,CVPF,soup_scene3,70,old
6546,15.485347032546997,2.101748084325199,CVPF,soup_scene3,70,old
6547,15.487883806228638,2.101748084325199,CVPF,soup_scene3,70,old
6548,15.490280389785767,2.101748084325199,CVPF,soup_scene3,70,old
6549,15.49269962310791,2.101748084325199,CVPF,soup_scene3,70,old
6550,15.495323657989502,2.096180424495097,CVPF,soup_scene3,70,old
6551,15.49779987335205,2.096180424495097,CVPF,soup_scene3,70,old
6552,15.500792026519775,1.6197195704600116,CVPF,soup_scene3,70,old
6553,15.503360509872437,1.6197451596350643,CVPF,soup_scene3,70,old
6554,15.505711078643799,1.6197451596350643,CVPF,soup_scene3,70,old
6555,15.508053541183472,1.6197451596350643,CVPF,soup_scene3,70,old
6556,15.510486602783203,1.6209596308259275,CVPF,soup_scene3,70,old
6557,15.513175249099731,1.6209596308259275,CVPF,soup_scene3,70,old
6558,15.51561427116394,1.6209596308259275,CVPF,soup_scene3,70,old
6559,15.51800274848938,1.6209261498438403,CVPF,soup_scene3,70,old
6560,15.520609378814697,1.6208433106486746,CVPF,soup_scene3,70,old
6561,15.52294135093689,1.6208433106486746,CVPF,soup_scene3,70,old
6562,15.525207757949829,1.6208433106486746,CVPF,soup_scene3,70,old
6563,15.527767419815063,1.619765768330212,CVPF,soup_scene3,70,old
6564,15.530295372009277,1.619765768330212,CVPF,soup_scene3,70,old
6565,15.53257942199707,1.619765768330212,CVPF,soup_scene3,70,old
6566,15.535008192062378,1.6197749343946937,CVPF,soup_scene3,70,old
6567,15.537639141082764,1.6194411727497569,CVPF,soup_scene3,70,old
6568,15.53992486000061,1.6194411727497569,CVPF,soup_scene3,70,old
6569,15.542274475097656,1.6189647303589503,CVPF,soup_scene3,70,old
6570,15.54490327835083,1.6191477499058413,CVPF,soup_scene3,70,old
6571,15.547522068023682,1.6191477499058413,CVPF,soup_scene3,70,old
6572,15.549774408340454,1.6191477499058413,CVPF,soup_scene3,70,old
6573,15.552290439605713,1.6196203727147083,CVPF,soup_scene3,70,old
6574,15.554788589477539,1.6196203727147083,CVPF,soup_scene3,70,old
6575,15.557055473327637,1.6196203727147083,CVPF,soup_scene3,70,old
6576,15.559376239776611,1.619612651752992,CVPF,soup_scene3,70,old
6577,15.561903476715088,1.619344756479129,CVPF,soup_scene3,70,old
6578,15.564579248428345,1.619344756479129,CVPF,soup_scene3,70,old
6579,15.567025661468506,1.619344756479129,CVPF,soup_scene3,70,old
6580,15.569540023803711,1.6200852127430938,CVPF,soup_scene3,70,old
6581,15.571956634521484,1.6200852127430938,CVPF,soup_scene3,70,old
6582,15.574236631393433,1.6200852127430938,CVPF,soup_scene3,70,old
6583,15.576661586761475,1.6197413588087768,CVPF,soup_scene3,70,old
6584,15.579612731933594,1.6207151285635115,CVPF,soup_scene3,70,old
6585,15.581841945648193,1.6207151285635115,CVPF,soup_scene3,70,old
6586,15.584273099899292,1.6201375639189592,CVPF,soup_scene3,70,old
6587,15.586852312088013,1.6192953520141797,CVPF,soup_scene3,70,old
6588,15.589210271835327,1.6192953520141797,CVPF,soup_scene3,70,old
6589,15.591368675231934,1.6192953520141797,CVPF,soup_scene3,70,old
6590,15.593783617019653,1.6207780250518855,CVPF,soup_scene3,70,old
6591,15.596278667449951,1.6207780250518855,CVPF,soup_scene3,70,old
6592,15.598503351211548,1.6207780250518855,CVPF,soup_scene3,70,old
6593,15.600953102111816,1.6207902341417446,CVPF,soup_scene3,70,old
6594,15.603423357009888,1.6206834305020337,CVPF,soup_scene3,70,old
6595,15.605663776397705,1.6206834305020337,CVPF,soup_scene3,70,old
6596,15.60791826248169,1.6206834305020337,CVPF,soup_scene3,70,old
6597,15.610331773757935,1.6207214648818393,CVPF,soup_scene3,70,old
6598,15.612938404083252,1.620897214720686,CVPF,soup_scene3,70,old
6599,15.615347623825073,1.620897214720686,CVPF,soup_scene3,70,old
6600,15.617730379104614,1.6208811760771882,CVPF,soup_scene3,70,old
6601,15.620299100875854,1.619700177207922,CVPF,soup_scene3,70,old
6602,15.622867107391357,1.619700177207922,CVPF,soup_scene3,70,old
6603,15.62534499168396,1.6191513638495802,CVPF,soup_scene3,70,old
6604,15.62784481048584,1.6191124873533491,CVPF,soup_scene3,70,old
6605,15.630295515060425,1.6191124873533491,CVPF,soup_scene3,70,old
6606,15.632688522338867,1.6191124873533491,CVPF,soup_scene3,70,old
6607,15.635145664215088,1.620187465779562,CVPF,soup_scene3,70,old
6608,15.637682676315308,1.620187465779562,CVPF,soup_scene3,70,old
6609,15.640121936798096,1.620187465779562,CVPF,soup_scene3,70,old
6610,15.642626523971558,1.6198287545083963,CVPF,soup_scene3,70,old
6611,15.645171165466309,1.6230890762308245,CVPF,soup_scene3,70,old
6612,15.647584438323975,1.6230890762308245,CVPF,soup_scene3,70,old
6613,15.649778366088867,1.6230890762308245,CVPF,soup_scene3,70,old
6614,15.652448177337646,1.621837985387657,CVPF,soup_scene3,70,old
6615,15.654851198196411,1.621837985387657,CVPF,soup_scene3,70,old
6616,15.657193183898926,1.621837985387657,CVPF,soup_scene3,70,old
6617,15.659553527832031,1.6221485990310134,CVPF,soup_scene3,70,old
6618,15.661978483200073,1.621639343276592,CVPF,soup_scene3,70,old
6619,15.664340496063232,1.621639343276592,CVPF,soup_scene3,70,old
6620,15.666826486587524,1.621639343276592,CVPF,soup_scene3,70,old
6621,15.670396566390991,0.8522167435247097,CVPF,soup_scene3,70,old
6622,15.672947883605957,0.8522167435247097,CVPF,soup_scene3,70,old
6623,15.675228595733643,0.8522167435247097,CVPF,soup_scene3,70,old
6624,15.677781820297241,0.8520730963385494,CVPF,soup_scene3,70,old
6625,15.680407285690308,0.8520730963385494,CVPF,soup_scene3,70,old
6626,15.682675123214722,0.8520730963385494,CVPF,soup_scene3,70,old
6627,15.685070276260376,0.8520835334132911,CVPF,soup_scene3,70,old
6628,15.687731266021729,0.8519195546366803,CVPF,soup_scene3,70,old
6629,15.689990043640137,0.8519195546366803,CVPF,soup_scene3,70,old
6630,15.692383766174316,0.851901669797334,CVPF,soup_scene3,70,old
6631,15.69478702545166,0.8533929710136243,CVPF,soup_scene3,70,old
6632,15.697224140167236,0.8533929710136243,CVPF,soup_scene3,70,old
6633,15.699509143829346,0.8533929710136243,CVPF,soup_scene3,70,old
6634,15.701815843582153,0.8532593235418979,CVPF,soup_scene3,70,old
6635,15.704429388046265,0.8532593235418979,CVPF,soup_scene3,70,old
6636,15.706697463989258,0.8532593235418979,CVPF,soup_scene3,70,old
6637,15.708954095840454,0.8533102372378479,CVPF,soup_scene3,70,old
6638,15.711718559265137,0.8513808439138084,CVPF,soup_scene3,70,old
6639,15.71409010887146,0.8513808439138084,CVPF,soup_scene3,70,old
6640,15.716288328170776,0.8513808439138084,CVPF,soup_scene3,70,old
6641,15.718722820281982,0.8516789378882044,CVPF,soup_scene3,70,old
6642,15.721206665039062,0.8516789378882044,CVPF,soup_scene3,70,old
6643,15.723568201065063,0.8516789378882044,CVPF,soup_scene3,70,old
6644,15.725903511047363,0.8516995976395055,CVPF,soup_scene3,70,old
6645,15.728464126586914,0.8519659817191887,CVPF,soup_scene3,70,old
6646,15.73097276687622,0.8519659817191887,CVPF,soup_scene3,70,old
6647,15.733299493789673,0.8519659817191887,CVPF,soup_scene3,70,old
6648,15.735939741134644,0.8537701280648616,CVPF,soup_scene3,70,old
6649,15.738469123840332,0.8537701280648616,CVPF,soup_scene3,70,old
6650,15.740614891052246,0.8537701280648616,CVPF,soup_scene3,70,old
6651,15.743054151535034,0.8547879922533893,CVPF,soup_scene3,70,old
6652,15.745735883712769,0.8547879922533893,CVPF,soup_scene3,70,old
6653,15.74821925163269,0.8547879922533893,CVPF,soup_scene3,70,old
6654,15.750463724136353,0.8547879922533893,CVPF,soup_scene3,70,old
6655,15.75309705734253,0.8549534481628259,CVPF,soup_scene3,70,old
6656,15.755337238311768,0.8549534481628259,CVPF,soup_scene3,70,old
6657,15.757598638534546,0.8549534481628259,CVPF,soup_scene3,70,old
6658,15.760112285614014,0.8550101112109855,CVPF,soup_scene3,70,old
6659,15.762341499328613,0.8534282839917388,CVPF,soup_scene3,70,old
6660,15.764584302902222,0.8534282839917388,CVPF,soup_scene3,70,old
6661,15.76671576499939,0.8534282839917388,CVPF,soup_scene3,70,old
6662,15.769109964370728,0.8536971007183737,CVPF,soup_scene3,70,old
6663,15.771961212158203,0.8536971007183737,CVPF,soup_scene3,70,old
6664,15.774134635925293,0.8536971007183737,CVPF,soup_scene3,70,old
6665,15.776663303375244,0.8520220799728877,CVPF,soup_scene3,70,old
6666,15.779315710067749,0.8520220799728877,CVPF,soup_scene3,70,old
6667,15.781814336776733,0.8520220799728877,CVPF,soup_scene3,70,old
6668,15.784435749053955,0.8520220799728877,CVPF,soup_scene3,70,old
6669,15.78706169128418,0.8514388327164167,CVPF,soup_scene3,70,old
6670,15.789409637451172,0.8514388327164167,CVPF,soup_scene3,70,old
6671,15.791727066040039,0.8514388327164167,CVPF,soup_scene3,70,old
6672,15.794169664382935,0.8515709945826293,CVPF,soup_scene3,70,old
6673,15.796512126922607,0.8515709945826293,CVPF,soup_scene3,70,old
6674,15.79974627494812,0.8515709945826293,CVPF,soup_scene3,70,old
6675,15.803597927093506,0.8517207512053587,CVPF,soup_scene3,70,old
6676,15.807135343551636,0.8517207512053587,CVPF,soup_scene3,70,old
6677,15.810689687728882,0.8524989707080528,CVPF,soup_scene3,70,old
6678,15.814144372940063,0.8524989707080528,CVPF,soup_scene3,70,old
6679,15.817657947540283,0.8527385187668028,CVPF,soup_scene3,70,old
6680,15.821112871170044,0.854633899837051,CVPF,soup_scene3,70,old
6681,15.824383735656738,0.854633899837051,CVPF,soup_scene3,70,old
6682,15.828023433685303,0.8538550702203599,CVPF,soup_scene3,70,old
6683,15.83153247833252,0.8538550702203599,CVPF,soup_scene3,70,old
6684,15.835061311721802,0.8494947933939396,CVPF,soup_scene3,70,old
6685,15.838544845581055,2.900183153161842,CVPF,soup_scene3,70,old
6686,15.84078574180603,2.900183153161842,CVPF,soup_scene3,70,old
6687,15.843164682388306,2.900238805211047,CVPF,soup_scene3,70,old
6688,15.845607995986938,2.898626475237225,CVPF,soup_scene3,70,old
6689,15.847973823547363,2.898626475237225,CVPF,soup_scene3,70,old
6690,15.850136518478394,2.898626475237225,CVPF,soup_scene3,70,old
6691,15.85259222984314,2.899060690106763,CVPF,soup_scene3,70,old
6692,15.855027675628662,2.899060690106763,CVPF,soup_scene3,70,old
6693,15.85732626914978,2.899060690106763,CVPF,soup_scene3,70,old
6694,15.859810590744019,2.8972245192711394,CVPF,soup_scene3,70,old
6695,15.86221194267273,2.8972245192711394,CVPF,soup_scene3,70,old
6696,15.864504098892212,2.8972245192711394,CVPF,soup_scene3,70,old
6697,15.866672277450562,2.8972245192711394,CVPF,soup_scene3,70,old
6698,15.869111776351929,2.8991896840836993,CVPF,soup_scene3,70,old
6699,15.871485710144043,2.8991896840836993,CVPF,soup_scene3,70,old
6700,15.873776912689209,2.8991896840836993,CVPF,soup_scene3,70,old
6701,15.876279592514038,2.8968011015630584,CVPF,soup_scene3,70,old
6702,15.878835201263428,2.8968011015630584,CVPF,soup_scene3,70,old
6703,15.881031513214111,2.8968011015630584,CVPF,soup_scene3,70,old
6704,15.883285760879517,2.8968011015630584,CVPF,soup_scene3,70,old
6705,15.885657548904419,2.8962425696161818,CVPF,soup_scene3,70,old
6706,15.888052701950073,2.8962425696161818,CVPF,soup_scene3,70,old
6707,15.89035701751709,2.8962425696161818,CVPF,soup_scene3,70,old
6708,15.89266300201416,2.896527244746828,CVPF,soup_scene3,70,old
6709,15.895056009292603,2.899199207391173,CVPF,soup_scene3,70,old
6710,15.897390604019165,2.899199207391173,CVPF,soup_scene3,70,old
6711,15.899713277816772,2.899199207391173,CVPF,soup_scene3,70,old
6712,15.902381420135498,2.902632106237489,CVPF,soup_scene3,70,old
6713,15.904775619506836,2.902632106237489,CVPF,soup_scene3,70,old
6714,15.907015085220337,2.902632106237489,CVPF,soup_scene3,70,old
6715,15.909443140029907,2.9026509133185714,CVPF,soup_scene3,70,old
6716,15.911914587020874,2.9003574989511094,CVPF,soup_scene3,70,old
6717,15.914231300354004,2.9003574989511094,CVPF,soup_scene3,70,old
6718,15.916404724121094,2.9003574989511094,CVPF,soup_scene3,70,old
6719,15.91884183883667,2.8976741444791623,CVPF,soup_scene3,70,old
6720,15.921161651611328,2.8976741444791623,CVPF,soup_scene3,70,old
6721,15.923402070999146,2.8976741444791623,CVPF,soup_scene3,70,old
6722,15.925803661346436,2.897702332553656,CVPF,soup_scene3,70,old
6723,15.928188562393188,2.897727135498769,CVPF,soup_scene3,70,old
6724,15.930507898330688,2.897727135498769,CVPF,soup_scene3,70,old
6725,15.932658910751343,2.897727135498769,CVPF,soup_scene3,70,old
6726,15.935007572174072,2.899842121017189,CVPF,soup_scene3,70,old
6727,15.937393188476562,2.899842121017189,CVPF,soup_scene3,70,old
6728,15.939869403839111,2.899842121017189,CVPF,soup_scene3,70,old
6729,15.942180156707764,2.8998465359737784,CVPF,soup_scene3,70,old
6730,15.944615125656128,2.8984158836820693,CVPF,soup_scene3,70,old
6731,15.947096347808838,2.8984158836820693,CVPF,soup_scene3,70,old
6732,15.949337482452393,2.8984158836820693,CVPF,soup_scene3,70,old
6733,15.951700687408447,2.8997898752581768,CVPF,soup_scene3,70,old
6734,15.95406436920166,2.8997898752581768,CVPF,soup_scene3,70,old
6735,15.956411600112915,2.8997898752581768,CVPF,soup_scene3,70,old
6736,15.958648204803467,2.8997898752581768,CVPF,soup_scene3,70,old
6737,15.960866212844849,2.8997898752581768,CVPF,soup_scene3,70,old
6738,15.963119268417358,2.899809900401922,CVPF,soup_scene3,70,old
6739,15.965411901473999,2.9010682798703207,CVPF,soup_scene3,70,old
6740,15.967746496200562,2.9010682798703207,CVPF,soup_scene3,70,old
6741,15.970040082931519,2.9010682798703207,CVPF,soup_scene3,70,old
6742,15.972383737564087,2.9010682798703207,CVPF,soup_scene3,70,old
6743,15.974665641784668,2.9010682798703207,CVPF,soup_scene3,70,old
6744,15.977003812789917,2.900971456811087,CVPF,soup_scene3,70,old
6745,15.979483366012573,2.900971456811087,CVPF,soup_scene3,70,old
6746,15.982857704162598,0.3869719453195159,CVPF,soup_scene3,70,old
6747,15.985143184661865,0.3869430812244559,CVPF,soup_scene3,70,old
6748,15.987451791763306,0.3850434040944119,CVPF,soup_scene3,70,old
6749,15.989720821380615,0.3850434040944119,CVPF,soup_scene3,70,old
6750,15.991999387741089,0.3850434040944119,CVPF,soup_scene3,70,old
6751,15.994391202926636,0.3850434040944119,CVPF,soup_scene3,70,old
6752,15.996784448623657,0.38556660979552443,CVPF,soup_scene3,70,old
6753,15.999109029769897,0.38556660979552443,CVPF,soup_scene3,70,old
6754,16.00150156021118,0.38556660979552443,CVPF,soup_scene3,70,old
6755,16.003824710845947,0.38556660979552443,CVPF,soup_scene3,70,old
6756,16.006124258041382,0.38556660979552443,CVPF,soup_scene3,70,old
6757,16.008544206619263,0.3855272479780422,CVPF,soup_scene3,70,old
6758,16.010942697525024,0.3855272479780422,CVPF,soup_scene3,70,old
6759,16.013263463974,0.3855272479780422,CVPF,soup_scene3,70,old
6760,16.015596389770508,0.3855272479780422,CVPF,soup_scene3,70,old
6761,16.017872095108032,0.38555377121452294,CVPF,soup_scene3,70,old
6762,16.020203351974487,0.38802733717686066,CVPF,soup_scene3,70,old
6763,16.022382259368896,0.38802733717686066,CVPF,soup_scene3,70,old
6764,16.02462148666382,0.38802733717686066,CVPF,soup_scene3,70,old
6765,16.026948928833008,0.38802733717686066,CVPF,soup_scene3,70,old
6766,16.029269695281982,0.38802733717686066,CVPF,soup_scene3,70,old
6767,16.03148055076599,0.3878873301609575,CVPF,soup_scene3,70,old
6768,16.033770084381104,0.3878873301609575,CVPF,soup_scene3,70,old
6769,16.036190271377563,0.3878873301609575,CVPF,soup_scene3,70,old
6770,16.038414478302002,0.3878873301609575,CVPF,soup_scene3,70,old
6771,16.040857553482056,0.3878821347543538,CVPF,soup_scene3,70,old
6772,16.043082237243652,0.38510502349158104,CVPF,soup_scene3,70,old
6773,16.04545021057129,0.38510502349158104,CVPF,soup_scene3,70,old
6774,16.047903776168823,0.38510502349158104,CVPF,soup_scene3,70,old
6775,16.05014419555664,0.38510502349158104,CVPF,soup_scene3,70,old
6776,16.05258560180664,0.38733305368102755,CVPF,soup_scene3,70,old
6777,16.054816246032715,0.38733305368102755,CVPF,soup_scene3,70,old
6778,16.057098150253296,0.38733305368102755,CVPF,soup_scene3,70,old
6779,16.059488773345947,0.38733305368102755,CVPF,soup_scene3,70,old
6780,16.061846017837524,0.3873967367537179,CVPF,soup_scene3,70,old
6781,16.064305782318115,0.3879052768684616,CVPF,soup_scene3,70,old
6782,16.066519498825073,0.3879052768684616,CVPF,soup_scene3,70,old
6783,16.068974018096924,0.3879052768684616,CVPF,soup_scene3,70,old
6784,16.07123112678528,0.3879052768684616,CVPF,soup_scene3,70,old
6785,16.073416233062744,0.3879052768684616,CVPF,soup_scene3,70,old
6786,16.075806140899658,0.3878164840790333,CVPF,soup_scene3,70,old
6787,16.078277587890625,0.38559227285544756,CVPF,soup_scene3,70,old
6788,16.080636501312256,0.38559227285544756,CVPF,soup_scene3,70,old
6789,16.08283233642578,0.38559227285544756,CVPF,soup_scene3,70,old
6790,16.08512830734253,0.38743297169705737,CVPF,soup_scene3,70,old
6791,16.087422847747803,0.38743297169705737,CVPF,soup_scene3,70,old
6792,16.08976173400879,0.38743297169705737,CVPF,soup_scene3,70,old
6793,16.092161178588867,0.38743297169705737,CVPF,soup_scene3,70,old
6794,16.094428062438965,0.38743297169705737,CVPF,soup_scene3,70,old
6795,16.09682035446167,0.3874191281284878,CVPF,soup_scene3,70,old
6796,16.09927773475647,0.3872806760292155,CVPF,soup_scene3,70,old
6797,16.101811408996582,0.3872806760292155,CVPF,soup_scene3,70,old
6798,16.104480981826782,0.38587215617847537,CVPF,soup_scene3,70,old
6799,16.10705256462097,0.3861101120395808,CVPF,soup_scene3,70,old
6800,16.109628200531006,0.3870064393790613,CVPF,soup_scene3,70,old
6801,16.11248230934143,0.388704026040506,CVPF,soup_scene3,70,old
6802,16.115743398666382,0.388704026040506,CVPF,soup_scene3,70,old
6803,16.118862867355347,0.3890352783558793,CVPF,soup_scene3,70,old
6804,16.12213134765625,0.38967971787817973,CVPF,soup_scene3,70,old
6805,16.1252920627594,0.38699813843574166,CVPF,soup_scene3,70,old
6806,16.128512382507324,0.38765102733787854,CVPF,soup_scene3,70,old
6807,16.13171887397766,0.38765102733787854,CVPF,soup_scene3,70,old
6808,16.134936809539795,0.38862250535943643,CVPF,soup_scene3,70,old
6809,16.138288021087646,0.3879520753833108,CVPF,soup_scene3,70,old
6810,16.14265251159668,2.1039675231258474,CVPF,soup_scene3,70,old
6811,16.145936489105225,2.1055048162141374,CVPF,soup_scene3,70,old
6812,16.14913845062256,2.1065064046166535,CVPF,soup_scene3,70,old
6813,16.152446746826172,2.103859260145952,CVPF,soup_scene3,70,old
6814,16.155598402023315,2.103859260145952,CVPF,soup_scene3,70,old
6815,16.15864062309265,2.1043558428158256,CVPF,soup_scene3,70,old
6816,16.16183876991272,2.1041250056486196,CVPF,soup_scene3,70,old
6817,16.164429664611816,2.1041250056486196,CVPF,soup_scene3,70,old
6818,16.16672372817993,2.1041250056486196,CVPF,soup_scene3,70,old
6819,16.16915225982666,2.103062280120374,CVPF,soup_scene3,70,old
6820,16.171589374542236,2.103062280120374,CVPF,soup_scene3,70,old
6821,16.17380976676941,2.103062280120374,CVPF,soup_scene3,70,old
6822,16.176166534423828,2.1066938469328793,CVPF,soup_scene3,70,old
6823,16.178577661514282,2.1066938469328793,CVPF,soup_scene3,70,old
6824,16.18116593360901,2.1066938469328793,CVPF,soup_scene3,70,old
6825,16.183398246765137,2.1066938469328793,CVPF,soup_scene3,70,old
6826,16.185848236083984,2.103834313128975,CVPF,soup_scene3,70,old
6827,16.188202619552612,2.103834313128975,CVPF,soup_scene3,70,old
6828,16.190481185913086,2.103834313128975,CVPF,soup_scene3,70,old
6829,16.192873239517212,2.1040078430453963,CVPF,soup_scene3,70,old
6830,16.195263624191284,2.1041346507868117,CVPF,soup_scene3,70,old
6831,16.197572946548462,2.1041346507868117,CVPF,soup_scene3,70,old
6832,16.199925661087036,2.1041346507868117,CVPF,soup_scene3,70,old
6833,16.20230984687805,2.1018202465357,CVPF,soup_scene3,70,old
6834,16.204829692840576,2.1018202465357,CVPF,soup_scene3,70,old
6835,16.207236528396606,2.1018202465357,CVPF,soup_scene3,70,old
6836,16.209808349609375,2.10304029755457,CVPF,soup_scene3,70,old
6837,16.212425231933594,2.10304029755457,CVPF,soup_scene3,70,old
6838,16.21488356590271,2.10304029755457,CVPF,soup_scene3,70,old
6839,16.217371463775635,2.102827518197647,CVPF,soup_scene3,70,old
6840,16.220004320144653,2.1040799453701506,CVPF,soup_scene3,70,old
6841,16.22238802909851,2.1040799453701506,CVPF,soup_scene3,70,old
6842,16.224661588668823,2.1040799453701506,CVPF,soup_scene3,70,old
6843,16.22734260559082,2.1021274117722704,CVPF,soup_scene3,70,old
6844,16.22986364364624,2.1021274117722704,CVPF,soup_scene3,70,old
6845,16.23208475112915,2.1021274117722704,CVPF,soup_scene3,70,old
6846,16.234378576278687,2.1021274117722704,CVPF,soup_scene3,70,old
6847,16.23698139190674,2.1015432473488875,CVPF,soup_scene3,70,old
6848,16.23915433883667,2.1015432473488875,CVPF,soup_scene3,70,old
6849,16.241427183151245,2.1015432473488875,CVPF,soup_scene3,70,old
6850,16.243935585021973,2.1019288016231243,CVPF,soup_scene3,70,old
6851,16.24653434753418,2.1019288016231243,CVPF,soup_scene3,70,old
6852,16.24873924255371,2.1019288016231243,CVPF,soup_scene3,70,old
6853,16.251178741455078,2.105738957944034,CVPF,soup_scene3,70,old
6854,16.253602981567383,2.105738957944034,CVPF,soup_scene3,70,old
6855,16.255908489227295,2.105738957944034,CVPF,soup_scene3,70,old
6856,16.25809645652771,2.105738957944034,CVPF,soup_scene3,70,old
6857,16.260895490646362,2.104269690638427,CVPF,soup_scene3,70,old
6858,16.263288497924805,2.104269690638427,CVPF,soup_scene3,70,old
6859,16.265597581863403,2.104269690638427,CVPF,soup_scene3,70,old
6860,16.267948865890503,2.104269690638427,CVPF,soup_scene3,70,old
6861,16.27090358734131,2.103684449928157,CVPF,soup_scene3,70,old
6862,16.274022579193115,2.103684449928157,CVPF,soup_scene3,70,old
6863,16.27718949317932,2.1040180399042585,CVPF,soup_scene3,70,old
6864,16.280529022216797,2.103400732209485,CVPF,soup_scene3,70,old
6865,16.283512830734253,2.103400732209485,CVPF,soup_scene3,70,old
6866,16.28675365447998,2.1011732290523013,CVPF,soup_scene3,70,old
6867,16.29005193710327,2.1011732290523013,CVPF,soup_scene3,70,old
6868,16.29321050643921,2.102655112651413,CVPF,soup_scene3,70,old
6869,16.296355485916138,2.102655112651413,CVPF,soup_scene3,70,old
6870,16.299443006515503,2.102655112651413,CVPF,soup_scene3,70,old
6871,16.303274869918823,1.5857456775505376,CVPF,soup_scene3,70,old
6872,16.306301832199097,1.5857456775505376,CVPF,soup_scene3,70,old
6873,16.309385538101196,1.5857930112993648,CVPF,soup_scene3,70,old
6874,16.312718152999878,1.586634822755495,CVPF,soup_scene3,70,old
6875,16.315667390823364,1.586634822755495,CVPF,soup_scene3,70,old
6876,16.318760871887207,1.5870035681859056,CVPF,soup_scene3,70,old
6877,16.321922540664673,1.5870035681859056,CVPF,soup_scene3,70,old
6878,16.32485795021057,1.5870035681859056,CVPF,soup_scene3,70,old
6879,16.32784938812256,1.5851475093217653,CVPF,soup_scene3,70,old
6880,16.330425262451172,1.5851475093217653,CVPF,soup_scene3,70,old
6881,16.33277940750122,1.5851475093217653,CVPF,soup_scene3,70,old
6882,16.335365533828735,1.5848177643882275,CVPF,soup_scene3,70,old
6883,16.337990522384644,1.5848177643882275,CVPF,soup_scene3,70,old
6884,16.340465307235718,1.5848177643882275,CVPF,soup_scene3,70,old
6885,16.34298276901245,1.582824948413152,CVPF,soup_scene3,70,old
6886,16.34573793411255,1.582824948413152,CVPF,soup_scene3,70,old
6887,16.34808874130249,1.582824948413152,CVPF,soup_scene3,70,old
6888,16.350508451461792,1.582824948413152,CVPF,soup_scene3,70,old
6889,16.353116989135742,1.5846485826441388,CVPF,soup_scene3,70,old
6890,16.35546898841858,1.5846485826441388,CVPF,soup_scene3,70,old
6891,16.35771083831787,1.5846485826441388,CVPF,soup_scene3,70,old
6892,16.360190629959106,1.5846485826441388,CVPF,soup_scene3,70,old
6893,16.3624849319458,1.5846485826441388,CVPF,soup_scene3,70,old
6894,16.365248203277588,1.5842114715353883,CVPF,soup_scene3,70,old
6895,16.367496252059937,1.5842114715353883,CVPF,soup_scene3,70,old
6896,16.36973237991333,1.5842114715353883,CVPF,soup_scene3,70,old
6897,16.37220549583435,1.5842114715353883,CVPF,soup_scene3,70,old
6898,16.374531030654907,1.5842114715353883,CVPF,soup_scene3,70,old
6899,16.37680411338806,1.5842114715353883,CVPF,soup_scene3,70,old
6900,16.37973117828369,1.5843689544680064,CVPF,soup_scene3,70,old
6901,16.3822979927063,1.5863415355045811,CVPF,soup_scene3,70,old
6902,16.38465690612793,1.5863415355045811,CVPF,soup_scene3,70,old
6903,16.38690209388733,1.5863415355045811,CVPF,soup_scene3,70,old
6904,16.38939595222473,1.5864892301796276,CVPF,soup_scene3,70,old
6905,16.391701221466064,1.5864892301796276,CVPF,soup_scene3,70,old
6906,16.39400839805603,1.5864892301796276,CVPF,soup_scene3,70,old
6907,16.396479606628418,1.5864892301796276,CVPF,soup_scene3,70,old
6908,16.398808002471924,1.5865604830035123,CVPF,soup_scene3,70,old
6909,16.401082038879395,1.5865604830035123,CVPF,soup_scene3,70,old
6910,16.40345788002014,1.587045239091978,CVPF,soup_scene3,70,old
6911,16.406113862991333,1.587045239091978,CVPF,soup_scene3,70,old
6912,16.408409595489502,1.587045239091978,CVPF,soup_scene3,70,old
6913,16.410643100738525,1.587045239091978,CVPF,soup_scene3,70,old
6914,16.41313147544861,1.5870822215161757,CVPF,soup_scene3,70,old
6915,16.415717363357544,1.5862728451698684,CVPF,soup_scene3,70,old
6916,16.418174028396606,1.5862728451698684,CVPF,soup_scene3,70,old
6917,16.420708179473877,1.5862728451698684,CVPF,soup_scene3,70,old
6918,16.423154592514038,1.5862163700731493,CVPF,soup_scene3,70,old
6919,16.42546248435974,1.5862163700731493,CVPF,soup_scene3,70,old
6920,16.427841901779175,1.5877429312071607,CVPF,soup_scene3,70,old
6921,16.43016505241394,1.5877429312071607,CVPF,soup_scene3,70,old
6922,16.43244481086731,1.587741220483787,CVPF,soup_scene3,70,old
6923,16.434915781021118,1.5854293738810394,CVPF,soup_scene3,70,old
6924,16.437255382537842,1.5854293738810394,CVPF,soup_scene3,70,old
6925,16.439595699310303,1.5854293738810394,CVPF,soup_scene3,70,old
6926,16.44239091873169,1.5854293738810394,CVPF,soup_scene3,70,old
6927,16.444836616516113,1.5854293738810394,CVPF,soup_scene3,70,old
6928,16.447608947753906,1.5887581322220168,CVPF,soup_scene3,70,old
6929,16.45009994506836,1.5887581322220168,CVPF,soup_scene3,70,old
6930,16.452557802200317,1.5887581322220168,CVPF,soup_scene3,70,old
6931,16.454923629760742,1.5887581322220168,CVPF,soup_scene3,70,old
6932,16.457307815551758,1.5884732554164955,CVPF,soup_scene3,70,old
6933,16.45960521697998,1.5884732554164955,CVPF,soup_scene3,70,old
6934,16.461848974227905,1.5884732554164955,CVPF,soup_scene3,70,old
6935,16.464289665222168,1.5884732554164955,CVPF,soup_scene3,70,old
6936,16.466687202453613,1.588464043457388,CVPF,soup_scene3,70,old
6937,16.46920418739319,1.588464043457388,CVPF,soup_scene3,70,old
6938,16.471636295318604,1.588905704418912,CVPF,soup_scene3,70,old
6939,16.47426986694336,1.588905704418912,CVPF,soup_scene3,70,old
6940,16.477050304412842,0.8957758982681064,CVPF,soup_scene3,70,old
6941,16.479618072509766,0.8957901652514129,CVPF,soup_scene3,70,old
6942,16.48221206665039,0.8960058345444651,CVPF,soup_scene3,70,old
6943,16.4846830368042,0.8960058345444651,CVPF,soup_scene3,70,old
6944,16.48689556121826,0.8960058345444651,CVPF,soup_scene3,70,old
6945,16.489305019378662,0.8960058345444651,CVPF,soup_scene3,70,old
6946,16.491707801818848,0.8959891454504293,CVPF,soup_scene3,70,old
6947,16.49417781829834,0.896706750778186,CVPF,soup_scene3,70,old
6948,16.496737003326416,0.896706750778186,CVPF,soup_scene3,70,old
6949,16.499098300933838,0.8966579836815193,CVPF,soup_scene3,70,old
6950,16.501493215560913,0.8966579836815193,CVPF,soup_scene3,70,old
6951,16.503928899765015,0.8962925258482477,CVPF,soup_scene3,70,old
6952,16.50629687309265,0.8962925258482477,CVPF,soup_scene3,70,old
6953,16.508708953857422,0.8956915559395657,CVPF,soup_scene3,70,old
6954,16.51113986968994,0.8956915559395657,CVPF,soup_scene3,70,old
6955,16.513513565063477,0.8957738794785812,CVPF,soup_scene3,70,old
6956,16.515855312347412,0.8957738794785812,CVPF,soup_scene3,70,old
6957,16.51834225654602,0.8952244530978244,CVPF,soup_scene3,70,old
6958,16.520873546600342,0.8952244530978244,CVPF,soup_scene3,70,old
6959,16.52371311187744,0.8955095986205295,CVPF,soup_scene3,70,old
6960,16.526365280151367,0.8955102044048091,CVPF,soup_scene3,70,old
6961,16.5288565158844,0.8976385139527129,CVPF,soup_scene3,70,old
6962,16.53142523765564,0.8954312507083227,CVPF,soup_scene3,70,old
6963,16.533919095993042,0.8954312507083227,CVPF,soup_scene3,70,old
6964,16.536627054214478,0.8974140804015811,CVPF,soup_scene3,70,old
6965,16.53932237625122,0.8973930773741539,CVPF,soup_scene3,70,old
6966,16.541993856430054,0.8956366405405582,CVPF,soup_scene3,70,old
6967,16.544590711593628,0.8953404522226182,CVPF,soup_scene3,70,old
6968,16.54729461669922,0.8953404522226182,CVPF,soup_scene3,70,old
6969,16.549654006958008,0.8953404522226182,CVPF,soup_scene3,70,old
6970,16.55233931541443,0.8946837965579378,CVPF,soup_scene3,70,old
6971,16.554799795150757,0.8946837965579378,CVPF,soup_scene3,70,old
6972,16.557121515274048,0.8946837965579378,CVPF,soup_scene3,70,old
6973,16.5596284866333,0.894764789482357,CVPF,soup_scene3,70,old
6974,16.562127828598022,0.894764789482357,CVPF,soup_scene3,70,old
6975,16.5643470287323,0.894764789482357,CVPF,soup_scene3,70,old
6976,16.566723108291626,0.894764789482357,CVPF,soup_scene3,70,old
6977,16.569204568862915,0.8948190888766876,CVPF,soup_scene3,70,old
6978,16.57166838645935,0.8948190888766876,CVPF,soup_scene3,70,old
6979,16.57392406463623,0.8948190888766876,CVPF,soup_scene3,70,old
6980,16.5764741897583,0.8958230819179456,CVPF,soup_scene3,70,old
6981,16.579137802124023,0.8958230819179456,CVPF,soup_scene3,70,old
6982,16.581613779067993,0.8958230819179456,CVPF,soup_scene3,70,old
6983,16.584202527999878,0.8958204884195312,CVPF,soup_scene3,70,old
6984,16.586656093597412,0.8956299908636878,CVPF,soup_scene3,70,old
6985,16.589153289794922,0.8956299908636878,CVPF,soup_scene3,70,old
6986,16.591618061065674,0.8956299908636878,CVPF,soup_scene3,70,old
6987,16.594155073165894,0.8956267287473033,CVPF,soup_scene3,70,old
6988,16.5966579914093,0.8956267287473033,CVPF,soup_scene3,70,old
6989,16.59888792037964,0.8956267287473033,CVPF,soup_scene3,70,old
6990,16.60157322883606,0.8956234111405104,CVPF,soup_scene3,70,old
6991,16.604161500930786,0.8957160557005347,CVPF,soup_scene3,70,old
6992,16.606685638427734,0.8957160557005347,CVPF,soup_scene3,70,old
6993,16.6091468334198,0.8957099835954118,CVPF,soup_scene3,70,old
6994,16.61175227165222,0.8952918063863186,CVPF,soup_scene3,70,old
6995,16.615139484405518,2.8239267053501638,CVPF,soup_scene3,70,old
6996,16.61742377281189,2.8239267053501638,CVPF,soup_scene3,70,old
6997,16.619936227798462,2.823698726963273,CVPF,soup_scene3,70,old
6998,16.622354984283447,2.823698726963273,CVPF,soup_scene3,70,old
6999,16.62455463409424,2.823698726963273,CVPF,soup_scene3,70,old
7000,16.626940965652466,2.823547119268453,CVPF,soup_scene3,70,old
7001,16.629379510879517,2.823547119268453,CVPF,soup_scene3,70,old
7002,16.63170051574707,2.823547119268453,CVPF,soup_scene3,70,old
7003,16.634047269821167,2.8236741318889305,CVPF,soup_scene3,70,old
7004,16.636523246765137,2.8235811806106015,CVPF,soup_scene3,70,old
7005,16.63891053199768,2.8235811806106015,CVPF,soup_scene3,70,old
7006,16.64116907119751,2.8235811806106015,CVPF,soup_scene3,70,old
7007,16.64366126060486,2.823679932393448,CVPF,soup_scene3,70,old
7008,16.64600968360901,2.823679932393448,CVPF,soup_scene3,70,old
7009,16.6486759185791,2.823679932393448,CVPF,soup_scene3,70,old
7010,16.651281356811523,2.823675451115549,CVPF,soup_scene3,70,old
7011,16.65389633178711,2.8237044097063886,CVPF,soup_scene3,70,old
7012,16.65632700920105,2.8237044097063886,CVPF,soup_scene3,70,old
7013,16.65870499610901,2.8237044097063886,CVPF,soup_scene3,70,old
7014,16.66129469871521,2.8235026722268146,CVPF,soup_scene3,70,old
7015,16.66381812095642,2.8235026722268146,CVPF,soup_scene3,70,old
7016,16.66607975959778,2.8235026722268146,CVPF,soup_scene3,70,old
7017,16.668630599975586,2.8229030369842856,CVPF,soup_scene3,70,old
7018,16.6711688041687,2.82348834852604,CVPF,soup_scene3,70,old
7019,16.673527479171753,2.82348834852604,CVPF,soup_scene3,70,old
7020,16.676061630249023,2.823911529344248,CVPF,soup_scene3,70,old
7021,16.67856740951538,2.823911529344248,CVPF,soup_scene3,70,old
7022,16.681039571762085,2.823911529344248,CVPF,soup_scene3,70,old
7023,16.683464765548706,2.823911529344248,CVPF,soup_scene3,70,old
7024,16.686031341552734,2.823982227668281,CVPF,soup_scene3,70,old
7025,16.688438177108765,2.823982227668281,CVPF,soup_scene3,70,old
7026,16.690635919570923,2.823982227668281,CVPF,soup_scene3,70,old
7027,16.693204879760742,2.8237228515678376,CVPF,soup_scene3,70,old
7028,16.695815324783325,2.8238140930048883,CVPF,soup_scene3,70,old
7029,16.69806742668152,2.8238140930048883,CVPF,soup_scene3,70,old
7030,16.700294494628906,2.8238140930048883,CVPF,soup_scene3,70,old
7031,16.702927589416504,2.8236744782757697,CVPF,soup_scene3,70,old
7032,16.705376863479614,2.8236744782757697,CVPF,soup_scene3,70,old
7033,16.707629203796387,2.8236744782757697,CVPF,soup_scene3,70,old
7034,16.710082292556763,2.8240615559061677,CVPF,soup_scene3,70,old
7035,16.712713956832886,2.8240615559061677,CVPF,soup_scene3,70,old
7036,16.715024709701538,2.8240615559061677,CVPF,soup_scene3,70,old
7037,16.71735715866089,2.8240615559061677,CVPF,soup_scene3,70,old
7038,16.71988558769226,2.823396496927804,CVPF,soup_scene3,70,old
7039,16.722177267074585,2.823396496927804,CVPF,soup_scene3,70,old
7040,16.724437713623047,2.823396496927804,CVPF,soup_scene3,70,old
7041,16.72683548927307,2.8236901852131076,CVPF,soup_scene3,70,old
7042,16.729193449020386,2.8236901852131076,CVPF,soup_scene3,70,old
7043,16.73139524459839,2.8236901852131076,CVPF,soup_scene3,70,old
7044,16.73465132713318,2.823607580559991,CVPF,soup_scene3,70,old
7045,16.738208532333374,2.823607580559991,CVPF,soup_scene3,70,old
7046,16.74175190925598,2.8236249696684776,CVPF,soup_scene3,70,old
7047,16.745627641677856,2.823660970405081,CVPF,soup_scene3,70,old
7048,16.7490713596344,2.823660970405081,CVPF,soup_scene3,70,old
7049,16.752580642700195,2.8236632809988573,CVPF,soup_scene3,70,old
7050,16.756030559539795,2.8236632809988573,CVPF,soup_scene3,70,old
7051,16.759855270385742,2.8237513881785823,CVPF,soup_scene3,70,old
7052,16.763211965560913,2.8240218379888415,CVPF,soup_scene3,70,old
7053,16.766205072402954,2.8240218379888415,CVPF,soup_scene3,70,old
7054,16.769411087036133,2.8236644870897405,CVPF,soup_scene3,70,old
7055,16.772584676742554,2.8236644870897405,CVPF,soup_scene3,70,old
7056,16.77565884590149,2.823688937697568,CVPF,soup_scene3,70,old
7057,16.77882671356201,2.8237681074666194,CVPF,soup_scene3,70,old
7058,16.781874656677246,2.8237681074666194,CVPF,soup_scene3,70,old
7059,16.78594660758972,0.2984379548788251,CVPF,soup_scene3,70,old
7060,16.789071083068848,0.2984379548788251,CVPF,soup_scene3,70,old
7061,16.79215955734253,0.2984712231050004,CVPF,soup_scene3,70,old
7062,16.795299768447876,0.2983628728928765,CVPF,soup_scene3,70,old
7063,16.798452854156494,0.2983628728928765,CVPF,soup_scene3,70,old
7064,16.801715850830078,0.29841056548759376,CVPF,soup_scene3,70,old
7065,16.804901838302612,0.29841056548759376,CVPF,soup_scene3,70,old
7066,16.80797266960144,0.29841056548759376,CVPF,soup_scene3,70,old
7067,16.81117296218872,0.29839384766697086,CVPF,soup_scene3,70,old
7068,16.813640594482422,0.29839384766697086,CVPF,soup_scene3,70,old
7069,16.81587553024292,0.29839384766697086,CVPF,soup_scene3,70,old
7070,16.818225622177124,0.2987238199456248,CVPF,soup_scene3,70,old
7071,16.82064700126648,0.2987238199456248,CVPF,soup_scene3,70,old
7072,16.82296872138977,0.2987238199456248,CVPF,soup_scene3,70,old
7073,16.82532000541687,0.29869775186153785,CVPF,soup_scene3,70,old
7074,16.827701568603516,0.2988600259141382,CVPF,soup_scene3,70,old
7075,16.83008050918579,0.2988600259141382,CVPF,soup_scene3,70,old
7076,16.832330226898193,0.2988600259141382,CVPF,soup_scene3,70,old
7077,16.83469533920288,0.2991191611647846,CVPF,soup_scene3,70,old
7078,16.83728289604187,0.2985073809452911,CVPF,soup_scene3,70,old
7079,16.839544773101807,0.2985073809452911,CVPF,soup_scene3,70,old
7080,16.84174680709839,0.2985073809452911,CVPF,soup_scene3,70,old
7081,16.84430956840515,0.29873494405494916,CVPF,soup_scene3,70,old
7082,16.84674382209778,0.29873494405494916,CVPF,soup_scene3,70,old
7083,16.848990201950073,0.29873494405494916,CVPF,soup_scene3,70,old
7084,16.851277351379395,0.29793430567256207,CVPF,soup_scene3,70,old
7085,16.853774547576904,0.29788725453338893,CVPF,soup_scene3,70,old
7086,16.856200695037842,0.29788725453338893,CVPF,soup_scene3,70,old
7087,16.858493328094482,0.2986785433429491,CVPF,soup_scene3,70,old
7088,16.86104130744934,0.2989643919468887,CVPF,soup_scene3,70,old
7089,16.86344623565674,0.2989643919468887,CVPF,soup_scene3,70,old
7090,16.865662336349487,0.2989643919468887,CVPF,soup_scene3,70,old
7091,16.86828303337097,0.29863675300866704,CVPF,soup_scene3,70,old
7092,16.87069797515869,0.29863675300866704,CVPF,soup_scene3,70,old
7093,16.87305974960327,0.29863675300866704,CVPF,soup_scene3,70,old
7094,16.875340700149536,0.2986656073207488,CVPF,soup_scene3,70,old
7095,16.87774658203125,0.29878724970780146,CVPF,soup_scene3,70,old
7096,16.880332946777344,0.29878724970780146,CVPF,soup_scene3,70,old
7097,16.88255023956299,0.29878724970780146,CVPF,soup_scene3,70,old
7098,16.88525080680847,0.2979848031931401,CVPF,soup_scene3,70,old
7099,16.887506008148193,0.2979908740624145,CVPF,soup_scene3,70,old
7100,16.889796257019043,0.2979908740624145,CVPF,soup_scene3,70,old
7101,16.89211416244507,0.2987645625031903,CVPF,soup_scene3,70,old
7102,16.89444923400879,0.2986471747332239,CVPF,soup_scene3,70,old
7103,16.896662950515747,0.2986471747332239,CVPF,soup_scene3,70,old
7104,16.89888334274292,0.2986471747332239,CVPF,soup_scene3,70,old
7105,16.90132451057434,0.29852582564561364,CVPF,soup_scene3,70,old
7106,16.903910636901855,0.29852582564561364,CVPF,soup_scene3,70,old
7107,16.906238794326782,0.29852582564561364,CVPF,soup_scene3,70,old
7108,16.908623933792114,0.29852894513667977,CVPF,soup_scene3,70,old
7109,16.911020755767822,0.29836987984488694,CVPF,soup_scene3,70,old
7110,16.913615465164185,0.29836987984488694,CVPF,soup_scene3,70,old
7111,16.915833711624146,0.29836987984488694,CVPF,soup_scene3,70,old
7112,16.918304920196533,0.298189199169332,CVPF,soup_scene3,70,old
7113,16.920703649520874,0.298189199169332,CVPF,soup_scene3,70,old
7114,16.92318344116211,0.298189199169332,CVPF,soup_scene3,70,old
7115,16.92572045326233,0.29816222491903516,CVPF,soup_scene3,70,old
7116,16.92816185951233,0.29850395423775394,CVPF,soup_scene3,70,old
7117,16.93059992790222,0.29850395423775394,CVPF,soup_scene3,70,old
7118,16.933072090148926,0.29850395423775394,CVPF,soup_scene3,70,old
7119,16.93561363220215,0.2972388623064025,CVPF,soup_scene3,70,old
7120,16.938103914260864,0.2972388623064025,CVPF,soup_scene3,70,old
7121,16.94052505493164,0.2972388623064025,CVPF,soup_scene3,70,old
7122,16.942861318588257,0.2980523668465132,CVPF,soup_scene3,70,old
7123,16.94552993774414,0.2979012589835553,CVPF,soup_scene3,70,old
7124,16.948007106781006,0.2979012589835553,CVPF,soup_scene3,70,old
7125,16.951431274414062,2.2156030048264124,CVPF,soup_scene3,70,old
7126,16.95395827293396,2.2156030048264124,CVPF,soup_scene3,70,old
7127,16.956395864486694,2.2156030048264124,CVPF,soup_scene3,70,old
7128,16.958685159683228,2.215566233081482,CVPF,soup_scene3,70,old
7129,16.961084604263306,2.2154714538494598,CVPF,soup_scene3,70,old
7130,16.963422060012817,2.2154714538494598,CVPF,soup_scene3,70,old
7131,16.96568202972412,2.2154714538494598,CVPF,soup_scene3,70,old
7132,16.968149423599243,2.2154500769023735,CVPF,soup_scene3,70,old
7133,16.970627784729004,2.2158546623802824,CVPF,soup_scene3,70,old
7134,16.97287392616272,2.2158546623802824,CVPF,soup_scene3,70,old
7135,16.97512650489807,2.2158546623802824,CVPF,soup_scene3,70,old
7136,16.977612018585205,2.21648353442088,CVPF,soup_scene3,70,old
7137,16.98009419441223,2.21648353442088,CVPF,soup_scene3,70,old
7138,16.982439041137695,2.21648353442088,CVPF,soup_scene3,70,old
7139,16.9847993850708,2.2162148415094927,CVPF,soup_scene3,70,old
7140,16.987319707870483,2.216683694471314,CVPF,soup_scene3,70,old
7141,16.989539623260498,2.216683694471314,CVPF,soup_scene3,70,old
7142,16.992022037506104,2.216949636516617,CVPF,soup_scene3,70,old
7143,16.99447751045227,2.2152726044367013,CVPF,soup_scene3,70,old
7144,16.996812105178833,2.2152726044367013,CVPF,soup_scene3,70,old
7145,16.99918031692505,2.2152726044367013,CVPF,soup_scene3,70,old
7146,17.00167465209961,2.2152887028197585,CVPF,soup_scene3,70,old
7147,17.004175901412964,2.215307920297609,CVPF,soup_scene3,70,old
7148,17.006526947021484,2.215307920297609,CVPF,soup_scene3,70,old
7149,17.008965730667114,2.215308491225079,CVPF,soup_scene3,70,old
7150,17.01143980026245,2.2150258477544744,CVPF,soup_scene3,70,old
7151,17.013834953308105,2.2150258477544744,CVPF,soup_scene3,70,old
7152,17.016078233718872,2.2150258477544744,CVPF,soup_scene3,70,old
7153,17.01853108406067,2.215082851005153,CVPF,soup_scene3,70,old
7154,17.02086853981018,2.215082851005153,CVPF,soup_scene3,70,old
7155,17.02294421195984,2.215082851005153,CVPF,soup_scene3,70,old
7156,17.025304794311523,2.2147820087347756,CVPF,soup_scene3,70,old
7157,17.027735233306885,2.2177154950015328,CVPF,soup_scene3,70,old
7158,17.03008460998535,2.2177154950015328,CVPF,soup_scene3,70,old
7159,17.03228259086609,2.2177154950015328,CVPF,soup_scene3,70,old
7160,17.03472375869751,2.2171750592259407,CVPF,soup_scene3,70,old
7161,17.037066221237183,2.2171750592259407,CVPF,soup_scene3,70,old
7162,17.0392804145813,2.2171750592259407,CVPF,soup_scene3,70,old
7163,17.041513442993164,2.2171750592259407,CVPF,soup_scene3,70,old
7164,17.043966054916382,2.2159851438724743,CVPF,soup_scene3,70,old
7165,17.046449422836304,2.2159851438724743,CVPF,soup_scene3,70,old
7166,17.048702478408813,2.2159851438724743,CVPF,soup_scene3,70,old
7167,17.05117893218994,2.216258124875079,CVPF,soup_scene3,70,old
7168,17.05353331565857,2.216071949834151,CVPF,soup_scene3,70,old
7169,17.055869817733765,2.216071949834151,CVPF,soup_scene3,70,old
7170,17.05850100517273,2.216071949834151,CVPF,soup_scene3,70,old
7171,17.060998678207397,2.217052037694882,CVPF,soup_scene3,70,old
7172,17.06333827972412,2.217052037694882,CVPF,soup_scene3,70,old
7173,17.065778493881226,2.217052037694882,CVPF,soup_scene3,70,old
7174,17.068341493606567,2.217559281966792,CVPF,soup_scene3,70,old
7175,17.07089138031006,2.217559281966792,CVPF,soup_scene3,70,old
7176,17.0732684135437,2.217559281966792,CVPF,soup_scene3,70,old
7177,17.075820207595825,2.2185480750773885,CVPF,soup_scene3,70,old
7178,17.078291654586792,2.2185480750773885,CVPF,soup_scene3,70,old
7179,17.08091688156128,2.2185480750773885,CVPF,soup_scene3,70,old
7180,17.08325695991516,2.2185480750773885,CVPF,soup_scene3,70,old
7181,17.085872650146484,2.2201543782834,CVPF,soup_scene3,70,old
7182,17.088407039642334,2.2201543782834,CVPF,soup_scene3,70,old
7183,17.090636491775513,2.2201543782834,CVPF,soup_scene3,70,old
7184,17.092965841293335,2.219884414271806,CVPF,soup_scene3,70,old
7185,17.096149444580078,1.454710671510182,CVPF,soup_scene3,70,old
7186,17.09860849380493,1.454710671510182,CVPF,soup_scene3,70,old
7187,17.101032972335815,1.4544307787578132,CVPF,soup_scene3,70,old
7188,17.103527545928955,1.45614997171287,CVPF,soup_scene3,70,old
7189,17.10597825050354,1.45614997171287,CVPF,soup_scene3,70,old
7190,17.10825753211975,1.45614997171287,CVPF,soup_scene3,70,old
7191,17.110649824142456,1.4560140626630318,CVPF,soup_scene3,70,old
7192,17.11324453353882,1.4560140626630318,CVPF,soup_scene3,70,old
7193,17.115723848342896,1.4560140626630318,CVPF,soup_scene3,70,old
7194,17.118098974227905,1.456461769071864,CVPF,soup_scene3,70,old
7195,17.120307683944702,1.456461769071864,CVPF,soup_scene3,70,old
7196,17.12252974510193,1.456461769071864,CVPF,soup_scene3,70,old
7197,17.124825477600098,1.456461769071864,CVPF,soup_scene3,70,old
7198,17.127179861068726,1.4522070340848705,CVPF,soup_scene3,70,old
7199,17.129436254501343,1.4522070340848705,CVPF,soup_scene3,70,old
7200,17.131739139556885,1.4522070340848705,CVPF,soup_scene3,70,old
7201,17.13404870033264,1.4522388547041105,CVPF,soup_scene3,70,old
7202,17.136719703674316,1.4541391673553132,CVPF,soup_scene3,70,old
7203,17.139384031295776,1.4541391673553132,CVPF,soup_scene3,70,old
7204,17.14164423942566,1.4541391673553132,CVPF,soup_scene3,70,old
7205,17.144104957580566,1.4524865040270765,CVPF,soup_scene3,70,old
7206,17.1467125415802,1.4524865040270765,CVPF,soup_scene3,70,old
7207,17.149072647094727,1.4524865040270765,CVPF,soup_scene3,70,old
7208,17.15148663520813,1.4521754223772456,CVPF,soup_scene3,70,old
7209,17.153977632522583,1.4497514078997815,CVPF,soup_scene3,70,old
7210,17.156372547149658,1.4497514078997815,CVPF,soup_scene3,70,old
7211,17.15871024131775,1.4500221701704952,CVPF,soup_scene3,70,old
7212,17.161128044128418,1.4500221701704952,CVPF,soup_scene3,70,old
7213,17.163525581359863,1.4495651971716006,CVPF,soup_scene3,70,old
7214,17.16587543487549,1.4495651971716006,CVPF,soup_scene3,70,old
7215,17.168310165405273,1.4495651971716006,CVPF,soup_scene3,70,old
7216,17.170615911483765,1.4495651971716006,CVPF,soup_scene3,70,old
7217,17.17302107810974,1.4487364587506644,CVPF,soup_scene3,70,old
7218,17.175509929656982,1.448097509342353,CVPF,soup_scene3,70,old
7219,17.177796363830566,1.448097509342353,CVPF,soup_scene3,70,old
7220,17.180365562438965,1.448097509342353,CVPF,soup_scene3,70,old
7221,17.18261957168579,1.448097509342353,CVPF,soup_scene3,70,old
7222,17.185033321380615,1.4486313355954383,CVPF,soup_scene3,70,old
7223,17.187342882156372,1.4488994912918134,CVPF,soup_scene3,70,old
7224,17.189841747283936,1.4488994912918134,CVPF,soup_scene3,70,old
7225,17.19219136238098,1.4490210683206515,CVPF,soup_scene3,70,old
7226,17.194390773773193,1.4490210683206515,CVPF,soup_scene3,70,old
7227,17.19705319404602,1.4477174622652011,CVPF,soup_scene3,70,old
7228,17.199477672576904,1.4477174622652011,CVPF,soup_scene3,70,old
7229,17.20184326171875,1.4477174622652011,CVPF,soup_scene3,70,old
7230,17.204227924346924,1.4477174622652011,CVPF,soup_scene3,70,old
7231,17.206608295440674,1.4478981288013983,CVPF,soup_scene3,70,old
7232,17.20895552635193,1.448700550264756,CVPF,soup_scene3,70,old
7233,17.211286783218384,1.448700550264756,CVPF,soup_scene3,70,old
7234,17.213898181915283,1.448700550264756,CVPF,soup_scene3,70,old
7235,17.216238260269165,1.448700550264756,CVPF,soup_scene3,70,old
7236,17.218578577041626,1.44838514521848,CVPF,soup_scene3,70,old
7237,17.22119688987732,1.4478253711723088,CVPF,soup_scene3,70,old
7238,17.22375726699829,1.4478253711723088,CVPF,soup_scene3,70,old
7239,17.22611713409424,1.4478500664614833,CVPF,soup_scene3,70,old
7240,17.22862696647644,1.446676448051785,CVPF,soup_scene3,70,old
7241,17.231016635894775,1.446676448051785,CVPF,soup_scene3,70,old
7242,17.233386993408203,1.446676448051785,CVPF,soup_scene3,70,old
7243,17.235735416412354,1.446676448051785,CVPF,soup_scene3,70,old
7244,17.23801898956299,1.446676448051785,CVPF,soup_scene3,70,old
7245,17.24058747291565,1.4476177321847619,CVPF,soup_scene3,70,old
7246,17.24285864830017,1.4476177321847619,CVPF,soup_scene3,70,old
7247,17.24523377418518,1.4476177321847619,CVPF,soup_scene3,70,old
7248,17.247540712356567,1.4476177321847619,CVPF,soup_scene3,70,old
7249,17.24984073638916,1.4476150713867586,CVPF,soup_scene3,70,old
7250,17.252208471298218,1.4466737604356474,CVPF,soup_scene3,70,old
7251,17.254403591156006,1.4466737604356474,CVPF,soup_scene3,70,old
7252,17.257380485534668,1.0486889540309832,CVPF,soup_scene3,70,old
7253,17.259640216827393,1.0486889540309832,CVPF,soup_scene3,70,old
7254,17.261846780776978,1.0486889540309832,CVPF,soup_scene3,70,old
7255,17.26437211036682,1.04776622937683,CVPF,soup_scene3,70,old
7256,17.26700186729431,1.04776622937683,CVPF,soup_scene3,70,old
7257,17.26938819885254,1.04776622937683,CVPF,soup_scene3,70,old
7258,17.27173948287964,1.04776622937683,CVPF,soup_scene3,70,old
7259,17.274131059646606,1.0481088274670316,CVPF,soup_scene3,70,old
7260,17.276495456695557,1.0494216689220075,CVPF,soup_scene3,70,old
7261,17.278766632080078,1.0494216689220075,CVPF,soup_scene3,70,old
7262,17.281239986419678,1.0494216689220075,CVPF,soup_scene3,70,old
7263,17.283484935760498,1.0494216689220075,CVPF,soup_scene3,70,old
7264,17.285953760147095,1.0519654469065547,CVPF,soup_scene3,70,old
7265,17.28818988800049,1.0519654469065547,CVPF,soup_scene3,70,old
7266,17.290429830551147,1.0519654469065547,CVPF,soup_scene3,70,old
7267,17.292780876159668,1.0519654469065547,CVPF,soup_scene3,70,old
7268,17.295100927352905,1.0519654469065547,CVPF,soup_scene3,70,old
7269,17.297584056854248,1.0499534659565757,CVPF,soup_scene3,70,old
7270,17.300109148025513,1.0517002409346778,CVPF,soup_scene3,70,old
7271,17.30247664451599,1.0517002409346778,CVPF,soup_scene3,70,old
7272,17.304949522018433,1.0512233167780947,CVPF,soup_scene3,70,old
7273,17.30756640434265,1.0512233167780947,CVPF,soup_scene3,70,old
7274,17.310103178024292,1.0512808010640415,CVPF,soup_scene3,70,old
7275,17.312556982040405,1.0500213618790029,CVPF,soup_scene3,70,old
7276,17.315040588378906,1.0495829300658768,CVPF,soup_scene3,70,old
7277,17.317482233047485,1.0495829300658768,CVPF,soup_scene3,70,old
7278,17.319876670837402,1.0501728916042201,CVPF,soup_scene3,70,old
7279,17.32223391532898,1.0501728916042201,CVPF,soup_scene3,70,old
7280,17.324755430221558,1.0521176730098118,CVPF,soup_scene3,70,old
7281,17.327260494232178,1.052132235036736,CVPF,soup_scene3,70,old
7282,17.329692602157593,1.052672072496828,CVPF,soup_scene3,70,old
7283,17.332263708114624,1.0523423347116974,CVPF,soup_scene3,70,old
7284,17.334753036499023,1.0522833379551424,CVPF,soup_scene3,70,old
7285,17.337242126464844,1.051125054462337,CVPF,soup_scene3,70,old
7286,17.339722394943237,1.051125054462337,CVPF,soup_scene3,70,old
7287,17.34237766265869,1.0508606425719518,CVPF,soup_scene3,70,old
7288,17.344831466674805,1.0506544344277857,CVPF,soup_scene3,70,old
7289,17.347291469573975,1.0506544344277857,CVPF,soup_scene3,70,old
7290,17.349456787109375,1.0506544344277857,CVPF,soup_scene3,70,old
7291,17.351833820343018,1.052785290091161,CVPF,soup_scene3,70,old
7292,17.35409140586853,1.052785290091161,CVPF,soup_scene3,70,old
7293,17.356343984603882,1.052785290091161,CVPF,soup_scene3,70,old
7294,17.35854411125183,1.0527998741530595,CVPF,soup_scene3,70,old
7295,17.36107873916626,1.0525038234544872,CVPF,soup_scene3,70,old
7296,17.36329746246338,1.0525038234544872,CVPF,soup_scene3,70,old
7297,17.365580320358276,1.0525038234544872,CVPF,soup_scene3,70,old
7298,17.368047952651978,1.0519317135411976,CVPF,soup_scene3,70,old
7299,17.370505332946777,1.0519317135411976,CVPF,soup_scene3,70,old
7300,17.37273359298706,1.0519317135411976,CVPF,soup_scene3,70,old
7301,17.374886512756348,1.0519317135411976,CVPF,soup_scene3,70,old
7302,17.37746262550354,1.0502567718727203,CVPF,soup_scene3,70,old
7303,17.380042791366577,1.0502567718727203,CVPF,soup_scene3,70,old
7304,17.382356643676758,1.0502567718727203,CVPF,soup_scene3,70,old
7305,17.384806632995605,1.0546538514147907,CVPF,soup_scene3,70,old
7306,17.38724946975708,1.0546538514147907,CVPF,soup_scene3,70,old
7307,17.389586448669434,1.0546538514147907,CVPF,soup_scene3,70,old
7308,17.391900062561035,1.0546538514147907,CVPF,soup_scene3,70,old
7309,17.394441843032837,1.0514247492442874,CVPF,soup_scene3,70,old
7310,17.396985292434692,1.0514247492442874,CVPF,soup_scene3,70,old
7311,17.399605751037598,1.0514247492442874,CVPF,soup_scene3,70,old
7312,17.402225017547607,1.0525822097762525,CVPF,soup_scene3,70,old
7313,17.404578924179077,1.0525822097762525,CVPF,soup_scene3,70,old
7314,17.407053470611572,1.0525822097762525,CVPF,soup_scene3,70,old
7315,17.409465074539185,1.0525822097762525,CVPF,soup_scene3,70,old
7316,17.412131547927856,1.0537750501627556,CVPF,soup_scene3,70,old
7317,17.414588689804077,1.0537750501627556,CVPF,soup_scene3,70,old
7318,17.416962146759033,1.0537750501627556,CVPF,soup_scene3,70,old
7319,17.419853687286377,2.630159234186137,CVPF,soup_scene3,70,old
7320,17.422181129455566,2.630159234186137,CVPF,soup_scene3,70,old
7321,17.42445707321167,2.630159234186137,CVPF,soup_scene3,70,old
7322,17.426877737045288,2.630945900968256,CVPF,soup_scene3,70,old
7323,17.429213285446167,2.630945900968256,CVPF,soup_scene3,70,old
7324,17.43156361579895,2.630945900968256,CVPF,soup_scene3,70,old
7325,17.43389344215393,2.6309448983250845,CVPF,soup_scene3,70,old
7326,17.436339139938354,2.6328877123006063,CVPF,soup_scene3,70,old
7327,17.43873405456543,2.6328877123006063,CVPF,soup_scene3,70,old
7328,17.44106388092041,2.6328877123006063,CVPF,soup_scene3,70,old
7329,17.443527936935425,2.631726178869979,CVPF,soup_scene3,70,old
7330,17.446072340011597,2.631726178869979,CVPF,soup_scene3,70,old
7331,17.448384761810303,2.631726178869979,CVPF,soup_scene3,70,old
7332,17.450811624526978,2.6320572118794754,CVPF,soup_scene3,70,old
7333,17.453234672546387,2.631474405737299,CVPF,soup_scene3,70,old
7334,17.455717086791992,2.631474405737299,CVPF,soup_scene3,70,old
7335,17.458054065704346,2.631474405737299,CVPF,soup_scene3,70,old
7336,17.460525274276733,2.632899941004777,CVPF,soup_scene3,70,old
7337,17.462929725646973,2.632899941004777,CVPF,soup_scene3,70,old
7338,17.465158462524414,2.632899941004777,CVPF,soup_scene3,70,old
7339,17.467510223388672,2.632899941004777,CVPF,soup_scene3,70,old
7340,17.469992637634277,2.6317160094880094,CVPF,soup_scene3,70,old
7341,17.472408533096313,2.6317160094880094,CVPF,soup_scene3,70,old
7342,17.47471022605896,2.6317160094880094,CVPF,soup_scene3,70,old
7343,17.47712230682373,2.6311284585173094,CVPF,soup_scene3,70,old
7344,17.479559421539307,2.6311284585173094,CVPF,soup_scene3,70,old
7345,17.48192596435547,2.6311284585173094,CVPF,soup_scene3,70,old
7346,17.484256267547607,2.6311087127867583,CVPF,soup_scene3,70,old
7347,17.486629962921143,2.631485953571713,CVPF,soup_scene3,70,old
7348,17.48906135559082,2.631485953571713,CVPF,soup_scene3,70,old
7349,17.491405487060547,2.631485953571713,CVPF,soup_scene3,70,old
7350,17.493924379348755,2.6329382406536026,CVPF,soup_scene3,70,old
7351,17.496517181396484,2.6329382406536026,CVPF,soup_scene3,70,old
7352,17.498812198638916,2.6329382406536026,CVPF,soup_scene3,70,old
7353,17.50123643875122,2.6336981437665137,CVPF,soup_scene3,70,old
7354,17.503705739974976,2.6336981437665137,CVPF,soup_scene3,70,old
7355,17.50585103034973,2.6336981437665137,CVPF,soup_scene3,70,old
7356,17.508196592330933,2.6336981437665137,CVPF,soup_scene3,70,old
7357,17.510669469833374,2.633156842983883,CVPF,soup_scene3,70,old
7358,17.51304292678833,2.633156842983883,CVPF,soup_scene3,70,old
7359,17.515327215194702,2.633156842983883,CVPF,soup_scene3,70,old
7360,17.51765751838684,2.633148051342457,CVPF,soup_scene3,70,old
7361,17.520021438598633,2.6287371001622932,CVPF,soup_scene3,70,old
7362,17.522334337234497,2.6287371001622932,CVPF,soup_scene3,70,old
7363,17.524517059326172,2.6287371001622932,CVPF,soup_scene3,70,old
7364,17.52714490890503,2.6305385626054565,CVPF,soup_scene3,70,old
7365,17.529587745666504,2.6305385626054565,CVPF,soup_scene3,70,old
7366,17.531810760498047,2.6305385626054565,CVPF,soup_scene3,70,old
7367,17.534255504608154,2.6319219137808574,CVPF,soup_scene3,70,old
7368,17.536718368530273,2.6319219137808574,CVPF,soup_scene3,70,old
7369,17.53900980949402,2.6319219137808574,CVPF,soup_scene3,70,old
7370,17.541208505630493,2.6319219137808574,CVPF,soup_scene3,70,old
7371,17.54401731491089,2.6317013318170686,CVPF,soup_scene3,70,old
7372,17.54667592048645,2.6317013318170686,CVPF,soup_scene3,70,old
7373,17.548961400985718,2.6317013318170686,CVPF,soup_scene3,70,old
7374,17.551409482955933,2.6319292281437936,CVPF,soup_scene3,70,old
7375,17.55391001701355,2.6328375476955435,CVPF,soup_scene3,70,old
7376,17.556251287460327,2.6328375476955435,CVPF,soup_scene3,70,old
7377,17.55885362625122,2.6328437865699845,CVPF,soup_scene3,70,old
7378,17.561255931854248,2.633848266184023,CVPF,soup_scene3,70,old
7379,17.56351113319397,2.633848266184023,CVPF,soup_scene3,70,old
7380,17.565770387649536,2.633848266184023,CVPF,soup_scene3,70,old
7381,17.56830930709839,2.633848266184023,CVPF,soup_scene3,70,old
7382,17.57102131843567,2.6337169323444347,CVPF,soup_scene3,70,old
7383,17.573345184326172,2.6337169323444347,CVPF,soup_scene3,70,old
7384,17.57584571838379,2.63283277431645,CVPF,soup_scene3,70,old
7385,17.57922101020813,0.10716879155631887,CVPF,soup_scene3,70,old
7386,17.581793546676636,0.10716879155631887,CVPF,soup_scene3,70,old
7387,17.584228992462158,0.10750439003492751,CVPF,soup_scene3,70,old
7388,17.586602687835693,0.10798173673680989,CVPF,soup_scene3,70,old
7389,17.58886742591858,0.10798173673680989,CVPF,soup_scene3,70,old
7390,17.591086864471436,0.10798173673680989,CVPF,soup_scene3,70,old
7391,17.593454837799072,0.10802632780300225,CVPF,soup_scene3,70,old
7392,17.595759630203247,0.10729261688845515,CVPF,soup_scene3,70,old
7393,17.598105430603027,0.10729261688845515,CVPF,soup_scene3,70,old
7394,17.600427865982056,0.10729261688845515,CVPF,soup_scene3,70,old
7395,17.602910041809082,0.10727531662297274,CVPF,soup_scene3,70,old
7396,17.605437755584717,0.10675940389248595,CVPF,soup_scene3,70,old
7397,17.607734441757202,0.10675940389248595,CVPF,soup_scene3,70,old
7398,17.609911918640137,0.10675940389248595,CVPF,soup_scene3,70,old
7399,17.612281799316406,0.10685379202856993,CVPF,soup_scene3,70,old
7400,17.6146981716156,0.10599057551069535,CVPF,soup_scene3,70,old
7401,17.617011308670044,0.10599057551069535,CVPF,soup_scene3,70,old
7402,17.619301557540894,0.10599057551069535,CVPF,soup_scene3,70,old
7403,17.622182846069336,0.10599057551069535,CVPF,soup_scene3,70,old
7404,17.624440670013428,0.10599057551069535,CVPF,soup_scene3,70,old
7405,17.627277374267578,0.10505599827945655,CVPF,soup_scene3,70,old
7406,17.629892349243164,0.10505599827945655,CVPF,soup_scene3,70,old
7407,17.63227891921997,0.10505599827945655,CVPF,soup_scene3,70,old
7408,17.63471245765686,0.10505599827945655,CVPF,soup_scene3,70,old
7409,17.63732385635376,0.10591585521629909,CVPF,soup_scene3,70,old
7410,17.639737129211426,0.10591585521629909,CVPF,soup_scene3,70,old
7411,17.642035961151123,0.10591585521629909,CVPF,soup_scene3,70,old
7412,17.644537925720215,0.10591585521629909,CVPF,soup_scene3,70,old
7413,17.647056102752686,0.10648549988624723,CVPF,soup_scene3,70,old
7414,17.649428844451904,0.10698057303962472,CVPF,soup_scene3,70,old
7415,17.651844024658203,0.10698057303962472,CVPF,soup_scene3,70,old
7416,17.654167890548706,0.10698057303962472,CVPF,soup_scene3,70,old
7417,17.65675926208496,0.10703535378531992,CVPF,soup_scene3,70,old
7418,17.659217357635498,0.10750962147780552,CVPF,soup_scene3,70,old
7419,17.66141104698181,0.10750962147780552,CVPF,soup_scene3,70,old
7420,17.66381859779358,0.10750962147780552,CVPF,soup_scene3,70,old
7421,17.66635036468506,0.10750962147780552,CVPF,soup_scene3,70,old
7422,17.668668031692505,0.10750962147780552,CVPF,soup_scene3,70,old
7423,17.671119451522827,0.10605453963304967,CVPF,soup_scene3,70,old
7424,17.673706531524658,0.10665115521940471,CVPF,soup_scene3,70,old
7425,17.676148891448975,0.10665115521940471,CVPF,soup_scene3,70,old
7426,17.678775548934937,0.10665115521940471,CVPF,soup_scene3,70,old
7427,17.681342601776123,0.10709161898984565,CVPF,soup_scene3,70,old
7428,17.683706760406494,0.10709161898984565,CVPF,soup_scene3,70,old
7429,17.686138153076172,0.10709161898984565,CVPF,soup_scene3,70,old
7430,17.688501596450806,0.10709161898984565,CVPF,soup_scene3,70,old
7431,17.69088649749756,0.10709161898984565,CVPF,soup_scene3,70,old
7432,17.693340301513672,0.10713126414343499,CVPF,soup_scene3,70,old
7433,17.695858240127563,0.10787913949832806,CVPF,soup_scene3,70,old
7434,17.698434114456177,0.10776323644301478,CVPF,soup_scene3,70,old
7435,17.701100826263428,0.10776323644301478,CVPF,soup_scene3,70,old
7436,17.7036771774292,0.10766234876758674,CVPF,soup_scene3,70,old
7437,17.70633316040039,0.10763776789269386,CVPF,soup_scene3,70,old
7438,17.70901870727539,0.10754519816282215,CVPF,soup_scene3,70,old
7439,17.71156072616577,0.1077216407920778,CVPF,soup_scene3,70,old
7440,17.714195013046265,0.10793098348859598,CVPF,soup_scene3,70,old
7441,17.716674089431763,0.10793098348859598,CVPF,soup_scene3,70,old
7442,17.719432830810547,0.10775565264328613,CVPF,soup_scene3,70,old
7443,17.722172498703003,0.10807688265082938,CVPF,soup_scene3,70,old
7444,17.724736213684082,0.1080121490505137,CVPF,soup_scene3,70,old
7445,17.72746253013611,0.1080121490505137,CVPF,soup_scene3,70,old
7446,17.730807304382324,0.10754898924492551,CVPF,soup_scene3,70,old
7447,17.73414397239685,0.10754898924492551,CVPF,soup_scene3,70,old
7448,17.737407684326172,0.10715947189525199,CVPF,soup_scene3,70,old
7449,17.74116325378418,2.451074999268189,CVPF,soup_scene3,70,old
7450,17.744366884231567,2.450922200702976,CVPF,soup_scene3,70,old
7451,17.747604608535767,2.450922200702976,CVPF,soup_scene3,70,old
7452,17.75067663192749,2.4505343113236746,CVPF,soup_scene3,70,old
7453,17.753886222839355,2.449983456218735,CVPF,soup_scene3,70,old
7454,17.75681972503662,2.449983456218735,CVPF,soup_scene3,70,old
7455,17.76002860069275,2.4510603056213593,CVPF,soup_scene3,70,old
7456,17.76316547393799,2.4510603056213593,CVPF,soup_scene3,70,old
7457,17.766124725341797,2.4510603056213593,CVPF,soup_scene3,70,old
7458,17.769354104995728,2.4502828887040082,CVPF,soup_scene3,70,old
7459,17.77241063117981,2.4502828887040082,CVPF,soup_scene3,70,old
7460,17.775466203689575,2.4502448367831895,CVPF,soup_scene3,70,old
7461,17.77871823310852,2.450105008111945,CVPF,soup_scene3,70,old
7462,17.781800508499146,2.450105008111945,CVPF,soup_scene3,70,old
7463,17.784911632537842,2.4511243858256884,CVPF,soup_scene3,70,old
7464,17.78785252571106,2.4511243858256884,CVPF,soup_scene3,70,old
7465,17.790117025375366,2.4511243858256884,CVPF,soup_scene3,70,old
7466,17.7923641204834,2.451115286739124,CVPF,soup_scene3,70,old
7467,17.79477310180664,2.450195725559003,CVPF,soup_scene3,70,old
7468,17.797141313552856,2.450195725559003,CVPF,soup_scene3,70,old
7469,17.799390077590942,2.450195725559003,CVPF,soup_scene3,70,old
7470,17.80169415473938,2.4522516181301315,CVPF,soup_scene3,70,old
7471,17.80409598350525,2.4522516181301315,CVPF,soup_scene3,70,old
7472,17.806516885757446,2.4522516181301315,CVPF,soup_scene3,70,old
7473,17.808931589126587,2.4522145453822572,CVPF,soup_scene3,70,old
7474,17.81142234802246,2.4539683054317667,CVPF,soup_scene3,70,old
7475,17.814018726348877,2.4539683054317667,CVPF,soup_scene3,70,old
7476,17.816216707229614,2.4539683054317667,CVPF,soup_scene3,70,old
7477,17.81862759590149,2.4530377062161053,CVPF,soup_scene3,70,old
7478,17.820905923843384,2.4530377062161053,CVPF,soup_scene3,70,old
7479,17.82317066192627,2.4530377062161053,CVPF,soup_scene3,70,old
7480,17.82547402381897,2.4530377062161053,CVPF,soup_scene3,70,old
7481,17.82779836654663,2.4537231284579177,CVPF,soup_scene3,70,old
7482,17.830068588256836,2.4537231284579177,CVPF,soup_scene3,70,old
7483,17.832346200942993,2.4537231284579177,CVPF,soup_scene3,70,old
7484,17.83469295501709,2.4531245367050953,CVPF,soup_scene3,70,old
7485,17.836992979049683,2.4531245367050953,CVPF,soup_scene3,70,old
7486,17.83928155899048,2.4531245367050953,CVPF,soup_scene3,70,old
7487,17.841529369354248,2.4531245367050953,CVPF,soup_scene3,70,old
7488,17.844234943389893,2.4523202352463596,CVPF,soup_scene3,70,old
7489,17.84670090675354,2.4523202352463596,CVPF,soup_scene3,70,old
7490,17.848937511444092,2.4523202352463596,CVPF,soup_scene3,70,old
7491,17.85128355026245,2.4496418109461144,CVPF,soup_scene3,70,old
7492,17.853657722473145,2.4496418109461144,CVPF,soup_scene3,70,old
7493,17.855823516845703,2.4496418109461144,CVPF,soup_scene3,70,old
7494,17.858031749725342,2.4496418109461144,CVPF,soup_scene3,70,old
7495,17.860506772994995,2.450238423823861,CVPF,soup_scene3,70,old
7496,17.862877130508423,2.450238423823861,CVPF,soup_scene3,70,old
7497,17.865095615386963,2.450238423823861,CVPF,soup_scene3,70,old
7498,17.867326021194458,2.450238423823861,CVPF,soup_scene3,70,old
7499,17.869834423065186,2.450575752388405,CVPF,soup_scene3,70,old
7500,17.87228298187256,2.450575752388405,CVPF,soup_scene3,70,old
7501,17.874781131744385,2.450575752388405,CVPF,soup_scene3,70,old
7502,17.877381086349487,2.4533981326250616,CVPF,soup_scene3,70,old
7503,17.88025212287903,2.4533981326250616,CVPF,soup_scene3,70,old
7504,17.88266348838806,2.4533981326250616,CVPF,soup_scene3,70,old
7505,17.885109663009644,2.453781756240498,CVPF,soup_scene3,70,old
7506,17.88750195503235,2.453781756240498,CVPF,soup_scene3,70,old
7507,17.88988709449768,2.453781756240498,CVPF,soup_scene3,70,old
7508,17.892271518707275,2.453781756240498,CVPF,soup_scene3,70,old
7509,17.895062923431396,2.4528456690350287,CVPF,soup_scene3,70,old
7510,17.897379398345947,2.4528456690350287,CVPF,soup_scene3,70,old
7511,17.90071392059326,1.2111077370152066,CVPF,soup_scene3,70,old
7512,17.90309166908264,1.2116184453474412,CVPF,soup_scene3,70,old
7513,17.90539789199829,1.2116184453474412,CVPF,soup_scene3,70,old
7514,17.90762686729431,1.2116184453474412,CVPF,soup_scene3,70,old
7515,17.910032510757446,1.2104048964087046,CVPF,soup_scene3,70,old
7516,17.912471771240234,1.2104048964087046,CVPF,soup_scene3,70,old
7517,17.914845943450928,1.2104048964087046,CVPF,soup_scene3,70,old
7518,17.917163372039795,1.2107055211705677,CVPF,soup_scene3,70,old
7519,17.919645309448242,1.2115125695073423,CVPF,soup_scene3,70,old
7520,17.92202377319336,1.2115125695073423,CVPF,soup_scene3,70,old
7521,17.924328804016113,1.2115125695073423,CVPF,soup_scene3,70,old
7522,17.926751852035522,1.2109457547884102,CVPF,soup_scene3,70,old
7523,17.929288148880005,1.2109457547884102,CVPF,soup_scene3,70,old
7524,17.931564569473267,1.2109457547884102,CVPF,soup_scene3,70,old
7525,17.933891534805298,1.2112383288762392,CVPF,soup_scene3,70,old
7526,17.93628191947937,1.209152894228186,CVPF,soup_scene3,70,old
7527,17.938653469085693,1.209152894228186,CVPF,soup_scene3,70,old
7528,17.940964698791504,1.209152894228186,CVPF,soup_scene3,70,old
7529,17.943483352661133,1.2100125092142338,CVPF,soup_scene3,70,old
7530,17.9459707736969,1.2100125092142338,CVPF,soup_scene3,70,old
7531,17.948264837265015,1.2100125092142338,CVPF,soup_scene3,70,old
7532,17.9505934715271,1.2100390884603847,CVPF,soup_scene3,70,old
7533,17.953110218048096,1.209346502935231,CVPF,soup_scene3,70,old
7534,17.955604553222656,1.209346502935231,CVPF,soup_scene3,70,old
7535,17.957969427108765,1.209346502935231,CVPF,soup_scene3,70,old
7536,17.96053409576416,1.2106608693481693,CVPF,soup_scene3,70,old
7537,17.963067531585693,1.2106608693481693,CVPF,soup_scene3,70,old
7538,17.965442657470703,1.2106608693481693,CVPF,soup_scene3,70,old
7539,17.967912197113037,1.210735045404077,CVPF,soup_scene3,70,old
7540,17.970378637313843,1.210735045404077,CVPF,soup_scene3,70,old
7541,17.972615718841553,1.210735045404077,CVPF,soup_scene3,70,old
7542,17.974833726882935,1.210735045404077,CVPF,soup_scene3,70,old
7543,17.977332592010498,1.2115301582955278,CVPF,soup_scene3,70,old
7544,17.97985291481018,1.2115301582955278,CVPF,soup_scene3,70,old
7545,17.982120037078857,1.2115301582955278,CVPF,soup_scene3,70,old
7546,17.984586000442505,1.2112700824160196,CVPF,soup_scene3,70,old
7547,17.987088918685913,1.2112700824160196,CVPF,soup_scene3,70,old
7548,17.989417791366577,1.2112700824160196,CVPF,soup_scene3,70,old
7549,17.991726398468018,1.2112700824160196,CVPF,soup_scene3,70,old
7550,17.99419856071472,1.210760749365738,CVPF,soup_scene3,70,old
7551,17.996620893478394,1.210760749365738,CVPF,soup_scene3,70,old
7552,17.99888563156128,1.210760749365738,CVPF,soup_scene3,70,old
7553,18.001359939575195,1.2103985493219325,CVPF,soup_scene3,70,old
7554,18.00378155708313,1.2103985493219325,CVPF,soup_scene3,70,old
7555,18.006166458129883,1.2103985493219325,CVPF,soup_scene3,70,old
7556,18.00838828086853,1.2103939499201506,CVPF,soup_scene3,70,old
7557,18.011056423187256,1.2093113644864177,CVPF,soup_scene3,70,old
7558,18.013547658920288,1.2093113644864177,CVPF,soup_scene3,70,old
7559,18.015846014022827,1.2093113644864177,CVPF,soup_scene3,70,old
7560,18.018335819244385,1.2092526001209567,CVPF,soup_scene3,70,old
7561,18.02169680595398,1.2092526001209567,CVPF,soup_scene3,70,old
7562,18.025221824645996,1.2093544304601642,CVPF,soup_scene3,70,old
7563,18.02904772758484,1.2112170910478692,CVPF,soup_scene3,70,old
7564,18.032450437545776,1.2112170910478692,CVPF,soup_scene3,70,old
7565,18.036085844039917,1.2105012350090842,CVPF,soup_scene3,70,old
7566,18.039673566818237,1.2105012350090842,CVPF,soup_scene3,70,old
7567,18.04325819015503,1.209986198479129,CVPF,soup_scene3,70,old
7568,18.04697585105896,1.209986198479129,CVPF,soup_scene3,70,old
7569,18.05049228668213,1.2103044013500062,CVPF,soup_scene3,70,old
7570,18.053947925567627,1.2099950030079447,CVPF,soup_scene3,70,old
7571,18.057384729385376,1.2099950030079447,CVPF,soup_scene3,70,old
7572,18.060928344726562,1.2103978888675693,CVPF,soup_scene3,70,old
7573,18.06432867050171,1.2103978888675693,CVPF,soup_scene3,70,old
7574,18.06771206855774,1.2103978888675693,CVPF,soup_scene3,70,old
7575,18.071117639541626,1.2124819061945575,CVPF,soup_scene3,70,old
7576,18.07441782951355,1.2124819061945575,CVPF,soup_scene3,70,old
7577,18.078059911727905,1.212106896178237,CVPF,soup_scene3,70,old
7578,18.08183479309082,1.212106896178237,CVPF,soup_scene3,70,old
7579,18.08537006378174,1.2111691911332885,CVPF,soup_scene3,70,old
7580,18.088911056518555,1.2111691911332885,CVPF,soup_scene3,70,old
7581,18.092419624328613,1.2113914798593757,CVPF,soup_scene3,70,old
7582,18.09547472000122,1.2813561438706875,CVPF,soup_scene3,70,old
7583,18.097819566726685,1.2813561438706875,CVPF,soup_scene3,70,old
7584,18.100210666656494,1.2813561438706875,CVPF,soup_scene3,70,old
7585,18.10267400741577,1.281046623826807,CVPF,soup_scene3,70,old
7586,18.105101823806763,1.281046623826807,CVPF,soup_scene3,70,old
7587,18.107325553894043,1.281046623826807,CVPF,soup_scene3,70,old
7588,18.109747648239136,1.2801651303643533,CVPF,soup_scene3,70,old
7589,18.11228656768799,1.2801651303643533,CVPF,soup_scene3,70,old
7590,18.114766120910645,1.2801651303643533,CVPF,soup_scene3,70,old
7591,18.117176294326782,1.2805128398747323,CVPF,soup_scene3,70,old
7592,18.119704723358154,1.2813549709922842,CVPF,soup_scene3,70,old
7593,18.122234344482422,1.2813549709922842,CVPF,soup_scene3,70,old
7594,18.124542713165283,1.2813549709922842,CVPF,soup_scene3,70,old
7595,18.127084732055664,1.2822943865382515,CVPF,soup_scene3,70,old
7596,18.129542112350464,1.2822943865382515,CVPF,soup_scene3,70,old
7597,18.13203477859497,1.2822943865382515,CVPF,soup_scene3,70,old
7598,18.134480237960815,1.282542947252261,CVPF,soup_scene3,70,old
7599,18.13707995414734,1.2810751627223977,CVPF,soup_scene3,70,old
7600,18.13960313796997,1.2810751627223977,CVPF,soup_scene3,70,old
7601,18.14200711250305,1.2808480591161953,CVPF,soup_scene3,70,old
7602,18.144492626190186,1.2813117568185213,CVPF,soup_scene3,70,old
7603,18.146960258483887,1.2813117568185213,CVPF,soup_scene3,70,old
7604,18.14932656288147,1.2813117568185213,CVPF,soup_scene3,70,old
7605,18.1518394947052,1.2813018787936858,CVPF,soup_scene3,70,old
7606,18.15408205986023,1.2813018787936858,CVPF,soup_scene3,70,old
7607,18.156306505203247,1.2813018787936858,CVPF,soup_scene3,70,old
7608,18.158833026885986,1.2811780131053299,CVPF,soup_scene3,70,old
7609,18.161357164382935,1.279843784616265,CVPF,soup_scene3,70,old
7610,18.16375994682312,1.279843784616265,CVPF,soup_scene3,70,old
7611,18.165976762771606,1.279843784616265,CVPF,soup_scene3,70,old
7612,18.168400287628174,1.2802678407597252,CVPF,soup_scene3,70,old
7613,18.171493530273438,1.2802678407597252,CVPF,soup_scene3,70,old
7614,18.174798488616943,1.2802678407597252,CVPF,soup_scene3,70,old
7615,18.17856192588806,1.2789530809031904,CVPF,soup_scene3,70,old
7616,18.18213152885437,1.2789530809031904,CVPF,soup_scene3,70,old
7617,18.185792922973633,1.278493436581729,CVPF,soup_scene3,70,old
7618,18.189326763153076,1.278493436581729,CVPF,soup_scene3,70,old
7619,18.19291377067566,1.279173364438889,CVPF,soup_scene3,70,old
7620,18.19654154777527,1.279173364438889,CVPF,soup_scene3,70,old
7621,18.20011591911316,1.279173364438889,CVPF,soup_scene3,70,old
7622,18.203908443450928,1.2793152235882435,CVPF,soup_scene3,70,old
7623,18.207350730895996,1.2793152235882435,CVPF,soup_scene3,70,old
7624,18.210978746414185,1.2775141909870564,CVPF,soup_scene3,70,old
7625,18.214609622955322,1.2775141909870564,CVPF,soup_scene3,70,old
7626,18.218233108520508,1.2791602489037324,CVPF,soup_scene3,70,old
7627,18.22168278694153,1.2791602489037324,CVPF,soup_scene3,70,old
7628,18.224496841430664,1.2791602489037324,CVPF,soup_scene3,70,old
7629,18.22703766822815,1.2797008605607365,CVPF,soup_scene3,70,old
7630,18.229602813720703,1.2797008605607365,CVPF,soup_scene3,70,old
7631,18.232038021087646,1.2797008605607365,CVPF,soup_scene3,70,old
7632,18.23508095741272,2.4060191339834422,CVPF,soup_scene3,70,old
7633,18.237892866134644,2.4060191339834422,CVPF,soup_scene3,70,old
7634,18.24028468132019,2.4060191339834422,CVPF,soup_scene3,70,old
7635,18.242854118347168,2.403573320985742,CVPF,soup_scene3,70,old
7636,18.24533724784851,2.403573320985742,CVPF,soup_scene3,70,old
7637,18.24762225151062,2.403573320985742,CVPF,soup_scene3,70,old
7638,18.24992299079895,2.403573320985742,CVPF,soup_scene3,70,old
7639,18.252565622329712,2.4002908486881656,CVPF,soup_scene3,70,old
7640,18.254961490631104,2.4002908486881656,CVPF,soup_scene3,70,old
7641,18.25715923309326,2.4002908486881656,CVPF,soup_scene3,70,old
7642,18.259562015533447,2.400275802930976,CVPF,soup_scene3,70,old
7643,18.26200008392334,2.403872870767405,CVPF,soup_scene3,70,old
7644,18.264352321624756,2.403872870767405,CVPF,soup_scene3,70,old
7645,18.266714572906494,2.4039185615780414,CVPF,soup_scene3,70,old
7646,18.269291877746582,2.4039021737553057,CVPF,soup_scene3,70,old
7647,18.271940231323242,2.4039021737553057,CVPF,soup_scene3,70,old
7648,18.274261474609375,2.4039021737553057,CVPF,soup_scene3,70,old
7649,18.276881217956543,2.404068076003836,CVPF,soup_scene3,70,old
7650,18.2794349193573,2.404068076003836,CVPF,soup_scene3,70,old
7651,18.281900882720947,2.404068076003836,CVPF,soup_scene3,70,old
7652,18.28442406654358,2.4040874333298814,CVPF,soup_scene3,70,old
7653,18.28685712814331,2.406116529000577,CVPF,soup_scene3,70,old
7654,18.28917622566223,2.406116529000577,CVPF,soup_scene3,70,old
7655,18.291459798812866,2.406116529000577,CVPF,soup_scene3,70,old
7656,18.293949842453003,2.4050875547963586,CVPF,soup_scene3,70,old
7657,18.296222448349,2.4050875547963586,CVPF,soup_scene3,70,old
7658,18.29836654663086,2.4050875547963586,CVPF,soup_scene3,70,old
7659,18.300947904586792,2.4051575820511055,CVPF,soup_scene3,70,old
7660,18.303351163864136,2.406342940450239,CVPF,soup_scene3,70,old
7661,18.305928468704224,2.406342940450239,CVPF,soup_scene3,70,old
7662,18.30823254585266,2.406342940450239,CVPF,soup_scene3,70,old
7663,18.310842037200928,2.4086326335216173,CVPF,soup_scene3,70,old
7664,18.313429832458496,2.4086326335216173,CVPF,soup_scene3,70,old
7665,18.31575632095337,2.4086326335216173,CVPF,soup_scene3,70,old
7666,18.318336009979248,2.405596746120614,CVPF,soup_scene3,70,old
7667,18.320984601974487,2.405596746120614,CVPF,soup_scene3,70,old
7668,18.32320499420166,2.405596746120614,CVPF,soup_scene3,70,old
7669,18.32555389404297,2.4055700604100476,CVPF,soup_scene3,70,old
7670,18.32809591293335,2.405602683608386,CVPF,soup_scene3,70,old
7671,18.330429553985596,2.405602683608386,CVPF,soup_scene3,70,old
7672,18.33281707763672,2.405602683608386,CVPF,soup_scene3,70,old
7673,18.33544373512268,2.404773358435965,CVPF,soup_scene3,70,old
7674,18.337959051132202,2.404773358435965,CVPF,soup_scene3,70,old
7675,18.340523958206177,2.404773358435965,CVPF,soup_scene3,70,old
7676,18.343076467514038,2.4044648319151927,CVPF,soup_scene3,70,old
7677,18.34570813179016,2.4031498381674004,CVPF,soup_scene3,70,old
7678,18.348231077194214,2.4031498381674004,CVPF,soup_scene3,70,old
7679,18.350634813308716,2.4031498381674004,CVPF,soup_scene3,70,old
7680,18.353630304336548,2.4045642176090865,CVPF,soup_scene3,70,old
7681,18.356234073638916,2.4045642176090865,CVPF,soup_scene3,70,old
7682,18.358787775039673,2.404830395681766,CVPF,soup_scene3,70,old
7683,18.36133074760437,2.405663924088925,CVPF,soup_scene3,70,old
7684,18.36355495452881,2.405663924088925,CVPF,soup_scene3,70,old
7685,18.36588191986084,2.405663924088925,CVPF,soup_scene3,70,old
7686,18.368422746658325,2.405663924088925,CVPF,soup_scene3,70,old
7687,18.370830535888672,2.4054505177357326,CVPF,soup_scene3,70,old
7688,18.373219966888428,2.4054505177357326,CVPF,soup_scene3,70,old
7689,18.375810384750366,2.406570943162238,CVPF,soup_scene3,70,old
7690,18.37845230102539,2.4060311228980122,CVPF,soup_scene3,70,old
7691,18.381006956100464,2.4064624096016862,CVPF,soup_scene3,70,old
7692,18.38344979286194,2.4064624096016862,CVPF,soup_scene3,70,old
7693,18.38687229156494,0.13701959000168337,CVPF,soup_scene3,70,old
7694,18.389254093170166,0.13701959000168337,CVPF,soup_scene3,70,old
7695,18.39175009727478,0.13691188375631172,CVPF,soup_scene3,70,old
7696,18.393986701965332,0.13691188375631172,CVPF,soup_scene3,70,old
7697,18.3965322971344,0.13404722703128824,CVPF,soup_scene3,70,old
7698,18.399064779281616,0.1337464014018453,CVPF,soup_scene3,70,old
7699,18.401459217071533,0.1337464014018453,CVPF,soup_scene3,70,old
7700,18.403875589370728,0.13537857719699536,CVPF,soup_scene3,70,old
7701,18.406381130218506,0.13537857719699536,CVPF,soup_scene3,70,old
7702,18.408827304840088,0.13537857719699536,CVPF,soup_scene3,70,old
7703,18.4111750125885,0.13537857719699536,CVPF,soup_scene3,70,old
7704,18.413622617721558,0.13537422961356949,CVPF,soup_scene3,70,old
7705,18.415951251983643,0.14093031163867295,CVPF,soup_scene3,70,old
7706,18.418181896209717,0.14093031163867295,CVPF,soup_scene3,70,old
7707,18.420718669891357,0.14093031163867295,CVPF,soup_scene3,70,old
7708,18.423192977905273,0.14093031163867295,CVPF,soup_scene3,70,old
7709,18.42559003829956,0.14093031163867295,CVPF,soup_scene3,70,old
7710,18.427881717681885,0.14093031163867295,CVPF,soup_scene3,70,old
7711,18.43015694618225,0.14093031163867295,CVPF,soup_scene3,70,old
7712,18.432651042938232,0.14229720163989787,CVPF,soup_scene3,70,old
7713,18.435272216796875,0.14229720163989787,CVPF,soup_scene3,70,old
7714,18.43765640258789,0.14229881226324126,CVPF,soup_scene3,70,old
7715,18.440043926239014,0.14062567934619535,CVPF,soup_scene3,70,old
7716,18.442274808883667,0.14062567934619535,CVPF,soup_scene3,70,old
7717,18.444695711135864,0.14062567934619535,CVPF,soup_scene3,70,old
7718,18.447178840637207,0.14062567934619535,CVPF,soup_scene3,70,old
7719,18.449429988861084,0.14062567934619535,CVPF,soup_scene3,70,old
7720,18.452023029327393,0.14095207944119856,CVPF,soup_scene3,70,old
7721,18.454449892044067,0.14095207944119856,CVPF,soup_scene3,70,old
7722,18.4569411277771,0.13846013441775748,CVPF,soup_scene3,70,old
7723,18.459230422973633,0.13846013441775748,CVPF,soup_scene3,70,old
7724,18.46144962310791,0.13846013441775748,CVPF,soup_scene3,70,old
7725,18.46376323699951,0.13846013441775748,CVPF,soup_scene3,70,old
7726,18.46597909927368,0.13846013441775748,CVPF,soup_scene3,70,old
7727,18.468377113342285,0.13844400825184755,CVPF,soup_scene3,70,old
7728,18.470625162124634,0.13456398931136404,CVPF,soup_scene3,70,old
7729,18.473047971725464,0.13456398931136404,CVPF,soup_scene3,70,old
7730,18.475402355194092,0.13456398931136404,CVPF,soup_scene3,70,old
7731,18.477768182754517,0.13456398931136404,CVPF,soup_scene3,70,old
7732,18.480631828308105,0.13886647937273955,CVPF,soup_scene3,70,old
7733,18.48289442062378,0.13886647937273955,CVPF,soup_scene3,70,old
7734,18.485395193099976,0.13886647937273955,CVPF,soup_scene3,70,old
7735,18.487805366516113,0.13886647937273955,CVPF,soup_scene3,70,old
7736,18.490116596221924,0.13887612086825854,CVPF,soup_scene3,70,old
7737,18.492536306381226,0.13887612086825854,CVPF,soup_scene3,70,old
7738,18.494913339614868,0.14007597109130396,CVPF,soup_scene3,70,old
7739,18.497560024261475,0.14007597109130396,CVPF,soup_scene3,70,old
7740,18.500020742416382,0.14009507403146942,CVPF,soup_scene3,70,old
7741,18.50258493423462,0.1367508039882245,CVPF,soup_scene3,70,old
7742,18.505221128463745,0.13670020797514956,CVPF,soup_scene3,70,old
7743,18.507858753204346,0.1389555114406659,CVPF,soup_scene3,70,old
7744,18.5104398727417,0.14206685996339613,CVPF,soup_scene3,70,old
7745,18.513400316238403,0.14244046982592626,CVPF,soup_scene3,70,old
7746,18.515859365463257,0.1408349612311449,CVPF,soup_scene3,70,old
7747,18.518282890319824,0.14087233077181094,CVPF,soup_scene3,70,old
7748,18.520566940307617,0.14086151319962784,CVPF,soup_scene3,70,old
7749,18.52281379699707,0.14086151319962784,CVPF,soup_scene3,70,old
7750,18.52521300315857,0.1379831152038291,CVPF,soup_scene3,70,old
7751,18.527894020080566,0.1379831152038291,CVPF,soup_scene3,70,old
7752,18.530449151992798,0.1354654632203501,CVPF,soup_scene3,70,old
7753,18.533891439437866,2.6729576334135223,CVPF,soup_scene3,70,old
7754,18.536580562591553,2.675003613186858,CVPF,soup_scene3,70,old
7755,18.53910183906555,2.677950182077041,CVPF,soup_scene3,70,old
7756,18.54153299331665,2.677950182077041,CVPF,soup_scene3,70,old
7757,18.544071674346924,2.678105456364093,CVPF,soup_scene3,70,old
7758,18.547052145004272,2.678105456364093,CVPF,soup_scene3,70,old
7759,18.549320697784424,2.678105456364093,CVPF,soup_scene3,70,old
7760,18.551799774169922,2.675943038580529,CVPF,soup_scene3,70,old
7761,18.554337739944458,2.675943038580529,CVPF,soup_scene3,70,old
7762,18.55678105354309,2.675943038580529,CVPF,soup_scene3,70,old
7763,18.559131145477295,2.6761176504006423,CVPF,soup_scene3,70,old
7764,18.561707735061646,2.676585832749813,CVPF,soup_scene3,70,old
7765,18.56408667564392,2.676585832749813,CVPF,soup_scene3,70,old
7766,18.566291332244873,2.676585832749813,CVPF,soup_scene3,70,old
7767,18.568791389465332,2.6775206025057092,CVPF,soup_scene3,70,old
7768,18.57136034965515,2.6775206025057092,CVPF,soup_scene3,70,old
7769,18.573694229125977,2.6775206025057092,CVPF,soup_scene3,70,old
7770,18.57615089416504,2.677644904084466,CVPF,soup_scene3,70,old
7771,18.578771591186523,2.6760611789153357,CVPF,soup_scene3,70,old
7772,18.581234216690063,2.6760611789153357,CVPF,soup_scene3,70,old
7773,18.583585739135742,2.6760611789153357,CVPF,soup_scene3,70,old
7774,18.58615803718567,2.674679785969844,CVPF,soup_scene3,70,old
7775,18.588707447052002,2.674679785969844,CVPF,soup_scene3,70,old
7776,18.59095048904419,2.674679785969844,CVPF,soup_scene3,70,old
7777,18.593331336975098,2.6743373258355194,CVPF,soup_scene3,70,old
7778,18.596040964126587,2.6743373258355194,CVPF,soup_scene3,70,old
7779,18.5982825756073,2.6743373258355194,CVPF,soup_scene3,70,old
7780,18.600647687911987,2.6740037849547447,CVPF,soup_scene3,70,old
7781,18.603506326675415,2.674611753367375,CVPF,soup_scene3,70,old
7782,18.60661029815674,2.674611753367375,CVPF,soup_scene3,70,old
7783,18.609559297561646,2.676624458234337,CVPF,soup_scene3,70,old
7784,18.612191200256348,2.676624458234337,CVPF,soup_scene3,70,old
7785,18.61448884010315,2.676624458234337,CVPF,soup_scene3,70,old
7786,18.616849660873413,2.676784949472746,CVPF,soup_scene3,70,old
7787,18.619309425354004,2.6764851401640026,CVPF,soup_scene3,70,old
7788,18.62173318862915,2.6764851401640026,CVPF,soup_scene3,70,old
7789,18.624090909957886,2.6764851401640026,CVPF,soup_scene3,70,old
7790,18.626436471939087,2.6757478963438674,CVPF,soup_scene3,70,old
7791,18.628819942474365,2.6757478963438674,CVPF,soup_scene3,70,old
7792,18.6311457157135,2.6757478963438674,CVPF,soup_scene3,70,old
7793,18.633365154266357,2.6757478963438674,CVPF,soup_scene3,70,old
7794,18.63581395149231,2.67529651342387,CVPF,soup_scene3,70,old
7795,18.638246297836304,2.67529651342387,CVPF,soup_scene3,70,old
7796,18.64059042930603,2.67529651342387,CVPF,soup_scene3,70,old
7797,18.643052101135254,2.6757301195753986,CVPF,soup_scene3,70,old
7798,18.645559310913086,2.6757301195753986,CVPF,soup_scene3,70,old
7799,18.64780068397522,2.6757301195753986,CVPF,soup_scene3,70,old
7800,18.65000629425049,2.6757301195753986,CVPF,soup_scene3,70,old
7801,18.652387619018555,2.6750422795073936,CVPF,soup_scene3,70,old
7802,18.654818534851074,2.6750422795073936,CVPF,soup_scene3,70,old
7803,18.65720844268799,2.6750422795073936,CVPF,soup_scene3,70,old
7804,18.6598060131073,2.675294015954555,CVPF,soup_scene3,70,old
7805,18.662317514419556,2.675294015954555,CVPF,soup_scene3,70,old
7806,18.664708375930786,2.675294015954555,CVPF,soup_scene3,70,old
7807,18.667125701904297,2.675294015954555,CVPF,soup_scene3,70,old
7808,18.669636726379395,2.6758049710265053,CVPF,soup_scene3,70,old
7809,18.672103881835938,2.6758049710265053,CVPF,soup_scene3,70,old
7810,18.674522876739502,2.6758049710265053,CVPF,soup_scene3,70,old
7811,18.677095651626587,2.674413037384423,CVPF,soup_scene3,70,old
7812,18.679704189300537,2.674413037384423,CVPF,soup_scene3,70,old
7813,18.681949853897095,2.674413037384423,CVPF,soup_scene3,70,old
7814,18.684559106826782,2.676277605847157,CVPF,soup_scene3,70,old
7815,18.687164545059204,2.676277605847157,CVPF,soup_scene3,70,old
7816,18.6895694732666,2.676277605847157,CVPF,soup_scene3,70,old
7817,18.69216775894165,2.676156066381903,CVPF,soup_scene3,70,old
7818,18.69531536102295,0.9847593777342115,CVPF,soup_scene3,70,old
7819,18.697750568389893,0.9847593777342115,CVPF,soup_scene3,70,old
7820,18.700064182281494,0.9847593777342115,CVPF,soup_scene3,70,old
7821,18.702568769454956,0.9847633482557518,CVPF,soup_scene3,70,old
7822,18.70499348640442,0.9847633482557518,CVPF,soup_scene3,70,old
7823,18.70729112625122,0.9847633482557518,CVPF,soup_scene3,70,old
7824,18.709825038909912,0.9844862229622949,CVPF,soup_scene3,70,old
7825,18.712348222732544,0.9859529336069409,CVPF,soup_scene3,70,old
7826,18.71479821205139,0.9859529336069409,CVPF,soup_scene3,70,old
7827,18.717212677001953,0.9862870914249814,CVPF,soup_scene3,70,old
7828,18.719672679901123,0.9875363922248693,CVPF,soup_scene3,70,old
7829,18.722029209136963,0.9875363922248693,CVPF,soup_scene3,70,old
7830,18.72438621520996,0.9875363922248693,CVPF,soup_scene3,70,old
7831,18.726821899414062,0.9857036832603475,CVPF,soup_scene3,70,old
7832,18.729344367980957,0.9857036832603475,CVPF,soup_scene3,70,old
7833,18.7316575050354,0.9857036832603475,CVPF,soup_scene3,70,old
7834,18.73415994644165,0.985924525296482,CVPF,soup_scene3,70,old
7835,18.73668336868286,0.9854134147487025,CVPF,soup_scene3,70,old
7836,18.738998651504517,0.9854134147487025,CVPF,soup_scene3,70,old
7837,18.741302251815796,0.9854134147487025,CVPF,soup_scene3,70,old
7838,18.743792295455933,0.9872215603481328,CVPF,soup_scene3,70,old
7839,18.746355056762695,0.9872215603481328,CVPF,soup_scene3,70,old
7840,18.748677015304565,0.9872215603481328,CVPF,soup_scene3,70,old
7841,18.751158952713013,0.9874621005586409,CVPF,soup_scene3,70,old
7842,18.753421545028687,0.9888360536419811,CVPF,soup_scene3,70,old
7843,18.755770206451416,0.9888360536419811,CVPF,soup_scene3,70,old
7844,18.758113861083984,0.9886018249398186,CVPF,soup_scene3,70,old
7845,18.760566234588623,0.987264088412318,CVPF,soup_scene3,70,old
7846,18.762895822525024,0.987264088412318,CVPF,soup_scene3,70,old
7847,18.765198469161987,0.987264088412318,CVPF,soup_scene3,70,old
7848,18.767542362213135,0.987264088412318,CVPF,soup_scene3,70,old
7849,18.769896984100342,0.9872633896107943,CVPF,soup_scene3,70,old
7850,18.77226209640503,0.9841684910796021,CVPF,soup_scene3,70,old
7851,18.77490782737732,0.9841684910796021,CVPF,soup_scene3,70,old
7852,18.77731704711914,0.9841684910796021,CVPF,soup_scene3,70,old
7853,18.779725074768066,0.9841684910796021,CVPF,soup_scene3,70,old
7854,18.78204584121704,0.9842226526573311,CVPF,soup_scene3,70,old
7855,18.78458595275879,0.9842360247609169,CVPF,soup_scene3,70,old
7856,18.786898136138916,0.9842360247609169,CVPF,soup_scene3,70,old
7857,18.78918218612671,0.9842360247609169,CVPF,soup_scene3,70,old
7858,18.791668176651,0.9845826383103037,CVPF,soup_scene3,70,old
7859,18.79417657852173,0.9845826383103037,CVPF,soup_scene3,70,old
7860,18.796430349349976,0.9845826383103037,CVPF,soup_scene3,70,old
7861,18.79873752593994,0.9845712330773071,CVPF,soup_scene3,70,old
7862,18.80118203163147,0.9870037234605784,CVPF,soup_scene3,70,old
7863,18.803587198257446,0.9870037234605784,CVPF,soup_scene3,70,old
7864,18.80580234527588,0.9870037234605784,CVPF,soup_scene3,70,old
7865,18.808106899261475,0.9870037234605784,CVPF,soup_scene3,70,old
7866,18.81037139892578,0.9870215554371463,CVPF,soup_scene3,70,old
7867,18.81279754638672,0.9870215554371463,CVPF,soup_scene3,70,old
7868,18.81523060798645,0.9860571573909386,CVPF,soup_scene3,70,old
7869,18.817671298980713,0.9860571573909386,CVPF,soup_scene3,70,old
7870,18.82003378868103,0.9860571573909386,CVPF,soup_scene3,70,old
7871,18.822357177734375,0.9860571573909386,CVPF,soup_scene3,70,old
7872,18.824981689453125,0.9850457929282654,CVPF,soup_scene3,70,old
7873,18.827435731887817,0.9850457929282654,CVPF,soup_scene3,70,old
7874,18.829681158065796,0.9850457929282654,CVPF,soup_scene3,70,old
7875,18.832075119018555,0.9850457929282654,CVPF,soup_scene3,70,old
7876,18.834596633911133,0.985012649147685,CVPF,soup_scene3,70,old
7877,18.836971521377563,0.9858185082905954,CVPF,soup_scene3,70,old
7878,18.83934712409973,0.9858185082905954,CVPF,soup_scene3,70,old
7879,18.841675519943237,0.9858185082905954,CVPF,soup_scene3,70,old
7880,18.844036102294922,0.9858185082905954,CVPF,soup_scene3,70,old
7881,18.84667444229126,0.9880661579558649,CVPF,soup_scene3,70,old
7882,18.849014282226562,0.9880661579558649,CVPF,soup_scene3,70,old
7883,18.851332187652588,0.9880661579558649,CVPF,soup_scene3,70,old
7884,18.853991270065308,0.9888237019253397,CVPF,soup_scene3,70,old
7885,18.85717797279358,1.5086011633021943,CVPF,soup_scene3,70,old
7886,18.859506607055664,1.5086011633021943,CVPF,soup_scene3,70,old
7887,18.861814260482788,1.5086011633021943,CVPF,soup_scene3,70,old
7888,18.8644015789032,1.508625938342376,CVPF,soup_scene3,70,old
7889,18.86675477027893,1.5102912965178146,CVPF,soup_scene3,70,old
7890,18.86917734146118,1.5102912965178146,CVPF,soup_scene3,70,old
7891,18.871705770492554,1.5102912965178146,CVPF,soup_scene3,70,old
7892,18.87404227256775,1.5102912965178146,CVPF,soup_scene3,70,old
7893,18.876399993896484,1.5102912965178146,CVPF,soup_scene3,70,old
7894,18.878929376602173,1.5093167822475158,CVPF,soup_scene3,70,old
7895,18.88118028640747,1.5093167822475158,CVPF,soup_scene3,70,old
7896,18.883508682250977,1.5093167822475158,CVPF,soup_scene3,70,old
7897,18.886108875274658,1.5093033043114685,CVPF,soup_scene3,70,old
7898,18.888534784317017,1.5114773839893882,CVPF,soup_scene3,70,old
7899,18.890949010849,1.5114773839893882,CVPF,soup_scene3,70,old
7900,18.89330291748047,1.5114773839893882,CVPF,soup_scene3,70,old
7901,18.89574384689331,1.5114773839893882,CVPF,soup_scene3,70,old
7902,18.89816164970398,1.5114773839893882,CVPF,soup_scene3,70,old
7903,18.90046262741089,1.5120918139392836,CVPF,soup_scene3,70,old
7904,18.90286898612976,1.513279350187897,CVPF,soup_scene3,70,old
7905,18.90539526939392,1.5090866500137787,CVPF,soup_scene3,70,old
7906,18.90784788131714,1.5090866500137787,CVPF,soup_scene3,70,old
7907,18.910363912582397,1.5087612593279291,CVPF,soup_scene3,70,old
7908,18.913201093673706,1.50958097621083,CVPF,soup_scene3,70,old
7909,18.91566562652588,1.5108321838453105,CVPF,soup_scene3,70,old
7910,18.91810131072998,1.5108321838453105,CVPF,soup_scene3,70,old
7911,18.92058253288269,1.5105372965898654,CVPF,soup_scene3,70,old
7912,18.923094749450684,1.5105372965898654,CVPF,soup_scene3,70,old
7913,18.925529956817627,1.5105725925979903,CVPF,soup_scene3,70,old
7914,18.928033351898193,1.511854258110414,CVPF,soup_scene3,70,old
7915,18.930541515350342,1.5118280060360303,CVPF,soup_scene3,70,old
7916,18.93293595314026,1.511862892637138,CVPF,soup_scene3,70,old
7917,18.935509204864502,1.511862892637138,CVPF,soup_scene3,70,old
7918,18.93795394897461,1.5097797555880048,CVPF,soup_scene3,70,old
7919,18.940425634384155,1.5097714510103708,CVPF,soup_scene3,70,old
7920,18.942951202392578,1.5112018111951215,CVPF,soup_scene3,70,old
7921,18.94571614265442,1.5088292574409006,CVPF,soup_scene3,70,old
7922,18.948136568069458,1.5088292574409006,CVPF,soup_scene3,70,old
7923,18.950645685195923,1.5085080101904202,CVPF,soup_scene3,70,old
7924,18.953043937683105,1.50844353965624,CVPF,soup_scene3,70,old
7925,18.95537495613098,1.50844353965624,CVPF,soup_scene3,70,old
7926,18.957707166671753,1.50844353965624,CVPF,soup_scene3,70,old
7927,18.960134744644165,1.508805676327129,CVPF,soup_scene3,70,old
7928,18.962592601776123,1.508805676327129,CVPF,soup_scene3,70,old
7929,18.965023040771484,1.508805676327129,CVPF,soup_scene3,70,old
7930,18.967294454574585,1.5087339045058734,CVPF,soup_scene3,70,old
7931,18.96965217590332,1.5087053050726527,CVPF,soup_scene3,70,old
7932,18.9719500541687,1.5087053050726527,CVPF,soup_scene3,70,old
7933,18.97425150871277,1.5087053050726527,CVPF,soup_scene3,70,old
7934,18.97666096687317,1.508744282027389,CVPF,soup_scene3,70,old
7935,18.979138135910034,1.508744282027389,CVPF,soup_scene3,70,old
7936,18.98164439201355,1.508744282027389,CVPF,soup_scene3,70,old
7937,18.98416829109192,1.5087354625691693,CVPF,soup_scene3,70,old
7938,18.98651432991028,1.5090764241186594,CVPF,soup_scene3,70,old
7939,18.98880386352539,1.5090764241186594,CVPF,soup_scene3,70,old
7940,18.991103172302246,1.5090764241186594,CVPF,soup_scene3,70,old
7941,18.993469715118408,1.5110979949918002,CVPF,soup_scene3,70,old
7942,18.99597477912903,1.5110979949918002,CVPF,soup_scene3,70,old
7943,18.99851965904236,1.5110979949918002,CVPF,soup_scene3,70,old
7944,19.000967741012573,1.5100306759601152,CVPF,soup_scene3,70,old
7945,19.003244638442993,1.5100306759601152,CVPF,soup_scene3,70,old
7946,19.006009340286255,1.5100306759601152,CVPF,soup_scene3,70,old
7947,19.00838279724121,1.5103608036969622,CVPF,soup_scene3,70,old
7948,19.01100754737854,1.5108290942921423,CVPF,soup_scene3,70,old
7949,19.013643503189087,1.5108290942921423,CVPF,soup_scene3,70,old
7950,19.017151355743408,2.1433132238076293,CVPF,soup_scene3,70,old
7951,19.01980757713318,2.1442840628258972,CVPF,soup_scene3,70,old
7952,19.022214889526367,2.1442840628258972,CVPF,soup_scene3,70,old
7953,19.024497032165527,2.1442840628258972,CVPF,soup_scene3,70,old
7954,19.026886463165283,2.1454456060404743,CVPF,soup_scene3,70,old
7955,19.029218196868896,2.1454456060404743,CVPF,soup_scene3,70,old
7956,19.031587600708008,2.1454456060404743,CVPF,soup_scene3,70,old
7957,19.034032344818115,2.145794729613317,CVPF,soup_scene3,70,old
7958,19.03659701347351,2.146224960821252,CVPF,soup_scene3,70,old
7959,19.038947820663452,2.146224960821252,CVPF,soup_scene3,70,old
7960,19.041260957717896,2.146224960821252,CVPF,soup_scene3,70,old
7961,19.043790340423584,2.1456493854917706,CVPF,soup_scene3,70,old
7962,19.04647421836853,2.1456493854917706,CVPF,soup_scene3,70,old
7963,19.048804998397827,2.1456493854917706,CVPF,soup_scene3,70,old
7964,19.05125379562378,2.146138269718703,CVPF,soup_scene3,70,old
7965,19.05373454093933,2.146138269718703,CVPF,soup_scene3,70,old
7966,19.055994987487793,2.146138269718703,CVPF,soup_scene3,70,old
7967,19.05828046798706,2.1458958649340083,CVPF,soup_scene3,70,old
7968,19.0607693195343,2.145229724323359,CVPF,soup_scene3,70,old
7969,19.063127994537354,2.145229724323359,CVPF,soup_scene3,70,old
7970,19.065534830093384,2.145229724323359,CVPF,soup_scene3,70,old
7971,19.06794238090515,2.1451946094767136,CVPF,soup_scene3,70,old
7972,19.070347547531128,2.146245458476219,CVPF,soup_scene3,70,old
7973,19.0728759765625,2.146245458476219,CVPF,soup_scene3,70,old
7974,19.075345277786255,2.1466030434751087,CVPF,soup_scene3,70,old
7975,19.077820539474487,2.147652621090054,CVPF,soup_scene3,70,old
7976,19.080148220062256,2.147652621090054,CVPF,soup_scene3,70,old
7977,19.082419395446777,2.147652621090054,CVPF,soup_scene3,70,old
7978,19.08485221862793,2.1476126325648064,CVPF,soup_scene3,70,old
7979,19.087412118911743,2.146694053731359,CVPF,soup_scene3,70,old
7980,19.089651584625244,2.146694053731359,CVPF,soup_scene3,70,old
7981,19.092058181762695,2.146621914058856,CVPF,soup_scene3,70,old
7982,19.0945725440979,2.1459754931088195,CVPF,soup_scene3,70,old
7983,19.09693741798401,2.1459754931088195,CVPF,soup_scene3,70,old
7984,19.09920334815979,2.1459754931088195,CVPF,soup_scene3,70,old
7985,19.101779222488403,2.146668174111481,CVPF,soup_scene3,70,old
7986,19.104228496551514,2.146668174111481,CVPF,soup_scene3,70,old
7987,19.106560468673706,2.146668174111481,CVPF,soup_scene3,70,old
7988,19.1090087890625,2.146656461714877,CVPF,soup_scene3,70,old
7989,19.1115882396698,2.146053558241147,CVPF,soup_scene3,70,old
7990,19.113869428634644,2.146053558241147,CVPF,soup_scene3,70,old
7991,19.11625862121582,2.146053558241147,CVPF,soup_scene3,70,old
7992,19.118848085403442,2.1458548381245484,CVPF,soup_scene3,70,old
7993,19.12130093574524,2.1458548381245484,CVPF,soup_scene3,70,old
7994,19.12363600730896,2.1458548381245484,CVPF,soup_scene3,70,old
7995,19.126248598098755,2.1457468655410974,CVPF,soup_scene3,70,old
7996,19.128772020339966,2.1457468655410974,CVPF,soup_scene3,70,old
7997,19.131086587905884,2.1457468655410974,CVPF,soup_scene3,70,old
7998,19.133371829986572,2.146178539973641,CVPF,soup_scene3,70,old
7999,19.136099815368652,2.147082819539885,CVPF,soup_scene3,70,old
8000,19.13870096206665,2.147082819539885,CVPF,soup_scene3,70,old
8001,19.14103627204895,2.147082819539885,CVPF,soup_scene3,70,old
8002,19.14514470100403,2.1468426335628816,CVPF,soup_scene3,70,old
8003,19.148212432861328,2.1468426335628816,CVPF,soup_scene3,70,old
8004,19.151684999465942,2.1460484971828953,CVPF,soup_scene3,70,old
8005,19.154271364212036,2.1460484971828953,CVPF,soup_scene3,70,old
8006,19.156643867492676,2.1460484971828953,CVPF,soup_scene3,70,old
8007,19.158980131149292,2.1463890849165015,CVPF,soup_scene3,70,old
8008,19.161673069000244,2.14554586191007,CVPF,soup_scene3,70,old
8009,19.164260387420654,2.14554586191007,CVPF,soup_scene3,70,old
8010,19.166802406311035,2.14554586191007,CVPF,soup_scene3,70,old
8011,19.169536113739014,2.145604662094918,CVPF,soup_scene3,70,old
8012,19.172166109085083,2.145604662094918,CVPF,soup_scene3,70,old
8013,19.174641847610474,2.145604662094918,CVPF,soup_scene3,70,old
8014,19.17746376991272,2.1476285071754004,CVPF,soup_scene3,70,old
8015,19.18041968345642,2.1476285071754004,CVPF,soup_scene3,70,old
8016,19.18335771560669,0.3745532397999503,CVPF,soup_scene3,70,old
8017,19.18610382080078,0.37628266328747767,CVPF,soup_scene3,70,old
8018,19.18845272064209,0.37628266328747767,CVPF,soup_scene3,70,old
8019,19.19068193435669,0.37628266328747767,CVPF,soup_scene3,70,old
8020,19.193257808685303,0.37743026444816885,CVPF,soup_scene3,70,old
8021,19.1957848072052,0.37743026444816885,CVPF,soup_scene3,70,old
8022,19.198043823242188,0.37743026444816885,CVPF,soup_scene3,70,old
8023,19.200445890426636,0.37705799441465526,CVPF,soup_scene3,70,old
8024,19.20301580429077,0.3790257066034065,CVPF,soup_scene3,70,old
8025,19.205385208129883,0.3790257066034065,CVPF,soup_scene3,70,old
8026,19.207749366760254,0.3790257066034065,CVPF,soup_scene3,70,old
8027,19.21036148071289,0.37856293005983244,CVPF,soup_scene3,70,old
8028,19.213106870651245,0.37856293005983244,CVPF,soup_scene3,70,old
8029,19.21552085876465,0.37856293005983244,CVPF,soup_scene3,70,old
8030,19.217991828918457,0.37854012305104723,CVPF,soup_scene3,70,old
8031,19.220335483551025,0.37854012305104723,CVPF,soup_scene3,70,old
8032,19.22255516052246,0.37854012305104723,CVPF,soup_scene3,70,old
8033,19.224799156188965,0.37854012305104723,CVPF,soup_scene3,70,old
8034,19.227301597595215,0.3759845594991915,CVPF,soup_scene3,70,old
8035,19.229573488235474,0.3759845594991915,CVPF,soup_scene3,70,old
8036,19.23182964324951,0.3759845594991915,CVPF,soup_scene3,70,old
8037,19.234105110168457,0.3763375680310197,CVPF,soup_scene3,70,old
8038,19.236594676971436,0.37566785911266254,CVPF,soup_scene3,70,old
8039,19.23926281929016,0.37566785911266254,CVPF,soup_scene3,70,old
8040,19.2415828704834,0.37566785911266254,CVPF,soup_scene3,70,old
8041,19.244060277938843,0.3761250163135357,CVPF,soup_scene3,70,old
8042,19.24668788909912,0.3761250163135357,CVPF,soup_scene3,70,old
8043,19.248924493789673,0.3761250163135357,CVPF,soup_scene3,70,old
8044,19.251461029052734,0.3747687317593152,CVPF,soup_scene3,70,old
8045,19.254054307937622,0.3747687317593152,CVPF,soup_scene3,70,old
8046,19.256412267684937,0.3747687317593152,CVPF,soup_scene3,70,old
8047,19.258797883987427,0.3747929435821275,CVPF,soup_scene3,70,old
8048,19.261327266693115,0.3756009878356812,CVPF,soup_scene3,70,old
8049,19.263574361801147,0.3756009878356812,CVPF,soup_scene3,70,old
8050,19.26580047607422,0.3756009878356812,CVPF,soup_scene3,70,old
8051,19.268155574798584,0.3761638854507031,CVPF,soup_scene3,70,old
8052,19.27056860923767,0.3761638854507031,CVPF,soup_scene3,70,old
8053,19.27302622795105,0.3761638854507031,CVPF,soup_scene3,70,old
8054,19.275494813919067,0.37617531787988434,CVPF,soup_scene3,70,old
8055,19.27800989151001,0.3752880143216145,CVPF,soup_scene3,70,old
8056,19.280495643615723,0.3752880143216145,CVPF,soup_scene3,70,old
8057,19.28279948234558,0.3752880143216145,CVPF,soup_scene3,70,old
8058,19.28534770011902,0.37386182782861543,CVPF,soup_scene3,70,old
8059,19.28782343864441,0.37386182782861543,CVPF,soup_scene3,70,old
8060,19.28999948501587,0.37386182782861543,CVPF,soup_scene3,70,old
8061,19.292490005493164,0.37396066161318864,CVPF,soup_scene3,70,old
8062,19.294910192489624,0.37396066161318864,CVPF,soup_scene3,70,old
8063,19.29724144935608,0.37396066161318864,CVPF,soup_scene3,70,old
8064,19.299479246139526,0.37396066161318864,CVPF,soup_scene3,70,old
8065,19.301963329315186,0.3750059295249954,CVPF,soup_scene3,70,old
8066,19.30439853668213,0.3750059295249954,CVPF,soup_scene3,70,old
8067,19.306785821914673,0.3750059295249954,CVPF,soup_scene3,70,old
8068,19.309324264526367,0.3761545566094848,CVPF,soup_scene3,70,old
8069,19.311974048614502,0.3761545566094848,CVPF,soup_scene3,70,old
8070,19.314404487609863,0.3761545566094848,CVPF,soup_scene3,70,old
8071,19.316938638687134,0.37621495536237515,CVPF,soup_scene3,70,old
8072,19.319528818130493,0.3776710784523178,CVPF,soup_scene3,70,old
8073,19.322113513946533,0.3776710784523178,CVPF,soup_scene3,70,old
8074,19.324392795562744,0.3776710784523178,CVPF,soup_scene3,70,old
8075,19.32695508003235,0.37898817622054853,CVPF,soup_scene3,70,old
8076,19.329541444778442,0.37898817622054853,CVPF,soup_scene3,70,old
8077,19.331915616989136,0.37898817622054853,CVPF,soup_scene3,70,old
8078,19.334559679031372,0.37662561795957306,CVPF,soup_scene3,70,old
8079,19.3378324508667,2.917833470488304,CVPF,soup_scene3,70,old
8080,19.34013056755066,2.917833470488304,CVPF,soup_scene3,70,old
8081,19.342552423477173,2.9164404764013665,CVPF,soup_scene3,70,old
8082,19.345127820968628,2.9164404764013665,CVPF,soup_scene3,70,old
8083,19.34773588180542,2.9164404764013665,CVPF,soup_scene3,70,old
8084,19.349980354309082,2.9164404764013665,CVPF,soup_scene3,70,old
8085,19.352542877197266,2.9191398086544016,CVPF,soup_scene3,70,old
8086,19.355177640914917,2.9191398086544016,CVPF,soup_scene3,70,old
8087,19.357547998428345,2.9191398086544016,CVPF,soup_scene3,70,old
8088,19.360175371170044,2.9160358160306807,CVPF,soup_scene3,70,old
8089,19.36276650428772,2.9160358160306807,CVPF,soup_scene3,70,old
8090,19.365351915359497,2.9160358160306807,CVPF,soup_scene3,70,old
8091,19.36795687675476,2.916112651228123,CVPF,soup_scene3,70,old
8092,19.37066674232483,2.916112651228123,CVPF,soup_scene3,70,old
8093,19.372954607009888,2.916112651228123,CVPF,soup_scene3,70,old
8094,19.375452280044556,2.9164221526201692,CVPF,soup_scene3,70,old
8095,19.378039121627808,2.9164221526201692,CVPF,soup_scene3,70,old
8096,19.380556106567383,2.9164221526201692,CVPF,soup_scene3,70,old
8097,19.382758378982544,2.9164221526201692,CVPF,soup_scene3,70,old
8098,19.38535213470459,2.917791307068683,CVPF,soup_scene3,70,old
8099,19.387968063354492,2.917791307068683,CVPF,soup_scene3,70,old
8100,19.390249490737915,2.917791307068683,CVPF,soup_scene3,70,old
8101,19.392733097076416,2.917797784172258,CVPF,soup_scene3,70,old
8102,19.395419120788574,2.920189695646582,CVPF,soup_scene3,70,old
8103,19.397783994674683,2.920189695646582,CVPF,soup_scene3,70,old
8104,19.40009069442749,2.920189695646582,CVPF,soup_scene3,70,old
8105,19.402719259262085,2.9192015057807987,CVPF,soup_scene3,70,old
8106,19.405348539352417,2.9192015057807987,CVPF,soup_scene3,70,old
8107,19.40791630744934,2.9192015057807987,CVPF,soup_scene3,70,old
8108,19.410459280014038,2.9180265856943937,CVPF,soup_scene3,70,old
8109,19.4131281375885,2.9180265856943937,CVPF,soup_scene3,70,old
8110,19.415637969970703,2.9180265856943937,CVPF,soup_scene3,70,old
8111,19.419485569000244,2.9180525150612806,CVPF,soup_scene3,70,old
8112,19.423033714294434,2.9180525150612806,CVPF,soup_scene3,70,old
8113,19.426660776138306,2.9175244487837073,CVPF,soup_scene3,70,old
8114,19.43030834197998,2.9175244487837073,CVPF,soup_scene3,70,old
8115,19.433777332305908,2.917483424279321,CVPF,soup_scene3,70,old
8116,19.437712907791138,2.917496472944043,CVPF,soup_scene3,70,old
8117,19.443315267562866,2.9168970462654498,CVPF,soup_scene3,70,old
8118,19.446014642715454,2.9168970462654498,CVPF,soup_scene3,70,old
8119,19.44856333732605,2.9168970462654498,CVPF,soup_scene3,70,old
8120,19.451066255569458,2.918941641990081,CVPF,soup_scene3,70,old
8121,19.453558683395386,2.918941641990081,CVPF,soup_scene3,70,old
8122,19.455904483795166,2.918941641990081,CVPF,soup_scene3,70,old
8123,19.458322048187256,2.919010477513449,CVPF,soup_scene3,70,old
8124,19.460922479629517,2.9185414774185157,CVPF,soup_scene3,70,old
8125,19.463429927825928,2.9185414774185157,CVPF,soup_scene3,70,old
8126,19.46581530570984,2.9185414774185157,CVPF,soup_scene3,70,old
8127,19.468453884124756,2.9186328482287927,CVPF,soup_scene3,70,old
8128,19.471189737319946,2.9186328482287927,CVPF,soup_scene3,70,old
8129,19.473772764205933,2.9186328482287927,CVPF,soup_scene3,70,old
8130,19.476340770721436,2.9185964327755007,CVPF,soup_scene3,70,old
8131,19.479241609573364,2.9185964327755007,CVPF,soup_scene3,70,old
8132,19.48188853263855,2.9185964327755007,CVPF,soup_scene3,70,old
8133,19.484469175338745,2.918198848162962,CVPF,soup_scene3,70,old
8134,19.487060546875,2.9179439569738146,CVPF,soup_scene3,70,old
8135,19.489604473114014,2.9179439569738146,CVPF,soup_scene3,70,old
8136,19.492114543914795,2.9183647923423175,CVPF,soup_scene3,70,old
8137,19.494670629501343,2.9177232075396335,CVPF,soup_scene3,70,old
8138,19.497185707092285,2.9177232075396335,CVPF,soup_scene3,70,old
8139,19.50011420249939,0.7540154701615878,CVPF,soup_scene3,70,old
8140,19.502585887908936,0.7547547965684647,CVPF,soup_scene3,70,old
8141,19.50504231452942,0.7547547965684647,CVPF,soup_scene3,70,old
8142,19.507407426834106,0.7547547965684647,CVPF,soup_scene3,70,old
8143,19.509987354278564,0.7536937435013753,CVPF,soup_scene3,70,old
8144,19.51262903213501,0.7536937435013753,CVPF,soup_scene3,70,old
8145,19.514888048171997,0.7536937435013753,CVPF,soup_scene3,70,old
8146,19.517149209976196,0.7536937435013753,CVPF,soup_scene3,70,old
8147,19.519668102264404,0.7521139439606719,CVPF,soup_scene3,70,old
8148,19.522053956985474,0.7521139439606719,CVPF,soup_scene3,70,old
8149,19.52427101135254,0.7521139439606719,CVPF,soup_scene3,70,old
8150,19.526710271835327,0.752277172409495,CVPF,soup_scene3,70,old
8151,19.52918815612793,0.752277172409495,CVPF,soup_scene3,70,old
8152,19.531447649002075,0.752277172409495,CVPF,soup_scene3,70,old
8153,19.53403925895691,0.7517275164318598,CVPF,soup_scene3,70,old
8154,19.536536931991577,0.7531002199037049,CVPF,soup_scene3,70,old
8155,19.539015293121338,0.7531002199037049,CVPF,soup_scene3,70,old
8156,19.54143714904785,0.75403105935401,CVPF,soup_scene3,70,old
8157,19.543991327285767,0.7542550019146814,CVPF,soup_scene3,70,old
8158,19.546395301818848,0.7542550019146814,CVPF,soup_scene3,70,old
8159,19.548754453659058,0.7542550019146814,CVPF,soup_scene3,70,old
8160,19.551251649856567,0.7542683803901031,CVPF,soup_scene3,70,old
8161,19.553696155548096,0.7542683803901031,CVPF,soup_scene3,70,old
8162,19.556102752685547,0.7542683803901031,CVPF,soup_scene3,70,old
8163,19.558549165725708,0.7542512716984229,CVPF,soup_scene3,70,old
8164,19.561062812805176,0.7555960532415158,CVPF,soup_scene3,70,old
8165,19.563479900360107,0.7555960532415158,CVPF,soup_scene3,70,old
8166,19.565789937973022,0.7555960532415158,CVPF,soup_scene3,70,old
8167,19.56822633743286,0.7558771041896817,CVPF,soup_scene3,70,old
8168,19.570595264434814,0.7558771041896817,CVPF,soup_scene3,70,old
8169,19.573063373565674,0.7558771041896817,CVPF,soup_scene3,70,old
8170,19.57535743713379,0.7558771041896817,CVPF,soup_scene3,70,old
8171,19.57768440246582,0.7561126423335676,CVPF,soup_scene3,70,old
8172,19.580304384231567,0.7564244928909565,CVPF,soup_scene3,70,old
8173,19.58263111114502,0.7564244928909565,CVPF,soup_scene3,70,old
8174,19.58510398864746,0.7564244928909565,CVPF,soup_scene3,70,old
8175,19.58745265007019,0.7564244928909565,CVPF,soup_scene3,70,old
8176,19.589659929275513,0.7564244928909565,CVPF,soup_scene3,70,old
8177,19.59217095375061,0.7551173583045312,CVPF,soup_scene3,70,old
8178,19.594573259353638,0.7551173583045312,CVPF,soup_scene3,70,old
8179,19.596832275390625,0.7551173583045312,CVPF,soup_scene3,70,old
8180,19.59940481185913,0.7552505753679526,CVPF,soup_scene3,70,old
8181,19.601874828338623,0.7541453722120357,CVPF,soup_scene3,70,old
8182,19.604267358779907,0.7541453722120357,CVPF,soup_scene3,70,old
8183,19.606868982315063,0.7540814124208239,CVPF,soup_scene3,70,old
8184,19.609335899353027,0.7551505185190948,CVPF,soup_scene3,70,old
8185,19.61185073852539,0.7551505185190948,CVPF,soup_scene3,70,old
8186,19.61417818069458,0.7551505185190948,CVPF,soup_scene3,70,old
8187,19.61658525466919,0.7547448319713617,CVPF,soup_scene3,70,old
8188,19.618868112564087,0.7547457075596711,CVPF,soup_scene3,70,old
8189,19.621159315109253,0.7547457075596711,CVPF,soup_scene3,70,old
8190,19.62362289428711,0.7547457075596711,CVPF,soup_scene3,70,old
8191,19.626002311706543,0.7547457075596711,CVPF,soup_scene3,70,old
8192,19.628562211990356,0.753453967872348,CVPF,soup_scene3,70,old
8193,19.630897045135498,0.753453967872348,CVPF,soup_scene3,70,old
8194,19.63323974609375,0.753453967872348,CVPF,soup_scene3,70,old
8195,19.635636568069458,0.753453967872348,CVPF,soup_scene3,70,old
8196,19.638139009475708,0.753453967872348,CVPF,soup_scene3,70,old
8197,19.64063858985901,0.7543280450600935,CVPF,soup_scene3,70,old
8198,19.643128871917725,0.7543280450600935,CVPF,soup_scene3,70,old
8199,19.645691633224487,0.7543280450600935,CVPF,soup_scene3,70,old
8200,19.648229360580444,0.7542338323705566,CVPF,soup_scene3,70,old
8201,19.6506826877594,0.7556387833958143,CVPF,soup_scene3,70,old
8202,19.65308403968811,0.7556387833958143,CVPF,soup_scene3,70,old
8203,19.655521392822266,0.7556387833958143,CVPF,soup_scene3,70,old
8204,19.65871834754944,0.7556387833958143,CVPF,soup_scene3,70,old
8205,19.661194562911987,1.7328347524386822,CVPF,soup_scene3,70,old
8206,19.663811922073364,1.7311781211812178,CVPF,soup_scene3,70,old
8207,19.666311025619507,1.7311781211812178,CVPF,soup_scene3,70,old
8208,19.66859793663025,1.7311781211812178,CVPF,soup_scene3,70,old
8209,19.6709725856781,1.7312201115898647,CVPF,soup_scene3,70,old
8210,19.673627138137817,1.7315382765569465,CVPF,soup_scene3,70,old
8211,19.676066398620605,1.7315382765569465,CVPF,soup_scene3,70,old
8212,19.678574800491333,1.7315382765569465,CVPF,soup_scene3,70,old
8213,19.681298971176147,1.730248265421025,CVPF,soup_scene3,70,old
8214,19.683645009994507,1.730248265421025,CVPF,soup_scene3,70,old
8215,19.685950756072998,1.730248265421025,CVPF,soup_scene3,70,old
8216,19.68838143348694,1.730248265421025,CVPF,soup_scene3,70,old
8217,19.690819263458252,1.7305689308573045,CVPF,soup_scene3,70,old
8218,19.693259239196777,1.7305616544990488,CVPF,soup_scene3,70,old
8219,19.695575714111328,1.7305616544990488,CVPF,soup_scene3,70,old
8220,19.69794774055481,1.7305616544990488,CVPF,soup_scene3,70,old
8221,19.700397968292236,1.7305359896082613,CVPF,soup_scene3,70,old
8222,19.702763080596924,1.7313176840496602,CVPF,soup_scene3,70,old
8223,19.705882787704468,1.7320696213340936,CVPF,soup_scene3,70,old
8224,19.70849323272705,1.7320696213340936,CVPF,soup_scene3,70,old
8225,19.711069345474243,1.732806270894434,CVPF,soup_scene3,70,old
8226,19.713747262954712,1.7324440089060151,CVPF,soup_scene3,70,old
8227,19.716168880462646,1.7312178173020314,CVPF,soup_scene3,70,old
8228,19.718772649765015,1.7319987409949478,CVPF,soup_scene3,70,old
8229,19.721355438232422,1.7319987409949478,CVPF,soup_scene3,70,old
8230,19.723902702331543,1.7315247770237352,CVPF,soup_scene3,70,old
8231,19.726436614990234,1.7319557568538861,CVPF,soup_scene3,70,old
8232,19.728935718536377,1.7296436131873674,CVPF,soup_scene3,70,old
8233,19.7313232421875,1.7296436131873674,CVPF,soup_scene3,70,old
8234,19.73372721672058,1.7296057955104522,CVPF,soup_scene3,70,old
8235,19.736266374588013,1.7301348451633096,CVPF,soup_scene3,70,old
8236,19.738778829574585,1.7301348451633096,CVPF,soup_scene3,70,old
8237,19.741050243377686,1.7301348451633096,CVPF,soup_scene3,70,old
8238,19.743600845336914,1.7295571825884437,CVPF,soup_scene3,70,old
8239,19.74615788459778,1.7295571825884437,CVPF,soup_scene3,70,old
8240,19.748552322387695,1.7295571825884437,CVPF,soup_scene3,70,old
8241,19.750964641571045,1.7291932500131297,CVPF,soup_scene3,70,old
8242,19.753350257873535,1.7292526574946134,CVPF,soup_scene3,70,old
8243,19.755624771118164,1.7292526574946134,CVPF,soup_scene3,70,old
8244,19.757858276367188,1.7292526574946134,CVPF,soup_scene3,70,old
8245,19.760251998901367,1.7299127582631721,CVPF,soup_scene3,70,old
8246,19.762750387191772,1.7299127582631721,CVPF,soup_scene3,70,old
8247,19.765085220336914,1.7299127582631721,CVPF,soup_scene3,70,old
8248,19.76761770248413,1.730290333574962,CVPF,soup_scene3,70,old
8249,19.7701199054718,1.730290333574962,CVPF,soup_scene3,70,old
8250,19.77243947982788,1.730290333574962,CVPF,soup_scene3,70,old
8251,19.774727821350098,1.730290333574962,CVPF,soup_scene3,70,old
8252,19.777347087860107,1.7328102303420279,CVPF,soup_scene3,70,old
8253,19.780693531036377,1.7328102303420279,CVPF,soup_scene3,70,old
8254,19.784273386001587,1.731492570957166,CVPF,soup_scene3,70,old
8255,19.78797483444214,1.731492570957166,CVPF,soup_scene3,70,old
8256,19.791553497314453,1.731492570957166,CVPF,soup_scene3,70,old
8257,19.795191049575806,1.7309039739456655,CVPF,soup_scene3,70,old
8258,19.798722505569458,1.7309039739456655,CVPF,soup_scene3,70,old
8259,19.80239176750183,1.730066749073784,CVPF,soup_scene3,70,old
8260,19.805963039398193,1.730066749073784,CVPF,soup_scene3,70,old
8261,19.809568881988525,1.730066749073784,CVPF,soup_scene3,70,old
8262,19.813459873199463,1.7288858171692674,CVPF,soup_scene3,70,old
8263,19.817044258117676,1.7292991660604211,CVPF,soup_scene3,70,old
8264,19.82083559036255,1.7303468493793879,CVPF,soup_scene3,70,old
8265,19.824392318725586,1.7303468493793879,CVPF,soup_scene3,70,old
8266,19.82807755470276,1.7300258428507216,CVPF,soup_scene3,70,old
8267,19.831364393234253,1.7300258428507216,CVPF,soup_scene3,70,old
8268,19.835036516189575,1.7301422800407424,CVPF,soup_scene3,70,old
8269,19.838791847229004,1.7301422800407424,CVPF,soup_scene3,70,old
8270,19.84233069419861,1.7301413373857655,CVPF,soup_scene3,70,old
8271,19.846061944961548,1.7290805380665264,CVPF,soup_scene3,70,old
8272,19.84963059425354,1.7290805380665264,CVPF,soup_scene3,70,old
8273,19.853287935256958,1.728984575713551,CVPF,soup_scene3,70,old
8274,19.85582208633423,1.91856815439648,CVPF,soup_scene3,70,old
8275,19.858064889907837,1.91856815439648,CVPF,soup_scene3,70,old
8276,19.86076021194458,1.919462277114969,CVPF,soup_scene3,70,old
8277,19.86333131790161,1.919462277114969,CVPF,soup_scene3,70,old
8278,19.86568546295166,1.919462277114969,CVPF,soup_scene3,70,old
8279,19.868234395980835,1.9206321128297201,CVPF,soup_scene3,70,old
8280,19.870821475982666,1.9206321128297201,CVPF,soup_scene3,70,old
8281,19.873151302337646,1.9206321128297201,CVPF,soup_scene3,70,old
8282,19.875765085220337,1.920646039800896,CVPF,soup_scene3,70,old
8283,19.878355741500854,1.9198642908789603,CVPF,soup_scene3,70,old
8284,19.881133794784546,1.9198642908789603,CVPF,soup_scene3,70,old
8285,19.883463144302368,1.9198642908789603,CVPF,soup_scene3,70,old
8286,19.885812520980835,1.9189948064624998,CVPF,soup_scene3,70,old
8287,19.88806915283203,1.9189948064624998,CVPF,soup_scene3,70,old
8288,19.890392780303955,1.9189948064624998,CVPF,soup_scene3,70,old
8289,19.89281439781189,1.920793220173278,CVPF,soup_scene3,70,old
8290,19.89514994621277,1.920793220173278,CVPF,soup_scene3,70,old
8291,19.897476196289062,1.920793220173278,CVPF,soup_scene3,70,old
8292,19.899792909622192,1.920793220173278,CVPF,soup_scene3,70,old
8293,19.902328491210938,1.9205925197145812,CVPF,soup_scene3,70,old
8294,19.904648065567017,1.9205925197145812,CVPF,soup_scene3,70,old
8295,19.906919717788696,1.9205925197145812,CVPF,soup_scene3,70,old
8296,19.909456491470337,1.9227320628771527,CVPF,soup_scene3,70,old
8297,19.911705255508423,1.9227320628771527,CVPF,soup_scene3,70,old
8298,19.914557456970215,1.9227320628771527,CVPF,soup_scene3,70,old
8299,19.9169864654541,1.9227320628771527,CVPF,soup_scene3,70,old
8300,19.91963005065918,1.9232850841661888,CVPF,soup_scene3,70,old
8301,19.922118425369263,1.9232850841661888,CVPF,soup_scene3,70,old
8302,19.924404621124268,1.9232850841661888,CVPF,soup_scene3,70,old
8303,19.926947593688965,1.923576799875669,CVPF,soup_scene3,70,old
8304,19.929553985595703,1.923576799875669,CVPF,soup_scene3,70,old
8305,19.93194317817688,1.923576799875669,CVPF,soup_scene3,70,old
8306,19.934343338012695,1.9212823787540574,CVPF,soup_scene3,70,old
8307,19.93680715560913,1.9212823787540574,CVPF,soup_scene3,70,old
8308,19.93922996520996,1.9212823787540574,CVPF,soup_scene3,70,old
8309,19.941431522369385,1.9212823787540574,CVPF,soup_scene3,70,old
8310,19.94398283958435,1.9220040769950413,CVPF,soup_scene3,70,old
8311,19.94679617881775,1.9220040769950413,CVPF,soup_scene3,70,old
8312,19.94924783706665,1.9220040769950413,CVPF,soup_scene3,70,old
8313,19.952491998672485,1.923411876271722,CVPF,soup_scene3,70,old
8314,19.95577049255371,1.923411876271722,CVPF,soup_scene3,70,old
8315,19.958932161331177,1.923411876271722,CVPF,soup_scene3,70,old
8316,19.96272897720337,1.9257006445799383,CVPF,soup_scene3,70,old
8317,19.96617865562439,1.9257006445799383,CVPF,soup_scene3,70,old
8318,19.969698190689087,1.9257006445799383,CVPF,soup_scene3,70,old
8319,19.973357439041138,1.924591938802745,CVPF,soup_scene3,70,old
8320,19.976680278778076,1.924591938802745,CVPF,soup_scene3,70,old
8321,19.980262517929077,1.924591938802745,CVPF,soup_scene3,70,old
8322,19.983867168426514,1.9253327556262438,CVPF,soup_scene3,70,old
8323,19.987447023391724,1.9253327556262438,CVPF,soup_scene3,70,old
8324,19.990167379379272,1.9253327556262438,CVPF,soup_scene3,70,old
8325,19.99257516860962,1.9253327556262438,CVPF,soup_scene3,70,old
8326,19.995664596557617,0.5950395659833968,CVPF,soup_scene3,70,old
8327,19.998050928115845,0.5950395659833968,CVPF,soup_scene3,70,old
8328,20.000462532043457,0.5950395659833968,CVPF,soup_scene3,70,old
8329,20.002705812454224,0.5950395659833968,CVPF,soup_scene3,70,old
8330,20.00514006614685,0.5939025794965115,CVPF,soup_scene3,70,old
8331,20.007499933242798,0.5939025794965115,CVPF,soup_scene3,70,old
8332,20.0099995136261,0.5939025794965115,CVPF,soup_scene3,70,old
8333,20.012402772903442,0.5935190121516208,CVPF,soup_scene3,70,old
8334,20.014737367630005,0.5935190121516208,CVPF,soup_scene3,70,old
8335,20.017098665237427,0.5940347251880744,CVPF,soup_scene3,70,old
8336,20.019564390182495,0.5940347251880744,CVPF,soup_scene3,70,old
8337,20.021989107131958,0.5940347251880744,CVPF,soup_scene3,70,old
8338,20.02424716949463,0.5940347251880744,CVPF,soup_scene3,70,old
8339,20.0264790058136,0.5940347251880744,CVPF,soup_scene3,70,old
8340,20.029033422470093,0.5953511445972122,CVPF,soup_scene3,70,old
8341,20.031542778015137,0.5953511445972122,CVPF,soup_scene3,70,old
8342,20.033835411071777,0.5953511445972122,CVPF,soup_scene3,70,old
8343,20.036171913146973,0.5945805930998076,CVPF,soup_scene3,70,old
8344,20.038649082183838,0.5945805930998076,CVPF,soup_scene3,70,old
8345,20.04104971885681,0.5945805930998076,CVPF,soup_scene3,70,old
8346,20.043332815170288,0.5945777660514769,CVPF,soup_scene3,70,old
8347,20.045639514923096,0.5945777660514769,CVPF,soup_scene3,70,old
8348,20.048035621643066,0.5922454810483374,CVPF,soup_scene3,70,old
8349,20.050472259521484,0.5922454810483374,CVPF,soup_scene3,70,old
8350,20.052830934524536,0.5922454810483374,CVPF,soup_scene3,70,old
8351,20.055105924606323,0.5922454810483374,CVPF,soup_scene3,70,old
8352,20.057599782943726,0.5918710695282751,CVPF,soup_scene3,70,old
8353,20.060012817382812,0.5918710695282751,CVPF,soup_scene3,70,old
8354,20.06226420402527,0.5918710695282751,CVPF,soup_scene3,70,old
8355,20.064842462539673,0.5918710695282751,CVPF,soup_scene3,70,old
8356,20.067314863204956,0.5922307294264727,CVPF,soup_scene3,70,old
8357,20.069765090942383,0.5922307294264727,CVPF,soup_scene3,70,old
8358,20.072296380996704,0.5920350638687821,CVPF,soup_scene3,70,old
8359,20.07476234436035,0.5920350638687821,CVPF,soup_scene3,70,old
8360,20.07710576057434,0.5920350638687821,CVPF,soup_scene3,70,old
8361,20.079861164093018,0.5920350638687821,CVPF,soup_scene3,70,old
8362,20.08351445198059,0.5914083891993627,CVPF,soup_scene3,70,old
8363,20.086418390274048,0.5914083891993627,CVPF,soup_scene3,70,old
8364,20.089186429977417,0.5914083891993627,CVPF,soup_scene3,70,old
8365,20.091920375823975,0.5914003621851345,CVPF,soup_scene3,70,old
8366,20.094646453857422,0.5914003621851345,CVPF,soup_scene3,70,old
8367,20.097363233566284,0.5914406424217652,CVPF,soup_scene3,70,old
8368,20.0999436378479,0.5914406424217652,CVPF,soup_scene3,70,old
8369,20.1024227142334,0.5914406424217652,CVPF,soup_scene3,70,old
8370,20.10584020614624,0.593418226044426,CVPF,soup_scene3,70,old
8371,20.109689950942993,0.593157960198596,CVPF,soup_scene3,70,old
8372,20.113235473632812,0.5934499032597155,CVPF,soup_scene3,70,old
8373,20.116682529449463,0.5920076085278956,CVPF,soup_scene3,70,old
8374,20.12008547782898,0.5910180884240789,CVPF,soup_scene3,70,old
8375,20.123358488082886,0.5914661683794554,CVPF,soup_scene3,70,old
8376,20.125872135162354,0.5893502959929832,CVPF,soup_scene3,70,old
8377,20.1284818649292,0.5913581249403939,CVPF,soup_scene3,70,old
8378,20.13126230239868,0.5913581249403939,CVPF,soup_scene3,70,old
8379,20.1344473361969,3.1343081325909203,CVPF,soup_scene3,70,old
8380,20.137048721313477,3.1348767206585135,CVPF,soup_scene3,70,old
8381,20.139534950256348,3.134209364014648,CVPF,soup_scene3,70,old
8382,20.142082452774048,3.134209364014648,CVPF,soup_scene3,70,old
8383,20.14458203315735,3.1341696182576193,CVPF,soup_scene3,70,old
8384,20.147255659103394,3.134839843658862,CVPF,soup_scene3,70,old
8385,20.149765253067017,3.1348607123669323,CVPF,soup_scene3,70,old
8386,20.152501821517944,3.1359679575894,CVPF,soup_scene3,70,old
8387,20.15501594543457,3.1359679575894,CVPF,soup_scene3,70,old
8388,20.15745258331299,3.1365966988895595,CVPF,soup_scene3,70,old
8389,20.159903526306152,3.1365966988895595,CVPF,soup_scene3,70,old
8390,20.162484169006348,3.1343623404951435,CVPF,soup_scene3,70,old
8391,20.16501021385193,3.1343623404951435,CVPF,soup_scene3,70,old
8392,20.16735816001892,3.133826291392472,CVPF,soup_scene3,70,old
8393,20.16996431350708,3.134352213698255,CVPF,soup_scene3,70,old
8394,20.172481536865234,3.134352213698255,CVPF,soup_scene3,70,old
8395,20.174731492996216,3.134352213698255,CVPF,soup_scene3,70,old
8396,20.177339553833008,3.1351626010644087,CVPF,soup_scene3,70,old
8397,20.179917573928833,3.1351626010644087,CVPF,soup_scene3,70,old
8398,20.182294368743896,3.1351626010644087,CVPF,soup_scene3,70,old
8399,20.18473243713379,3.137012893642906,CVPF,soup_scene3,70,old
8400,20.1872501373291,3.137012893642906,CVPF,soup_scene3,70,old
8401,20.18954086303711,3.137012893642906,CVPF,soup_scene3,70,old
8402,20.192073583602905,3.136577685947732,CVPF,soup_scene3,70,old
8403,20.194611072540283,3.1362956805746713,CVPF,soup_scene3,70,old
8404,20.19706678390503,3.1362956805746713,CVPF,soup_scene3,70,old
8405,20.199347019195557,3.1362956805746713,CVPF,soup_scene3,70,old
8406,20.20190453529358,3.1365214866771773,CVPF,soup_scene3,70,old
8407,20.20444107055664,3.1365214866771773,CVPF,soup_scene3,70,old
8408,20.2067129611969,3.1365214866771773,CVPF,soup_scene3,70,old
8409,20.20909333229065,3.1365214866771773,CVPF,soup_scene3,70,old
8410,20.211857557296753,3.135772361501682,CVPF,soup_scene3,70,old
8411,20.214319467544556,3.135772361501682,CVPF,soup_scene3,70,old
8412,20.216617822647095,3.135772361501682,CVPF,soup_scene3,70,old
8413,20.219218015670776,3.13695965980068,CVPF,soup_scene3,70,old
8414,20.2216796875,3.13695965980068,CVPF,soup_scene3,70,old
8415,20.2239887714386,3.13695965980068,CVPF,soup_scene3,70,old
8416,20.2264301776886,3.138222040132692,CVPF,soup_scene3,70,old
8417,20.228928327560425,3.138222040132692,CVPF,soup_scene3,70,old
8418,20.231348752975464,3.138222040132692,CVPF,soup_scene3,70,old
8419,20.23388981819153,3.13786940146335,CVPF,soup_scene3,70,old
8420,20.23638606071472,3.139162737171758,CVPF,soup_scene3,70,old
8421,20.238571643829346,3.139162737171758,CVPF,soup_scene3,70,old
8422,20.240859031677246,3.139162737171758,CVPF,soup_scene3,70,old
8423,20.243292093276978,3.138637478459447,CVPF,soup_scene3,70,old
8424,20.24586319923401,3.1386835271513136,CVPF,soup_scene3,70,old
8425,20.248148918151855,3.1386835271513136,CVPF,soup_scene3,70,old
8426,20.250428438186646,3.1386835271513136,CVPF,soup_scene3,70,old
8427,20.25315833091736,3.1401805472644106,CVPF,soup_scene3,70,old
8428,20.255526304244995,3.1401805472644106,CVPF,soup_scene3,70,old
8429,20.257862091064453,3.1401805472644106,CVPF,soup_scene3,70,old
8430,20.260446786880493,3.1405786872238806,CVPF,soup_scene3,70,old
8431,20.26301860809326,3.1405786872238806,CVPF,soup_scene3,70,old
8432,20.265276432037354,3.1405786872238806,CVPF,soup_scene3,70,old
8433,20.267800092697144,3.1397314222813506,CVPF,soup_scene3,70,old
8434,20.27046275138855,3.1397314222813506,CVPF,soup_scene3,70,old
8435,20.27290940284729,3.1397314222813506,CVPF,soup_scene3,70,old
8436,20.27539849281311,3.1400522452472472,CVPF,soup_scene3,70,old
8437,20.278137683868408,3.139822161557134,CVPF,soup_scene3,70,old
8438,20.280741691589355,3.139822161557134,CVPF,soup_scene3,70,old
8439,20.283106327056885,3.139822161557134,CVPF,soup_scene3,70,old
8440,20.285677433013916,3.1373387776756774,CVPF,soup_scene3,70,old
8441,20.288325548171997,3.1373387776756774,CVPF,soup_scene3,70,old
8442,20.29073429107666,3.1373387776756774,CVPF,soup_scene3,70,old
8443,20.293354511260986,0.5321132778739379,CVPF,soup_scene3,70,old
8444,20.29608702659607,0.5321132778739379,CVPF,soup_scene3,70,old
8445,20.29853320121765,0.5321132778739379,CVPF,soup_scene3,70,old
8446,20.30133605003357,0.5313074582310406,CVPF,soup_scene3,70,old
8447,20.303964376449585,0.5313074582310406,CVPF,soup_scene3,70,old
8448,20.306352138519287,0.5313074582310406,CVPF,soup_scene3,70,old
8449,20.308992624282837,0.531318915381541,CVPF,soup_scene3,70,old
8450,20.312411546707153,0.5309601315196568,CVPF,soup_scene3,70,old
8451,20.31503677368164,0.5309601315196568,CVPF,soup_scene3,70,old
8452,20.317572593688965,0.5309262761851574,CVPF,soup_scene3,70,old
8453,20.319952249526978,0.5325062293498677,CVPF,soup_scene3,70,old
8454,20.322262287139893,0.5325062293498677,CVPF,soup_scene3,70,old
8455,20.3244891166687,0.5325062293498677,CVPF,soup_scene3,70,old
8456,20.326973915100098,0.5327687645009727,CVPF,soup_scene3,70,old
8457,20.32930040359497,0.5327687645009727,CVPF,soup_scene3,70,old
8458,20.33163070678711,0.5327687645009727,CVPF,soup_scene3,70,old
8459,20.333991050720215,0.5330833634579673,CVPF,soup_scene3,70,old
8460,20.336731910705566,0.532896291531392,CVPF,soup_scene3,70,old
8461,20.339075088500977,0.532896291531392,CVPF,soup_scene3,70,old
8462,20.341378450393677,0.532896291531392,CVPF,soup_scene3,70,old
8463,20.34389853477478,0.5329542580115101,CVPF,soup_scene3,70,old
8464,20.346539974212646,0.5329542580115101,CVPF,soup_scene3,70,old
8465,20.348891258239746,0.5329542580115101,CVPF,soup_scene3,70,old
8466,20.351279258728027,0.5338755911641986,CVPF,soup_scene3,70,old
8467,20.353803873062134,0.5338755911641986,CVPF,soup_scene3,70,old
8468,20.356148719787598,0.5338755911641986,CVPF,soup_scene3,70,old
8469,20.358555793762207,0.5338324233950162,CVPF,soup_scene3,70,old
8470,20.36096429824829,0.534095902784129,CVPF,soup_scene3,70,old
8471,20.363598346710205,0.534095902784129,CVPF,soup_scene3,70,old
8472,20.365885734558105,0.534095902784129,CVPF,soup_scene3,70,old
8473,20.36832308769226,0.5341606978694546,CVPF,soup_scene3,70,old
8474,20.370769023895264,0.5341606978694546,CVPF,soup_scene3,70,old
8475,20.373250246047974,0.5341606978694546,CVPF,soup_scene3,70,old
8476,20.375712394714355,0.5343759354536077,CVPF,soup_scene3,70,old
8477,20.37818169593811,0.5343759354536077,CVPF,soup_scene3,70,old
8478,20.38056445121765,0.5343759354536077,CVPF,soup_scene3,70,old
8479,20.38284158706665,0.5343759354536077,CVPF,soup_scene3,70,old
8480,20.385392665863037,0.5349917203357313,CVPF,soup_scene3,70,old
8481,20.387766122817993,0.5349917203357313,CVPF,soup_scene3,70,old
8482,20.390017986297607,0.5349917203357313,CVPF,soup_scene3,70,old
8483,20.392555475234985,0.5352249751953932,CVPF,soup_scene3,70,old
8484,20.395031929016113,0.5352249751953932,CVPF,soup_scene3,70,old
8485,20.39723777770996,0.5352249751953932,CVPF,soup_scene3,70,old
8486,20.39945888519287,0.5352249751953932,CVPF,soup_scene3,70,old
8487,20.402050495147705,0.5349365656601082,CVPF,soup_scene3,70,old
8488,20.404452085494995,0.5349365656601082,CVPF,soup_scene3,70,old
8489,20.406646728515625,0.5349365656601082,CVPF,soup_scene3,70,old
8490,20.40902853012085,0.5349220456102914,CVPF,soup_scene3,70,old
8491,20.411575078964233,0.5351067152534776,CVPF,soup_scene3,70,old
8492,20.414215326309204,0.5351067152534776,CVPF,soup_scene3,70,old
8493,20.416503429412842,0.5351067152534776,CVPF,soup_scene3,70,old
8494,20.418954610824585,0.5348831825225302,CVPF,soup_scene3,70,old
8495,20.42128300666809,0.5348831825225302,CVPF,soup_scene3,70,old
8496,20.423778772354126,0.5348831825225302,CVPF,soup_scene3,70,old
8497,20.42653512954712,0.534772763474316,CVPF,soup_scene3,70,old
8498,20.4290771484375,0.534772763474316,CVPF,soup_scene3,70,old
8499,20.431379795074463,0.534772763474316,CVPF,soup_scene3,70,old
8500,20.434396266937256,0.5343779714352168,CVPF,soup_scene3,70,old
8501,20.438148975372314,0.5343779714352168,CVPF,soup_scene3,70,old
8502,20.44168496131897,0.5349422968830728,CVPF,soup_scene3,70,old
8503,20.445425510406494,0.5350422325943933,CVPF,soup_scene3,70,old
8504,20.448761463165283,0.5350422325943933,CVPF,soup_scene3,70,old
8505,20.452402353286743,0.5354063113860787,CVPF,soup_scene3,70,old
8506,20.456008672714233,0.5354063113860787,CVPF,soup_scene3,70,old
8507,20.459580183029175,0.5351338554330836,CVPF,soup_scene3,70,old
8508,20.463250398635864,0.5351338554330836,CVPF,soup_scene3,70,old
8509,20.466670751571655,0.5351338554330836,CVPF,soup_scene3,70,old
8510,20.47017550468445,0.5353651902112304,CVPF,soup_scene3,70,old
8511,20.473369598388672,1.9614144465460415,CVPF,soup_scene3,70,old
8512,20.475813627243042,1.9619012416572061,CVPF,soup_scene3,70,old
8513,20.4783775806427,1.9619012416572061,CVPF,soup_scene3,70,old
8514,20.48076105117798,1.9619012416572061,CVPF,soup_scene3,70,old
8515,20.483118295669556,1.9619012416572061,CVPF,soup_scene3,70,old
8516,20.485613346099854,1.9614897719401352,CVPF,soup_scene3,70,old
8517,20.488973140716553,1.9614897719401352,CVPF,soup_scene3,70,old
8518,20.492345333099365,1.9615974941769347,CVPF,soup_scene3,70,old
8519,20.495778560638428,1.9615974941769347,CVPF,soup_scene3,70,old
8520,20.49864912033081,1.9615974941769347,CVPF,soup_scene3,70,old
8521,20.50101089477539,1.9619189992165036,CVPF,soup_scene3,70,old
8522,20.503515481948853,1.9616294925635458,CVPF,soup_scene3,70,old
8523,20.50596594810486,1.9616294925635458,CVPF,soup_scene3,70,old
8524,20.508360862731934,1.961346668298367,CVPF,soup_scene3,70,old
8525,20.510806798934937,1.961613880288528,CVPF,soup_scene3,70,old
8526,20.513485431671143,1.961613880288528,CVPF,soup_scene3,70,old
8527,20.51581907272339,1.961613880288528,CVPF,soup_scene3,70,old
8528,20.518316507339478,1.9614954412923649,CVPF,soup_scene3,70,old
8529,20.520650625228882,1.9614954412923649,CVPF,soup_scene3,70,old
8530,20.52303171157837,1.9614954412923649,CVPF,soup_scene3,70,old
8531,20.525459051132202,1.9614704687561826,CVPF,soup_scene3,70,old
8532,20.527775049209595,1.9615564266958705,CVPF,soup_scene3,70,old
8533,20.529993295669556,1.9615564266958705,CVPF,soup_scene3,70,old
8534,20.532408714294434,1.9615564266958705,CVPF,soup_scene3,70,old
8535,20.53485417366028,1.961997435557429,CVPF,soup_scene3,70,old
8536,20.537224769592285,1.961997435557429,CVPF,soup_scene3,70,old
8537,20.53947949409485,1.961997435557429,CVPF,soup_scene3,70,old
8538,20.54182720184326,1.961983167591263,CVPF,soup_scene3,70,old
8539,20.54423236846924,1.961644274838996,CVPF,soup_scene3,70,old
8540,20.54708242416382,1.961644274838996,CVPF,soup_scene3,70,old
8541,20.549349784851074,1.961644274838996,CVPF,soup_scene3,70,old
8542,20.551888465881348,1.961764860308275,CVPF,soup_scene3,70,old
8543,20.55447006225586,1.961764860308275,CVPF,soup_scene3,70,old
8544,20.55670666694641,1.961764860308275,CVPF,soup_scene3,70,old
8545,20.559065341949463,1.961378081865119,CVPF,soup_scene3,70,old
8546,20.561487436294556,1.9618218193834502,CVPF,soup_scene3,70,old
8547,20.563952922821045,1.9618218193834502,CVPF,soup_scene3,70,old
8548,20.566153049468994,1.9618218193834502,CVPF,soup_scene3,70,old
8549,20.5687472820282,1.9616941880223202,CVPF,soup_scene3,70,old
8550,20.571234703063965,1.9616941880223202,CVPF,soup_scene3,70,old
8551,20.57347583770752,1.9616941880223202,CVPF,soup_scene3,70,old
8552,20.57602310180664,1.9616939064693821,CVPF,soup_scene3,70,old
8553,20.578701972961426,1.9616939064693821,CVPF,soup_scene3,70,old
8554,20.58130168914795,1.9616939064693821,CVPF,soup_scene3,70,old
8555,20.58385920524597,1.9614305633234461,CVPF,soup_scene3,70,old
8556,20.58643937110901,1.9612881132850133,CVPF,soup_scene3,70,old
8557,20.58882451057434,1.9612881132850133,CVPF,soup_scene3,70,old
8558,20.591168642044067,1.9612881132850133,CVPF,soup_scene3,70,old
8559,20.593719244003296,1.9614594947784796,CVPF,soup_scene3,70,old
8560,20.596200942993164,1.9614594947784796,CVPF,soup_scene3,70,old
8561,20.598828554153442,1.9614594947784796,CVPF,soup_scene3,70,old
8562,20.601597785949707,1.9619076084761664,CVPF,soup_scene3,70,old
8563,20.604097604751587,1.9619076084761664,CVPF,soup_scene3,70,old
8564,20.606385231018066,1.9619076084761664,CVPF,soup_scene3,70,old
8565,20.60890293121338,1.9619148228543892,CVPF,soup_scene3,70,old
8566,20.611510276794434,1.9617077609123528,CVPF,soup_scene3,70,old
8567,20.614139318466187,1.9617077609123528,CVPF,soup_scene3,70,old
8568,20.61651349067688,1.9617077609123528,CVPF,soup_scene3,70,old
8569,20.61968493461609,1.67771254984652,CVPF,soup_scene3,70,old
8570,20.622175693511963,1.67771254984652,CVPF,soup_scene3,70,old
8571,20.62445330619812,1.67771254984652,CVPF,soup_scene3,70,old
8572,20.626919746398926,1.6774968188791215,CVPF,soup_scene3,70,old
8573,20.6292405128479,1.6774968188791215,CVPF,soup_scene3,70,old
8574,20.63168716430664,1.6774968188791215,CVPF,soup_scene3,70,old
8575,20.634225606918335,1.6777054854363085,CVPF,soup_scene3,70,old
8576,20.63675594329834,1.6777054854363085,CVPF,soup_scene3,70,old
8577,20.638998985290527,1.6777054854363085,CVPF,soup_scene3,70,old
8578,20.641254663467407,1.6772093074304504,CVPF,soup_scene3,70,old
8579,20.644003868103027,1.6771468705480652,CVPF,soup_scene3,70,old
8580,20.64661192893982,1.6771468705480652,CVPF,soup_scene3,70,old
8581,20.648863077163696,1.6771468705480652,CVPF,soup_scene3,70,old
8582,20.65139889717102,1.6776108096186153,CVPF,soup_scene3,70,old
8583,20.654133796691895,1.6776108096186153,CVPF,soup_scene3,70,old
8584,20.656412601470947,1.6776108096186153,CVPF,soup_scene3,70,old
8585,20.65875744819641,1.6779855655211282,CVPF,soup_scene3,70,old
8586,20.661195755004883,1.6782263882314021,CVPF,soup_scene3,70,old
8587,20.66376256942749,1.6782263882314021,CVPF,soup_scene3,70,old
8588,20.666326999664307,1.6782263882314021,CVPF,soup_scene3,70,old
8589,20.668922662734985,1.6773172128358587,CVPF,soup_scene3,70,old
8590,20.67158341407776,1.6773172128358587,CVPF,soup_scene3,70,old
8591,20.674076318740845,1.6773172128358587,CVPF,soup_scene3,70,old
8592,20.6766414642334,1.6779316857650217,CVPF,soup_scene3,70,old
8593,20.679327249526978,1.6779316857650217,CVPF,soup_scene3,70,old
8594,20.68188762664795,1.6779316857650217,CVPF,soup_scene3,70,old
8595,20.68454360961914,1.6772814117152564,CVPF,soup_scene3,70,old
8596,20.687187671661377,1.6772814117152564,CVPF,soup_scene3,70,old
8597,20.689671516418457,1.6772814117152564,CVPF,soup_scene3,70,old
8598,20.69216299057007,1.6776982594641305,CVPF,soup_scene3,70,old
8599,20.694849014282227,1.6778077006015923,CVPF,soup_scene3,70,old
8600,20.697391271591187,1.6778077006015923,CVPF,soup_scene3,70,old
8601,20.699887990951538,1.6773989166397199,CVPF,soup_scene3,70,old
8602,20.702752113342285,1.6773237607823628,CVPF,soup_scene3,70,old
8603,20.705242395401,1.6773237607823628,CVPF,soup_scene3,70,old
8604,20.707512617111206,1.6773237607823628,CVPF,soup_scene3,70,old
8605,20.7102472782135,1.6772061414265487,CVPF,soup_scene3,70,old
8606,20.712968349456787,1.6772061414265487,CVPF,soup_scene3,70,old
8607,20.715327978134155,1.6772061414265487,CVPF,soup_scene3,70,old
8608,20.717787504196167,1.6771799433480226,CVPF,soup_scene3,70,old
8609,20.720431566238403,1.67702355056925,CVPF,soup_scene3,70,old
8610,20.722906589508057,1.67702355056925,CVPF,soup_scene3,70,old
8611,20.725380897521973,1.67709619840147,CVPF,soup_scene3,70,old
8612,20.72803807258606,1.6776053190458056,CVPF,soup_scene3,70,old
8613,20.730545043945312,1.6776053190458056,CVPF,soup_scene3,70,old
8614,20.73297095298767,1.6776053190458056,CVPF,soup_scene3,70,old
8615,20.735744953155518,1.6773330123031238,CVPF,soup_scene3,70,old
8616,20.738436937332153,1.6773330123031238,CVPF,soup_scene3,70,old
8617,20.740777730941772,1.6773330123031238,CVPF,soup_scene3,70,old
8618,20.743364572525024,1.676449119652652,CVPF,soup_scene3,70,old
8619,20.74612069129944,1.676449119652652,CVPF,soup_scene3,70,old
8620,20.748642444610596,1.676449119652652,CVPF,soup_scene3,70,old
8621,20.7510826587677,1.6786457853050392,CVPF,soup_scene3,70,old
8622,20.753453969955444,1.6786457853050392,CVPF,soup_scene3,70,old
8623,20.755784273147583,1.6786457853050392,CVPF,soup_scene3,70,old
8624,20.758162260055542,1.6783217497794851,CVPF,soup_scene3,70,old
8625,20.760684967041016,1.678367620959154,CVPF,soup_scene3,70,old
8626,20.76298999786377,1.678367620959154,CVPF,soup_scene3,70,old
8627,20.765443086624146,1.678367620959154,CVPF,soup_scene3,70,old
8628,20.76783847808838,1.678367620959154,CVPF,soup_scene3,70,old
8629,20.77019190788269,1.678367620959154,CVPF,soup_scene3,70,old
8630,20.772698640823364,1.6784405788828796,CVPF,soup_scene3,70,old
8631,20.776041746139526,0.8368172038144399,CVPF,soup_scene3,70,old
8632,20.778428316116333,0.8368172038144399,CVPF,soup_scene3,70,old
8633,20.781140565872192,0.8364780773117362,CVPF,soup_scene3,70,old
8634,20.783475399017334,0.8369286890622147,CVPF,soup_scene3,70,old
8635,20.78578758239746,0.8369286890622147,CVPF,soup_scene3,70,old
8636,20.78831148147583,0.8369286890622147,CVPF,soup_scene3,70,old
8637,20.790684938430786,0.8369286890622147,CVPF,soup_scene3,70,old
8638,20.793042182922363,0.8369286890622147,CVPF,soup_scene3,70,old
8639,20.79541254043579,0.8373274847173056,CVPF,soup_scene3,70,old
8640,20.7977774143219,0.8375048125451938,CVPF,soup_scene3,70,old
8641,20.800144910812378,0.8375048125451938,CVPF,soup_scene3,70,old
8642,20.802537202835083,0.8375048125451938,CVPF,soup_scene3,70,old
8643,20.804985523223877,0.8375048125451938,CVPF,soup_scene3,70,old
8644,20.807376861572266,0.8371038721265718,CVPF,soup_scene3,70,old
8645,20.809627532958984,0.8371038721265718,CVPF,soup_scene3,70,old
8646,20.812092781066895,0.8376665998043604,CVPF,soup_scene3,70,old
8647,20.814820051193237,0.8376665998043604,CVPF,soup_scene3,70,old
8648,20.817192316055298,0.8376665998043604,CVPF,soup_scene3,70,old
8649,20.81956672668457,0.8376665998043604,CVPF,soup_scene3,70,old
8650,20.821770429611206,0.8376665998043604,CVPF,soup_scene3,70,old
8651,20.824373245239258,0.838043350790417,CVPF,soup_scene3,70,old
8652,20.826749801635742,0.838043350790417,CVPF,soup_scene3,70,old
8653,20.82923412322998,0.838043350790417,CVPF,soup_scene3,70,old
8654,20.83166193962097,0.8376146897084071,CVPF,soup_scene3,70,old
8655,20.833887100219727,0.8376146897084071,CVPF,soup_scene3,70,old
8656,20.836413621902466,0.8389750149250634,CVPF,soup_scene3,70,old
8657,20.838714599609375,0.8389750149250634,CVPF,soup_scene3,70,old
8658,20.841020822525024,0.8389750149250634,CVPF,soup_scene3,70,old
8659,20.843409538269043,0.8389750149250634,CVPF,soup_scene3,70,old
8660,20.845815896987915,0.8390254807008519,CVPF,soup_scene3,70,old
8661,20.848209142684937,0.8394551514717374,CVPF,soup_scene3,70,old
8662,20.850476264953613,0.8394551514717374,CVPF,soup_scene3,70,old
8663,20.85282278060913,0.8394551514717374,CVPF,soup_scene3,70,old
8664,20.855358362197876,0.8394551514717374,CVPF,soup_scene3,70,old
8665,20.857606649398804,0.8394551514717374,CVPF,soup_scene3,70,old
8666,20.86021876335144,0.8391647189373188,CVPF,soup_scene3,70,old
8667,20.862618684768677,0.8391647189373188,CVPF,soup_scene3,70,old
8668,20.86524224281311,0.8391647189373188,CVPF,soup_scene3,70,old
8669,20.867640733718872,0.8391647189373188,CVPF,soup_scene3,70,old
8670,20.870240449905396,0.839573076266527,CVPF,soup_scene3,70,old
8671,20.872751712799072,0.8403843911600104,CVPF,soup_scene3,70,old
8672,20.875305891036987,0.8403843911600104,CVPF,soup_scene3,70,old
8673,20.877838373184204,0.8403843911600104,CVPF,soup_scene3,70,old
8674,20.88027334213257,0.8403843911600104,CVPF,soup_scene3,70,old
8675,20.88271403312683,0.8399723997629671,CVPF,soup_scene3,70,old
8676,20.885358572006226,0.8408987953547173,CVPF,soup_scene3,70,old
8677,20.887681245803833,0.8408987953547173,CVPF,soup_scene3,70,old
8678,20.89009189605713,0.8408987953547173,CVPF,soup_scene3,70,old
8679,20.892739295959473,0.8423829033575947,CVPF,soup_scene3,70,old
8680,20.89520812034607,0.8423829033575947,CVPF,soup_scene3,70,old
8681,20.897536754608154,0.8423829033575947,CVPF,soup_scene3,70,old
8682,20.89990758895874,0.8423829033575947,CVPF,soup_scene3,70,old
8683,20.9025456905365,0.8428951767622603,CVPF,soup_scene3,70,old
8684,20.905327320098877,0.8428951767622603,CVPF,soup_scene3,70,old
8685,20.907938480377197,0.8441013346956092,CVPF,soup_scene3,70,old
8686,20.910452604293823,0.8441013346956092,CVPF,soup_scene3,70,old
8687,20.91310405731201,0.8441112915572768,CVPF,soup_scene3,70,old
8688,20.915679216384888,0.8441112915572768,CVPF,soup_scene3,70,old
8689,20.918376207351685,0.8441228009759278,CVPF,soup_scene3,70,old
8690,20.920950651168823,0.8449414170633505,CVPF,soup_scene3,70,old
8691,20.92353367805481,0.8445623627709562,CVPF,soup_scene3,70,old
8692,20.926079988479614,0.8465201867739154,CVPF,soup_scene3,70,old
8693,20.928680658340454,0.8468927484973454,CVPF,soup_scene3,70,old
8694,20.93121910095215,0.8463956176745313,CVPF,soup_scene3,70,old
8695,20.93367314338684,0.8463956176745313,CVPF,soup_scene3,70,old
8696,20.936965703964233,2.8457100189891666,CVPF,soup_scene3,70,old
8697,20.93942356109619,2.845709163873023,CVPF,soup_scene3,70,old
8698,20.941945791244507,2.843371407917587,CVPF,soup_scene3,70,old
8699,20.94450330734253,2.843348372679256,CVPF,soup_scene3,70,old
8700,20.946934461593628,2.8433707309972034,CVPF,soup_scene3,70,old
8701,20.949429512023926,2.8433495005086127,CVPF,soup_scene3,70,old
8702,20.9519624710083,2.843149686120695,CVPF,soup_scene3,70,old
8703,20.9544837474823,2.842872259348155,CVPF,soup_scene3,70,old
8704,20.956979990005493,2.842872259348155,CVPF,soup_scene3,70,old
8705,20.959542989730835,2.843523506860028,CVPF,soup_scene3,70,old
8706,20.961974620819092,2.8417253668927533,CVPF,soup_scene3,70,old
8707,20.964271545410156,2.8417253668927533,CVPF,soup_scene3,70,old
8708,20.966618299484253,2.8417253668927533,CVPF,soup_scene3,70,old
8709,20.969140768051147,2.8417253668927533,CVPF,soup_scene3,70,old
8710,20.971930503845215,2.83985367722619,CVPF,soup_scene3,70,old
8711,20.974186182022095,2.83985367722619,CVPF,soup_scene3,70,old
8712,20.976603746414185,2.839913442806732,CVPF,soup_scene3,70,old
8713,20.979051113128662,2.839913442806732,CVPF,soup_scene3,70,old
8714,20.981470108032227,2.839913442806732,CVPF,soup_scene3,70,old
8715,20.983897924423218,2.8390642349593924,CVPF,soup_scene3,70,old
8716,20.98623275756836,2.8377365447259972,CVPF,soup_scene3,70,old
8717,20.988483667373657,2.8377365447259972,CVPF,soup_scene3,70,old
8718,20.990744590759277,2.8377365447259972,CVPF,soup_scene3,70,old
8719,20.99332547187805,2.838114645901298,CVPF,soup_scene3,70,old
8720,20.995659112930298,2.838114645901298,CVPF,soup_scene3,70,old
8721,20.99793004989624,2.838114645901298,CVPF,soup_scene3,70,old
8722,21.00035858154297,2.838114645901298,CVPF,soup_scene3,70,old
8723,21.002742767333984,2.835712055800028,CVPF,soup_scene3,70,old
8724,21.005452871322632,2.835712055800028,CVPF,soup_scene3,70,old
8725,21.00784182548523,2.835712055800028,CVPF,soup_scene3,70,old
8726,21.010408401489258,2.8376101814686994,CVPF,soup_scene3,70,old
8727,21.013063430786133,2.8376101814686994,CVPF,soup_scene3,70,old
8728,21.015392541885376,2.8376101814686994,CVPF,soup_scene3,70,old
8729,21.01786994934082,2.8392808217410375,CVPF,soup_scene3,70,old
8730,21.020395278930664,2.8392808217410375,CVPF,soup_scene3,70,old
8731,21.022806406021118,2.8392808217410375,CVPF,soup_scene3,70,old
8732,21.025349855422974,2.839632940719663,CVPF,soup_scene3,70,old
8733,21.027792930603027,2.8394042191292987,CVPF,soup_scene3,70,old
8734,21.030170440673828,2.8394042191292987,CVPF,soup_scene3,70,old
8735,21.032520055770874,2.8394042191292987,CVPF,soup_scene3,70,old
8736,21.035019159317017,2.839066703041877,CVPF,soup_scene3,70,old
8737,21.0375075340271,2.838894536250017,CVPF,soup_scene3,70,old
8738,21.039846181869507,2.838894536250017,CVPF,soup_scene3,70,old
8739,21.04232954978943,2.8392192405011563,CVPF,soup_scene3,70,old
8740,21.044859409332275,2.8370633507754146,CVPF,soup_scene3,70,old
8741,21.04743003845215,2.8370633507754146,CVPF,soup_scene3,70,old
8742,21.04974126815796,2.8370633507754146,CVPF,soup_scene3,70,old
8743,21.052381992340088,2.8360247502965525,CVPF,soup_scene3,70,old
8744,21.054837942123413,2.8360247502965525,CVPF,soup_scene3,70,old
8745,21.057183980941772,2.8360247502965525,CVPF,soup_scene3,70,old
8746,21.059754610061646,2.83506822455543,CVPF,soup_scene3,70,old
8747,21.062376260757446,2.83506822455543,CVPF,soup_scene3,70,old
8748,21.06472611427307,2.83506822455543,CVPF,soup_scene3,70,old
8749,21.067224502563477,2.835107418054636,CVPF,soup_scene3,70,old
8750,21.069721460342407,2.8353581677613957,CVPF,soup_scene3,70,old
8751,21.07230830192566,2.8353581677613957,CVPF,soup_scene3,70,old
8752,21.0749409198761,2.8353114383378,CVPF,soup_scene3,70,old
8753,21.077682971954346,2.834113726853878,CVPF,soup_scene3,70,old
8754,21.080195903778076,2.834113726853878,CVPF,soup_scene3,70,old
8755,21.08244276046753,2.834113726853878,CVPF,soup_scene3,70,old
8756,21.08490252494812,2.8333734627272853,CVPF,soup_scene3,70,old
8757,21.087555646896362,2.8333734627272853,CVPF,soup_scene3,70,old
8758,21.08997631072998,2.8333734627272853,CVPF,soup_scene3,70,old
8759,21.092360973358154,2.833361192681861,CVPF,soup_scene3,70,old
8760,21.095008373260498,2.8331045578938965,CVPF,soup_scene3,70,old
8761,21.09812092781067,0.24617805757289163,CVPF,soup_scene3,70,old
8762,21.10062885284424,0.2462040714807563,CVPF,soup_scene3,70,old
8763,21.103203058242798,0.247015380699912,CVPF,soup_scene3,70,old
8764,21.105603218078613,0.247015380699912,CVPF,soup_scene3,70,old
8765,21.10805320739746,0.24699210530780877,CVPF,soup_scene3,70,old
8766,21.110572814941406,0.24551870472438891,CVPF,soup_scene3,70,old
8767,21.11309814453125,0.24551870472438891,CVPF,soup_scene3,70,old
8768,21.115453243255615,0.24551870472438891,CVPF,soup_scene3,70,old
8769,21.117963552474976,0.24537363090089134,CVPF,soup_scene3,70,old
8770,21.120487451553345,0.24537363090089134,CVPF,soup_scene3,70,old
8771,21.122724294662476,0.24537363090089134,CVPF,soup_scene3,70,old
8772,21.124987602233887,0.24494600377325698,CVPF,soup_scene3,70,old
8773,21.127516269683838,0.24567454505019562,CVPF,soup_scene3,70,old
8774,21.129962921142578,0.24567454505019562,CVPF,soup_scene3,70,old
8775,21.132311820983887,0.24567454505019562,CVPF,soup_scene3,70,old
8776,21.134814023971558,0.24449730403158895,CVPF,soup_scene3,70,old
8777,21.137296676635742,0.24449730403158895,CVPF,soup_scene3,70,old
8778,21.139702081680298,0.24449730403158895,CVPF,soup_scene3,70,old
8779,21.14224910736084,0.24447527193519722,CVPF,soup_scene3,70,old
8780,21.145050287246704,0.24327779789762935,CVPF,soup_scene3,70,old
8781,21.1474130153656,0.24327779789762935,CVPF,soup_scene3,70,old
8782,21.14975094795227,0.24358645394624745,CVPF,soup_scene3,70,old
8783,21.15234375,0.2421510152996533,CVPF,soup_scene3,70,old
8784,21.154881238937378,0.2421510152996533,CVPF,soup_scene3,70,old
8785,21.15719509124756,0.2421510152996533,CVPF,soup_scene3,70,old
8786,21.159775733947754,0.2421038010785942,CVPF,soup_scene3,70,old
8787,21.16236448287964,0.2421038010785942,CVPF,soup_scene3,70,old
8788,21.164689540863037,0.2421038010785942,CVPF,soup_scene3,70,old
8789,21.167038202285767,0.2421038010785942,CVPF,soup_scene3,70,old
8790,21.169280290603638,0.2421038010785942,CVPF,soup_scene3,70,old
8791,21.171660661697388,0.24251318068092692,CVPF,soup_scene3,70,old
8792,21.1739718914032,0.24401134443893635,CVPF,soup_scene3,70,old
8793,21.176433324813843,0.24401134443893635,CVPF,soup_scene3,70,old
8794,21.17886209487915,0.24401134443893635,CVPF,soup_scene3,70,old
8795,21.18152904510498,0.24363260027485126,CVPF,soup_scene3,70,old
8796,21.183813095092773,0.24363260027485126,CVPF,soup_scene3,70,old
8797,21.186118841171265,0.24363260027485126,CVPF,soup_scene3,70,old
8798,21.188663959503174,0.24371726137182032,CVPF,soup_scene3,70,old
8799,21.19115138053894,0.24371726137182032,CVPF,soup_scene3,70,old
8800,21.193482160568237,0.24371726137182032,CVPF,soup_scene3,70,old
8801,21.196117877960205,0.2481662756590121,CVPF,soup_scene3,70,old
8802,21.198660373687744,0.2481662756590121,CVPF,soup_scene3,70,old
8803,21.201006412506104,0.2481662756590121,CVPF,soup_scene3,70,old
8804,21.203548908233643,0.24357619480155923,CVPF,soup_scene3,70,old
8805,21.206115245819092,0.24357619480155923,CVPF,soup_scene3,70,old
8806,21.208439111709595,0.24357619480155923,CVPF,soup_scene3,70,old
8807,21.210698127746582,0.24357619480155923,CVPF,soup_scene3,70,old
8808,21.213403940200806,0.243639590683976,CVPF,soup_scene3,70,old
8809,21.215855598449707,0.24302799857545226,CVPF,soup_scene3,70,old
8810,21.21818494796753,0.24302799857545226,CVPF,soup_scene3,70,old
8811,21.220818519592285,0.24302799857545226,CVPF,soup_scene3,70,old
8812,21.22324776649475,0.24302799857545226,CVPF,soup_scene3,70,old
8813,21.22556781768799,0.24302799857545226,CVPF,soup_scene3,70,old
8814,21.2281174659729,0.2434921979210193,CVPF,soup_scene3,70,old
8815,21.23064947128296,0.2434921979210193,CVPF,soup_scene3,70,old
8816,21.232990980148315,0.2434921979210193,CVPF,soup_scene3,70,old
8817,21.235379934310913,0.2434921979210193,CVPF,soup_scene3,70,old
8818,21.237938404083252,0.24336195521922876,CVPF,soup_scene3,70,old
8819,21.240445137023926,0.24336195521922876,CVPF,soup_scene3,70,old
8820,21.24305009841919,0.24336195521922876,CVPF,soup_scene3,70,old
8821,21.245481252670288,0.24336195521922876,CVPF,soup_scene3,70,old
8822,21.248067140579224,0.24336195521922876,CVPF,soup_scene3,70,old
8823,21.250495433807373,0.24336195521922876,CVPF,soup_scene3,70,old
8824,21.253085613250732,0.242937545383438,CVPF,soup_scene3,70,old
8825,21.25558567047119,0.242937545383438,CVPF,soup_scene3,70,old
8826,21.259040594100952,2.26081992226671,CVPF,soup_scene3,70,old
8827,21.261371612548828,2.26081992226671,CVPF,soup_scene3,70,old
8828,21.263834238052368,2.26081992226671,CVPF,soup_scene3,70,old
8829,21.266405820846558,2.26081992226671,CVPF,soup_scene3,70,old
8830,21.2687828540802,2.26081992226671,CVPF,soup_scene3,70,old
8831,21.271408796310425,2.2615323263778895,CVPF,soup_scene3,70,old
8832,21.27399492263794,2.2615323263778895,CVPF,soup_scene3,70,old
8833,21.27635359764099,2.2615323263778895,CVPF,soup_scene3,70,old
8834,21.27887511253357,2.2615323263778895,CVPF,soup_scene3,70,old
8835,21.28148365020752,2.2619657333469805,CVPF,soup_scene3,70,old
8836,21.283908367156982,2.262670931292382,CVPF,soup_scene3,70,old
8837,21.28613519668579,2.262670931292382,CVPF,soup_scene3,70,old
8838,21.288852214813232,2.262670931292382,CVPF,soup_scene3,70,old
8839,21.29124617576599,2.262670931292382,CVPF,soup_scene3,70,old
8840,21.293890714645386,2.2640640400381313,CVPF,soup_scene3,70,old
8841,21.296247243881226,2.2640640400381313,CVPF,soup_scene3,70,old
8842,21.29862141609192,2.2640640400381313,CVPF,soup_scene3,70,old
8843,21.301178693771362,2.2640640400381313,CVPF,soup_scene3,70,old
8844,21.303663730621338,2.263468550241349,CVPF,soup_scene3,70,old
8845,21.306089162826538,2.263468550241349,CVPF,soup_scene3,70,old
8846,21.308675050735474,2.2594923860109186,CVPF,soup_scene3,70,old
8847,21.31124973297119,2.2594923860109186,CVPF,soup_scene3,70,old
8848,21.31384015083313,2.261977580655279,CVPF,soup_scene3,70,old
8849,21.316309213638306,2.261977580655279,CVPF,soup_scene3,70,old
8850,21.318811416625977,2.2596521695799465,CVPF,soup_scene3,70,old
8851,21.32121181488037,2.2596521695799465,CVPF,soup_scene3,70,old
8852,21.323639631271362,2.2595251477739513,CVPF,soup_scene3,70,old
8853,21.326112270355225,2.2595251477739513,CVPF,soup_scene3,70,old
8854,21.32862901687622,2.261069086821404,CVPF,soup_scene3,70,old
8855,21.331058502197266,2.261069086821404,CVPF,soup_scene3,70,old
8856,21.33374333381653,2.2630964173575028,CVPF,soup_scene3,70,old
8857,21.33637309074402,2.2620141470849364,CVPF,soup_scene3,70,old
8858,21.338977098464966,2.2620141470849364,CVPF,soup_scene3,70,old
8859,21.341602325439453,2.2620141470849364,CVPF,soup_scene3,70,old
8860,21.344064712524414,2.2626659271233858,CVPF,soup_scene3,70,old
8861,21.34670925140381,2.2626659271233858,CVPF,soup_scene3,70,old
8862,21.349162101745605,2.2623703775529913,CVPF,soup_scene3,70,old
8863,21.351819276809692,2.2619975442795,CVPF,soup_scene3,70,old
8864,21.354284524917603,2.261967634786621,CVPF,soup_scene3,70,old
8865,21.356837034225464,2.261967634786621,CVPF,soup_scene3,70,old
8866,21.359224557876587,2.2623284556713235,CVPF,soup_scene3,70,old
8867,21.36165142059326,2.2623039423169793,CVPF,soup_scene3,70,old
8868,21.364023208618164,2.2623039423169793,CVPF,soup_scene3,70,old
8869,21.36623501777649,2.2623039423169793,CVPF,soup_scene3,70,old
8870,21.368791103363037,2.2627491877098365,CVPF,soup_scene3,70,old
8871,21.371288061141968,2.2627491877098365,CVPF,soup_scene3,70,old
8872,21.37352967262268,2.2627491877098365,CVPF,soup_scene3,70,old
8873,21.376012563705444,2.260011157704413,CVPF,soup_scene3,70,old
8874,21.3786301612854,2.260011157704413,CVPF,soup_scene3,70,old
8875,21.381030559539795,2.260011157704413,CVPF,soup_scene3,70,old
8876,21.383342266082764,2.260011157704413,CVPF,soup_scene3,70,old
8877,21.38608455657959,2.262124503527956,CVPF,soup_scene3,70,old
8878,21.38867211341858,2.262124503527956,CVPF,soup_scene3,70,old
8879,21.391037702560425,2.262124503527956,CVPF,soup_scene3,70,old
8880,21.393600463867188,2.260649473253994,CVPF,soup_scene3,70,old
8881,21.39624333381653,2.260649473253994,CVPF,soup_scene3,70,old
8882,21.398738622665405,2.260649473253994,CVPF,soup_scene3,70,old
8883,21.4013729095459,2.260585508898515,CVPF,soup_scene3,70,old
8884,21.40379571914673,2.2597847759804797,CVPF,soup_scene3,70,old
8885,21.406119346618652,2.2597847759804797,CVPF,soup_scene3,70,old
8886,21.408568143844604,2.2598966982722386,CVPF,soup_scene3,70,old
8887,21.411154985427856,2.259242706026603,CVPF,soup_scene3,70,old
8888,21.41395664215088,2.259242706026603,CVPF,soup_scene3,70,old
8889,21.416354656219482,2.259242706026603,CVPF,soup_scene3,70,old
8890,21.419025897979736,2.2615913705212285,CVPF,soup_scene3,70,old
8891,21.422409534454346,1.3866183814365143,CVPF,soup_scene3,70,old
8892,21.42476797103882,1.3866071852804154,CVPF,soup_scene3,70,old
8893,21.427271604537964,1.3854607102850842,CVPF,soup_scene3,70,old
8894,21.42975687980652,1.3854607102850842,CVPF,soup_scene3,70,old
8895,21.432005882263184,1.3854607102850842,CVPF,soup_scene3,70,old
8896,21.43449330329895,1.3842667930915464,CVPF,soup_scene3,70,old
8897,21.437085151672363,1.3842667930915464,CVPF,soup_scene3,70,old
8898,21.439416646957397,1.3842667930915464,CVPF,soup_scene3,70,old
8899,21.44175148010254,1.384259447035988,CVPF,soup_scene3,70,old
8900,21.44432044029236,1.3851519204947924,CVPF,soup_scene3,70,old
8901,21.447107791900635,1.3851519204947924,CVPF,soup_scene3,70,old
8902,21.449512004852295,1.3851519204947924,CVPF,soup_scene3,70,old
8903,21.452096223831177,1.3855586132447455,CVPF,soup_scene3,70,old
8904,21.45471429824829,1.3855586132447455,CVPF,soup_scene3,70,old
8905,21.45707654953003,1.3855586132447455,CVPF,soup_scene3,70,old
8906,21.459640502929688,1.386229104693197,CVPF,soup_scene3,70,old
8907,21.46229910850525,1.386229104693197,CVPF,soup_scene3,70,old
8908,21.464666604995728,1.386229104693197,CVPF,soup_scene3,70,old
8909,21.46725344657898,1.3865980791659647,CVPF,soup_scene3,70,old
8910,21.469850301742554,1.386625439379007,CVPF,soup_scene3,70,old
8911,21.472141981124878,1.386625439379007,CVPF,soup_scene3,70,old
8912,21.47453498840332,1.3866495529333118,CVPF,soup_scene3,70,old
8913,21.477307319641113,1.3862394242724871,CVPF,soup_scene3,70,old
8914,21.480189561843872,1.3862394242724871,CVPF,soup_scene3,70,old
8915,21.482542991638184,1.3862394242724871,CVPF,soup_scene3,70,old
8916,21.484975337982178,1.3857808664202895,CVPF,soup_scene3,70,old
8917,21.487630605697632,1.3857808664202895,CVPF,soup_scene3,70,old
8918,21.490002632141113,1.3857808664202895,CVPF,soup_scene3,70,old
8919,21.492472171783447,1.3858009801836557,CVPF,soup_scene3,70,old
8920,21.49494242668152,1.3848649044517907,CVPF,soup_scene3,70,old
8921,21.497670888900757,1.3848649044517907,CVPF,soup_scene3,70,old
8922,21.50010919570923,1.3849016055194383,CVPF,soup_scene3,70,old
8923,21.50265645980835,1.384694027586263,CVPF,soup_scene3,70,old
8924,21.50513219833374,1.384694027586263,CVPF,soup_scene3,70,old
8925,21.507511138916016,1.384694027586263,CVPF,soup_scene3,70,old
8926,21.51006841659546,1.3854656506711642,CVPF,soup_scene3,70,old
8927,21.512595415115356,1.3854656506711642,CVPF,soup_scene3,70,old
8928,21.514888525009155,1.3854656506711642,CVPF,soup_scene3,70,old
8929,21.517369985580444,1.3865010485723095,CVPF,soup_scene3,70,old
8930,21.519958019256592,1.3865010485723095,CVPF,soup_scene3,70,old
8931,21.522379159927368,1.3865010485723095,CVPF,soup_scene3,70,old
8932,21.524730920791626,1.386076698444983,CVPF,soup_scene3,70,old
8933,21.527334928512573,1.3853234148165166,CVPF,soup_scene3,70,old
8934,21.52988839149475,1.3853234148165166,CVPF,soup_scene3,70,old
8935,21.532172918319702,1.3853234148165166,CVPF,soup_scene3,70,old
8936,21.53475832939148,1.387893924101808,CVPF,soup_scene3,70,old
8937,21.537410974502563,1.387893924101808,CVPF,soup_scene3,70,old
8938,21.539814472198486,1.387893924101808,CVPF,soup_scene3,70,old
8939,21.542381286621094,1.387521560921325,CVPF,soup_scene3,70,old
8940,21.544981718063354,1.387521560921325,CVPF,soup_scene3,70,old
8941,21.54747200012207,1.387521560921325,CVPF,soup_scene3,70,old
8942,21.55019187927246,1.3880962818411537,CVPF,soup_scene3,70,old
8943,21.552884578704834,1.3872737782217748,CVPF,soup_scene3,70,old
8944,21.555197954177856,1.3872737782217748,CVPF,soup_scene3,70,old
8945,21.55746555328369,1.3872737782217748,CVPF,soup_scene3,70,old
8946,21.560084581375122,1.3862824106566776,CVPF,soup_scene3,70,old
8947,21.56247305870056,1.3862824106566776,CVPF,soup_scene3,70,old
8948,21.564830541610718,1.3862824106566776,CVPF,soup_scene3,70,old
8949,21.567331790924072,1.3866769116955489,CVPF,soup_scene3,70,old
8950,21.569939851760864,1.3856114446887224,CVPF,soup_scene3,70,old
8951,21.572450637817383,1.3856114446887224,CVPF,soup_scene3,70,old
8952,21.5748074054718,1.3855560307438937,CVPF,soup_scene3,70,old
8953,21.577473878860474,1.3849456940024243,CVPF,soup_scene3,70,old
8954,21.58007311820984,1.3849456940024243,CVPF,soup_scene3,70,old
8955,21.582456350326538,1.3849456940024243,CVPF,soup_scene3,70,old
8956,21.58508849143982,1.1044776041695883,CVPF,soup_scene3,70,old
8957,21.588485717773438,1.1044776041695883,CVPF,soup_scene3,70,old
8958,21.590803146362305,1.1044776041695883,CVPF,soup_scene3,70,old
8959,21.59337568283081,1.0999000761200408,CVPF,soup_scene3,70,old
8960,21.595970630645752,1.0999000761200408,CVPF,soup_scene3,70,old
8961,21.59827756881714,1.0999000761200408,CVPF,soup_scene3,70,old
8962,21.60080099105835,1.1012900515941872,CVPF,soup_scene3,70,old
8963,21.603275775909424,1.1012900515941872,CVPF,soup_scene3,70,old
8964,21.60563826560974,1.1012900515941872,CVPF,soup_scene3,70,old
8965,21.60802125930786,1.1012564711495898,CVPF,soup_scene3,70,old
8966,21.610639810562134,1.1014215820828719,CVPF,soup_scene3,70,old
8967,21.613115310668945,1.1014215820828719,CVPF,soup_scene3,70,old
8968,21.615392923355103,1.1014215820828719,CVPF,soup_scene3,70,old
8969,21.617916584014893,1.1019158148015098,CVPF,soup_scene3,70,old
8970,21.6203773021698,1.1019158148015098,CVPF,soup_scene3,70,old
8971,21.622621297836304,1.1019158148015098,CVPF,soup_scene3,70,old
8972,21.624892950057983,1.1019158148015098,CVPF,soup_scene3,70,old
8973,21.627334356307983,1.1007640235585052,CVPF,soup_scene3,70,old
8974,21.629873037338257,1.1007640235585052,CVPF,soup_scene3,70,old
8975,21.632137537002563,1.1007640235585052,CVPF,soup_scene3,70,old
8976,21.634594202041626,1.100717366679878,CVPF,soup_scene3,70,old
8977,21.63712239265442,1.100717366679878,CVPF,soup_scene3,70,old
8978,21.63946294784546,1.100717366679878,CVPF,soup_scene3,70,old
8979,21.641815662384033,1.1010438076650928,CVPF,soup_scene3,70,old
8980,21.644482374191284,1.1023674144919777,CVPF,soup_scene3,70,old
8981,21.647106885910034,1.1023674144919777,CVPF,soup_scene3,70,old
8982,21.649457931518555,1.1023674144919777,CVPF,soup_scene3,70,old
8983,21.652000188827515,1.101459043800455,CVPF,soup_scene3,70,old
8984,21.654366970062256,1.101459043800455,CVPF,soup_scene3,70,old
8985,21.65677523612976,1.101459043800455,CVPF,soup_scene3,70,old
8986,21.659293174743652,1.1018340929633927,CVPF,soup_scene3,70,old
8987,21.66159200668335,1.1028243007146639,CVPF,soup_scene3,70,old
8988,21.663960933685303,1.1028243007146639,CVPF,soup_scene3,70,old
8989,21.66623306274414,1.1028243007146639,CVPF,soup_scene3,70,old
8990,21.668824911117554,1.1007829057196625,CVPF,soup_scene3,70,old
8991,21.671147346496582,1.1007829057196625,CVPF,soup_scene3,70,old
8992,21.673455476760864,1.1007829057196625,CVPF,soup_scene3,70,old
8993,21.675968170166016,1.0994682658125257,CVPF,soup_scene3,70,old
8994,21.678586959838867,1.0994682658125257,CVPF,soup_scene3,70,old
8995,21.681325912475586,1.0994682658125257,CVPF,soup_scene3,70,old
8996,21.68393635749817,1.1008271212058371,CVPF,soup_scene3,70,old
8997,21.686644315719604,1.1008271212058371,CVPF,soup_scene3,70,old
8998,21.689072847366333,1.1008271212058371,CVPF,soup_scene3,70,old
8999,21.691454648971558,1.1008271212058371,CVPF,soup_scene3,70,old
9000,21.694014310836792,1.1018719228518599,CVPF,soup_scene3,70,old
9001,21.69641637802124,1.1018719228518599,CVPF,soup_scene3,70,old
9002,21.698821544647217,1.1018719228518599,CVPF,soup_scene3,70,old
9003,21.701331853866577,1.1006129666324052,CVPF,soup_scene3,70,old
9004,21.703831434249878,1.1006129666324052,CVPF,soup_scene3,70,old
9005,21.706093549728394,1.1006129666324052,CVPF,soup_scene3,70,old
9006,21.708577632904053,1.1006129666324052,CVPF,soup_scene3,70,old
9007,21.711134910583496,1.103692344982437,CVPF,soup_scene3,70,old
9008,21.71387481689453,1.103692344982437,CVPF,soup_scene3,70,old
9009,21.716219663619995,1.103692344982437,CVPF,soup_scene3,70,old
9010,21.718772411346436,1.10335730045285,CVPF,soup_scene3,70,old
9011,21.72136425971985,1.1034704241931648,CVPF,soup_scene3,70,old
9012,21.723669052124023,1.1034704241931648,CVPF,soup_scene3,70,old
9013,21.726232290267944,1.1033428280836866,CVPF,soup_scene3,70,old
9014,21.728819847106934,1.1033428280836866,CVPF,soup_scene3,70,old
9015,21.73117995262146,1.1033428280836866,CVPF,soup_scene3,70,old
9016,21.733517169952393,1.102947381444019,CVPF,soup_scene3,70,old
9017,21.736307859420776,1.1012179884154554,CVPF,soup_scene3,70,old
9018,21.738911390304565,1.1012179884154554,CVPF,soup_scene3,70,old
9019,21.742051601409912,2.6079187390246483,CVPF,soup_scene3,70,old
9020,21.744754791259766,2.6080345485158722,CVPF,soup_scene3,70,old
9021,21.74724555015564,2.6080345485158722,CVPF,soup_scene3,70,old
9022,21.74962282180786,2.6080345485158722,CVPF,soup_scene3,70,old
9023,21.7522234916687,2.61261776239483,CVPF,soup_scene3,70,old
9024,21.754860401153564,2.61261776239483,CVPF,soup_scene3,70,old
9025,21.75711417198181,2.61261776239483,CVPF,soup_scene3,70,old
9026,21.7596697807312,2.608452713444356,CVPF,soup_scene3,70,old
9027,21.762192010879517,2.608452713444356,CVPF,soup_scene3,70,old
9028,21.76459050178528,2.608452713444356,CVPF,soup_scene3,70,old
9029,21.766961097717285,2.6080643857269563,CVPF,soup_scene3,70,old
9030,21.769654035568237,2.607833031036797,CVPF,soup_scene3,70,old
9031,21.772042989730835,2.607833031036797,CVPF,soup_scene3,70,old
9032,21.77431631088257,2.607833031036797,CVPF,soup_scene3,70,old
9033,21.77701234817505,2.607864791116423,CVPF,soup_scene3,70,old
9034,21.779709339141846,2.607864791116423,CVPF,soup_scene3,70,old
9035,21.781972646713257,2.607864791116423,CVPF,soup_scene3,70,old
9036,21.78444743156433,2.6081046799625955,CVPF,soup_scene3,70,old
9037,21.787120819091797,2.6081046799625955,CVPF,soup_scene3,70,old
9038,21.789531707763672,2.6081046799625955,CVPF,soup_scene3,70,old
9039,21.791869401931763,2.608051913123484,CVPF,soup_scene3,70,old
9040,21.79439616203308,2.608600758312737,CVPF,soup_scene3,70,old
9041,21.79673981666565,2.608600758312737,CVPF,soup_scene3,70,old
9042,21.7992422580719,2.608600758312737,CVPF,soup_scene3,70,old
9043,21.801729440689087,2.6073793396950626,CVPF,soup_scene3,70,old
9044,21.804364442825317,2.6073793396950626,CVPF,soup_scene3,70,old
9045,21.806786060333252,2.6073793396950626,CVPF,soup_scene3,70,old
9046,21.809149980545044,2.607363854615943,CVPF,soup_scene3,70,old
9047,21.81181311607361,2.6079948047411214,CVPF,soup_scene3,70,old
9048,21.814178705215454,2.6079948047411214,CVPF,soup_scene3,70,old
9049,21.816434621810913,2.6079948047411214,CVPF,soup_scene3,70,old
9050,21.81893038749695,2.6080677540965183,CVPF,soup_scene3,70,old
9051,21.82154631614685,2.6080677540965183,CVPF,soup_scene3,70,old
9052,21.82377004623413,2.6080677540965183,CVPF,soup_scene3,70,old
9053,21.8262357711792,2.606924083690586,CVPF,soup_scene3,70,old
9054,21.828585147857666,2.606924083690586,CVPF,soup_scene3,70,old
9055,21.830899715423584,2.606924083690586,CVPF,soup_scene3,70,old
9056,21.83315944671631,2.606924083690586,CVPF,soup_scene3,70,old
9057,21.83579921722412,2.607582362707769,CVPF,soup_scene3,70,old
9058,21.838276863098145,2.607582362707769,CVPF,soup_scene3,70,old
9059,21.840712308883667,2.607582362707769,CVPF,soup_scene3,70,old
9060,21.84324812889099,2.607804565625017,CVPF,soup_scene3,70,old
9061,21.845908641815186,2.607804565625017,CVPF,soup_scene3,70,old
9062,21.848281860351562,2.607804565625017,CVPF,soup_scene3,70,old
9063,21.850967168807983,2.607905271597632,CVPF,soup_scene3,70,old
9064,21.85358715057373,2.607905271597632,CVPF,soup_scene3,70,old
9065,21.855945825576782,2.607905271597632,CVPF,soup_scene3,70,old
9066,21.858285665512085,2.6082886712061395,CVPF,soup_scene3,70,old
9067,21.860991954803467,2.6122480115962694,CVPF,soup_scene3,70,old
9068,21.863558053970337,2.6122480115962694,CVPF,soup_scene3,70,old
9069,21.865921020507812,2.6122480115962694,CVPF,soup_scene3,70,old
9070,21.868569374084473,2.6102644636498153,CVPF,soup_scene3,70,old
9071,21.871109008789062,2.6102644636498153,CVPF,soup_scene3,70,old
9072,21.873526334762573,2.6102644636498153,CVPF,soup_scene3,70,old
9073,21.876096963882446,2.6090947236655895,CVPF,soup_scene3,70,old
9074,21.8789324760437,2.6090947236655895,CVPF,soup_scene3,70,old
9075,21.88162875175476,2.6090947236655895,CVPF,soup_scene3,70,old
9076,21.884126663208008,2.609607776391737,CVPF,soup_scene3,70,old
9077,21.88664197921753,2.609317073545784,CVPF,soup_scene3,70,old
9078,21.889060735702515,2.609317073545784,CVPF,soup_scene3,70,old
9079,21.89138388633728,2.609317073545784,CVPF,soup_scene3,70,old
9080,21.89393711090088,2.60871101867717,CVPF,soup_scene3,70,old
9081,21.896374702453613,2.60871101867717,CVPF,soup_scene3,70,old
9082,21.898698091506958,2.60871101867717,CVPF,soup_scene3,70,old
9083,21.90126395225525,2.6093832132598656,CVPF,soup_scene3,70,old
9084,21.904776573181152,0.06995931503015303,CVPF,soup_scene3,70,old
9085,21.907028675079346,0.06995931503015303,CVPF,soup_scene3,70,old
9086,21.909483432769775,0.06963298392425629,CVPF,soup_scene3,70,old
9087,21.912250995635986,0.06963298392425629,CVPF,soup_scene3,70,old
9088,21.91460657119751,0.06963298392425629,CVPF,soup_scene3,70,old
9089,21.916929006576538,0.06962495617442087,CVPF,soup_scene3,70,old
9090,21.919519186019897,0.07080105183516971,CVPF,soup_scene3,70,old
9091,21.921975135803223,0.07080105183516971,CVPF,soup_scene3,70,old
9092,21.924356937408447,0.07080105183516971,CVPF,soup_scene3,70,old
9093,21.926993131637573,0.06899253084504252,CVPF,soup_scene3,70,old
9094,21.92945408821106,0.06899253084504252,CVPF,soup_scene3,70,old
9095,21.93186902999878,0.06899253084504252,CVPF,soup_scene3,70,old
9096,21.934454202651978,0.06848290714691185,CVPF,soup_scene3,70,old
9097,21.937070608139038,0.06848290714691185,CVPF,soup_scene3,70,old
9098,21.93959069252014,0.06848290714691185,CVPF,soup_scene3,70,old
9099,21.94222354888916,0.06845719939218403,CVPF,soup_scene3,70,old
9100,21.944793939590454,0.06863402365560385,CVPF,soup_scene3,70,old
9101,21.94726061820984,0.06863402365560385,CVPF,soup_scene3,70,old
9102,21.949533700942993,0.06863402365560385,CVPF,soup_scene3,70,old
9103,21.95215153694153,0.06849398861720679,CVPF,soup_scene3,70,old
9104,21.954641103744507,0.06849398861720679,CVPF,soup_scene3,70,old
9105,21.95702600479126,0.06849398861720679,CVPF,soup_scene3,70,old
9106,21.959458589553833,0.06846354303958024,CVPF,soup_scene3,70,old
9107,21.962008953094482,0.06847135078605929,CVPF,soup_scene3,70,old
9108,21.964303255081177,0.06847135078605929,CVPF,soup_scene3,70,old
9109,21.96653914451599,0.06847135078605929,CVPF,soup_scene3,70,old
9110,21.96890139579773,0.06853973925380975,CVPF,soup_scene3,70,old
9111,21.9712393283844,0.06853973925380975,CVPF,soup_scene3,70,old
9112,21.973819494247437,0.06956791783289672,CVPF,soup_scene3,70,old
9113,21.976084232330322,0.06956791783289672,CVPF,soup_scene3,70,old
9114,21.97841763496399,0.06956791783289672,CVPF,soup_scene3,70,old
9115,21.981274843215942,0.0692750435354006,CVPF,soup_scene3,70,old
9116,21.983773708343506,0.07004758698886343,CVPF,soup_scene3,70,old
9117,21.986262798309326,0.07004758698886343,CVPF,soup_scene3,70,old
9118,21.988518238067627,0.07004758698886343,CVPF,soup_scene3,70,old
9119,21.991105556488037,0.07004758698886343,CVPF,soup_scene3,70,old
9120,21.99370002746582,0.07022321175070416,CVPF,soup_scene3,70,old
9121,21.996084690093994,0.07022321175070416,CVPF,soup_scene3,70,old
9122,21.99842357635498,0.07022321175070416,CVPF,soup_scene3,70,old
9123,22.000938415527344,0.07022321175070416,CVPF,soup_scene3,70,old
9124,22.003188610076904,0.07022321175070416,CVPF,soup_scene3,70,old
9125,22.005746603012085,0.07022389211686868,CVPF,soup_scene3,70,old
9126,22.008049726486206,0.07125737468217937,CVPF,soup_scene3,70,old
9127,22.01064944267273,0.07125737468217937,CVPF,soup_scene3,70,old
9128,22.013041496276855,0.07125737468217937,CVPF,soup_scene3,70,old
9129,22.01543664932251,0.07125737468217937,CVPF,soup_scene3,70,old
9130,22.018107175827026,0.07218316140993575,CVPF,soup_scene3,70,old
9131,22.020508766174316,0.07218316140993575,CVPF,soup_scene3,70,old
9132,22.02299976348877,0.07218316140993575,CVPF,soup_scene3,70,old
9133,22.025720357894897,0.07218316140993575,CVPF,soup_scene3,70,old
9134,22.028117418289185,0.07194667227991251,CVPF,soup_scene3,70,old
9135,22.030600547790527,0.07194667227991251,CVPF,soup_scene3,70,old
9136,22.033254146575928,0.07081776232787704,CVPF,soup_scene3,70,old
9137,22.035855531692505,0.07081776232787704,CVPF,soup_scene3,70,old
9138,22.038212537765503,0.07081776232787704,CVPF,soup_scene3,70,old
9139,22.040844678878784,0.07168893856475729,CVPF,soup_scene3,70,old
9140,22.043404817581177,0.07168893856475729,CVPF,soup_scene3,70,old
9141,22.04596519470215,0.07168893856475729,CVPF,soup_scene3,70,old
9142,22.04842972755432,0.07168893856475729,CVPF,soup_scene3,70,old
9143,22.06484603881836,2.4121583117680023,CVPF,soup_scene3,70,old
9144,22.068328142166138,2.41279616290141,CVPF,soup_scene3,70,old
9145,22.07134461402893,2.412215356199832,CVPF,soup_scene3,70,old
9146,22.073866367340088,2.412215356199832,CVPF,soup_scene3,70,old
9147,22.076289176940918,2.412215356199832,CVPF,soup_scene3,70,old
9148,22.078853845596313,2.412215356199832,CVPF,soup_scene3,70,old
9149,22.08125352859497,2.4112044206808356,CVPF,soup_scene3,70,old
9150,22.08374547958374,2.4104287595783958,CVPF,soup_scene3,70,old
9151,22.086101770401,2.4104287595783958,CVPF,soup_scene3,70,old
9152,22.088690519332886,2.4104287595783958,CVPF,soup_scene3,70,old
9153,22.091106414794922,2.4107708712375002,CVPF,soup_scene3,70,old
9154,22.093550205230713,2.4107708712375002,CVPF,soup_scene3,70,old
9155,22.096086978912354,2.4112746940981538,CVPF,soup_scene3,70,old
9156,22.09853219985962,2.4112746940981538,CVPF,soup_scene3,70,old
9157,22.100971937179565,2.4112746940981538,CVPF,soup_scene3,70,old
9158,22.103407621383667,2.4112746940981538,CVPF,soup_scene3,70,old
9159,22.10588002204895,2.4112746940981538,CVPF,soup_scene3,70,old
9160,22.10826539993286,2.4113479585886606,CVPF,soup_scene3,70,old
9161,22.11066198348999,2.407374129022755,CVPF,soup_scene3,70,old
9162,22.113373041152954,2.4098279357968826,CVPF,soup_scene3,70,old
9163,22.1158766746521,2.4098279357968826,CVPF,soup_scene3,70,old
9164,22.11842107772827,2.410511990721395,CVPF,soup_scene3,70,old
9165,22.121037006378174,2.4101395841326245,CVPF,soup_scene3,70,old
9166,22.12371015548706,2.4114220862113034,CVPF,soup_scene3,70,old
9167,22.12632703781128,2.4114220862113034,CVPF,soup_scene3,70,old
9168,22.128857851028442,2.4114618891989017,CVPF,soup_scene3,70,old
9169,22.131206035614014,2.4114618891989017,CVPF,soup_scene3,70,old
9170,22.133548259735107,2.4114618891989017,CVPF,soup_scene3,70,old
9171,22.135823488235474,2.4114618891989017,CVPF,soup_scene3,70,old
9172,22.138076543807983,2.4114618891989017,CVPF,soup_scene3,70,old
9173,22.140478134155273,2.4114618891989017,CVPF,soup_scene3,70,old
9174,22.144044876098633,2.4106258864029804,CVPF,soup_scene3,70,old
9175,22.14685297012329,2.4114943998649694,CVPF,soup_scene3,70,old
9176,22.14950966835022,2.4114883812846815,CVPF,soup_scene3,70,old
9177,22.15215277671814,2.4115517936824205,CVPF,soup_scene3,70,old
9178,22.154658317565918,2.4125545803459127,CVPF,soup_scene3,70,old
9179,22.157201051712036,2.4124128811396366,CVPF,soup_scene3,70,old
9180,22.15968084335327,2.4128849861024255,CVPF,soup_scene3,70,old
9181,22.162171363830566,2.4128849861024255,CVPF,soup_scene3,70,old
9182,22.164435148239136,2.4128849861024255,CVPF,soup_scene3,70,old
9183,22.166786909103394,2.4129579618029036,CVPF,soup_scene3,70,old
9184,22.16927409172058,2.413823375480371,CVPF,soup_scene3,70,old
9185,22.17166304588318,2.413823375480371,CVPF,soup_scene3,70,old
9186,22.173898696899414,2.413823375480371,CVPF,soup_scene3,70,old
9187,22.176324129104614,2.4105949522306256,CVPF,soup_scene3,70,old
9188,22.178868293762207,2.4105949522306256,CVPF,soup_scene3,70,old
9189,22.18134307861328,2.4105949522306256,CVPF,soup_scene3,70,old
9190,22.18378448486328,2.4095120541819792,CVPF,soup_scene3,70,old
9191,22.186297178268433,2.4097724507734783,CVPF,soup_scene3,70,old
9192,22.18875002861023,2.4097724507734783,CVPF,soup_scene3,70,old
9193,22.19112777709961,2.4097724507734783,CVPF,soup_scene3,70,old
9194,22.193734645843506,2.4139522554834634,CVPF,soup_scene3,70,old
9195,22.196276664733887,2.4139522554834634,CVPF,soup_scene3,70,old
9196,22.19862198829651,2.4139522554834634,CVPF,soup_scene3,70,old
9197,22.201016187667847,2.414014638622696,CVPF,soup_scene3,70,old
9198,22.203802347183228,2.414014638622696,CVPF,soup_scene3,70,old
9199,22.206310510635376,2.414014638622696,CVPF,soup_scene3,70,old
9200,22.20887541770935,2.411880239384622,CVPF,soup_scene3,70,old
9201,22.211395025253296,2.411880239384622,CVPF,soup_scene3,70,old
9202,22.214381456375122,1.2525438606213832,CVPF,soup_scene3,70,old
9203,22.21671152114868,1.2525438606213832,CVPF,soup_scene3,70,old
9204,22.219193935394287,1.2541402951398197,CVPF,soup_scene3,70,old
9205,22.221923828125,1.2541402951398197,CVPF,soup_scene3,70,old
9206,22.22421932220459,1.2541402951398197,CVPF,soup_scene3,70,old
9207,22.226656913757324,1.2533149355824627,CVPF,soup_scene3,70,old
9208,22.229363679885864,1.2533149355824627,CVPF,soup_scene3,70,old
9209,22.231669187545776,1.2533149355824627,CVPF,soup_scene3,70,old
9210,22.23410439491272,1.2577569869006338,CVPF,soup_scene3,70,old
9211,22.23684549331665,1.2577569869006338,CVPF,soup_scene3,70,old
9212,22.239132404327393,1.2577569869006338,CVPF,soup_scene3,70,old
9213,22.241482257843018,1.2577569869006338,CVPF,soup_scene3,70,old
9214,22.244152307510376,1.2563875806815368,CVPF,soup_scene3,70,old
9215,22.246833562850952,1.2563875806815368,CVPF,soup_scene3,70,old
9216,22.24920654296875,1.2563875806815368,CVPF,soup_scene3,70,old
9217,22.251965284347534,1.2533198707272666,CVPF,soup_scene3,70,old
9218,22.254535913467407,1.2533198707272666,CVPF,soup_scene3,70,old
9219,22.256938695907593,1.2533198707272666,CVPF,soup_scene3,70,old
9220,22.259419918060303,1.2516601745506337,CVPF,soup_scene3,70,old
9221,22.262245416641235,1.2516601745506337,CVPF,soup_scene3,70,old
9222,22.26468014717102,1.2516601745506337,CVPF,soup_scene3,70,old
9223,22.26732897758484,1.2520690511436223,CVPF,soup_scene3,70,old
9224,22.27021288871765,1.2510227586926392,CVPF,soup_scene3,70,old
9225,22.27265739440918,1.2510227586926392,CVPF,soup_scene3,70,old
9226,22.275049924850464,1.2510227586926392,CVPF,soup_scene3,70,old
9227,22.277493953704834,1.2520580330657944,CVPF,soup_scene3,70,old
9228,22.280205011367798,1.2520580330657944,CVPF,soup_scene3,70,old
9229,22.28263235092163,1.2520580330657944,CVPF,soup_scene3,70,old
9230,22.285380125045776,1.253015997021043,CVPF,soup_scene3,70,old
9231,22.287874698638916,1.253015997021043,CVPF,soup_scene3,70,old
9232,22.290252685546875,1.253015997021043,CVPF,soup_scene3,70,old
9233,22.292919397354126,1.2566917012239163,CVPF,soup_scene3,70,old
9234,22.295679807662964,1.2566917012239163,CVPF,soup_scene3,70,old
9235,22.297953605651855,1.2566917012239163,CVPF,soup_scene3,70,old
9236,22.300455331802368,1.2566345270526194,CVPF,soup_scene3,70,old
9237,22.303085565567017,1.2536379789772845,CVPF,soup_scene3,70,old
9238,22.305519819259644,1.2536379789772845,CVPF,soup_scene3,70,old
9239,22.307781457901,1.2536379789772845,CVPF,soup_scene3,70,old
9240,22.310399055480957,1.2527464542945976,CVPF,soup_scene3,70,old
9241,22.31300973892212,1.2527464542945976,CVPF,soup_scene3,70,old
9242,22.315267086029053,1.2527464542945976,CVPF,soup_scene3,70,old
9243,22.31772208213806,1.2527653054436056,CVPF,soup_scene3,70,old
9244,22.320395708084106,1.2525043696570712,CVPF,soup_scene3,70,old
9245,22.322890758514404,1.2525043696570712,CVPF,soup_scene3,70,old
9246,22.325324058532715,1.252205282779852,CVPF,soup_scene3,70,old
9247,22.32798147201538,1.252026819289032,CVPF,soup_scene3,70,old
9248,22.330405235290527,1.252026819289032,CVPF,soup_scene3,70,old
9249,22.333290576934814,1.251945676424186,CVPF,soup_scene3,70,old
9250,22.33641481399536,1.2511964934002204,CVPF,soup_scene3,70,old
9251,22.33907985687256,1.2511964934002204,CVPF,soup_scene3,70,old
9252,22.341648817062378,1.2515644575268476,CVPF,soup_scene3,70,old
9253,22.344311475753784,1.2567733346777334,CVPF,soup_scene3,70,old
9254,22.347195148468018,1.2567733346777334,CVPF,soup_scene3,70,old
9255,22.349762201309204,1.2567733346777334,CVPF,soup_scene3,70,old
9256,22.35242462158203,1.2547440345400025,CVPF,soup_scene3,70,old
9257,22.3548583984375,1.2547440345400025,CVPF,soup_scene3,70,old
9258,22.357303619384766,1.2547440345400025,CVPF,soup_scene3,70,old
9259,22.35986065864563,1.2549173073336295,CVPF,soup_scene3,70,old
9260,22.362207174301147,1.2549173073336295,CVPF,soup_scene3,70,old
9261,22.364606857299805,1.2549173073336295,CVPF,soup_scene3,70,old
9262,22.367103099822998,1.2548684679773014,CVPF,soup_scene3,70,old
9263,22.36950922012329,1.2539478868369685,CVPF,soup_scene3,70,old
9264,22.371886730194092,1.2539478868369685,CVPF,soup_scene3,70,old
9265,22.375139951705933,1.1988595923144993,CVPF,soup_scene3,70,old
9266,22.37778067588806,1.198860455503639,CVPF,soup_scene3,70,old
9267,22.38020610809326,1.198860455503639,CVPF,soup_scene3,70,old
9268,22.382731437683105,1.198860455503639,CVPF,soup_scene3,70,old
9269,22.38519024848938,1.1993316568419843,CVPF,soup_scene3,70,old
9270,22.387635946273804,1.1993316568419843,CVPF,soup_scene3,70,old
9271,22.38999605178833,1.1993316568419843,CVPF,soup_scene3,70,old
9272,22.392532110214233,1.199371888009825,CVPF,soup_scene3,70,old
9273,22.39496397972107,1.2004985289488568,CVPF,soup_scene3,70,old
9274,22.397231101989746,1.2004985289488568,CVPF,soup_scene3,70,old
9275,22.39958620071411,1.2004985289488568,CVPF,soup_scene3,70,old
9276,22.40201997756958,1.2004985289488568,CVPF,soup_scene3,70,old
9277,22.404528856277466,1.2003620052266806,CVPF,soup_scene3,70,old
9278,22.406957864761353,1.2003620052266806,CVPF,soup_scene3,70,old
9279,22.409456491470337,1.1976476975603312,CVPF,soup_scene3,70,old
9280,22.411869525909424,1.1980739244398864,CVPF,soup_scene3,70,old
9281,22.414368391036987,1.1980739244398864,CVPF,soup_scene3,70,old
9282,22.416874885559082,1.2000436772786562,CVPF,soup_scene3,70,old
9283,22.41925811767578,1.2000436772786562,CVPF,soup_scene3,70,old
9284,22.421561241149902,1.1999932431548563,CVPF,soup_scene3,70,old
9285,22.424015760421753,1.1992901311644495,CVPF,soup_scene3,70,old
9286,22.426384210586548,1.1992901311644495,CVPF,soup_scene3,70,old
9287,22.428730249404907,1.1992901311644495,CVPF,soup_scene3,70,old
9288,22.43107318878174,1.1992901311644495,CVPF,soup_scene3,70,old
9289,22.433415174484253,1.1992901311644495,CVPF,soup_scene3,70,old
9290,22.4359130859375,1.198936863279295,CVPF,soup_scene3,70,old
9291,22.438449144363403,1.198936863279295,CVPF,soup_scene3,70,old
9292,22.440812349319458,1.198936863279295,CVPF,soup_scene3,70,old
9293,22.44326639175415,1.1989459409275645,CVPF,soup_scene3,70,old
9294,22.445963859558105,1.1980422235637649,CVPF,soup_scene3,70,old
9295,22.448394536972046,1.1980741154055368,CVPF,soup_scene3,70,old
9296,22.450947284698486,1.1980741154055368,CVPF,soup_scene3,70,old
9297,22.453381061553955,1.1999437641824162,CVPF,soup_scene3,70,old
9298,22.455928325653076,1.1999437641824162,CVPF,soup_scene3,70,old
9299,22.458719491958618,1.1999437641824162,CVPF,soup_scene3,70,old
9300,22.461044311523438,1.1999437641824162,CVPF,soup_scene3,70,old
9301,22.463404417037964,1.1999437641824162,CVPF,soup_scene3,70,old
9302,22.46591067314148,1.1959172567764007,CVPF,soup_scene3,70,old
9303,22.468251943588257,1.1959172567764007,CVPF,soup_scene3,70,old
9304,22.470604419708252,1.1959172567764007,CVPF,soup_scene3,70,old
9305,22.473087310791016,1.1959172567764007,CVPF,soup_scene3,70,old
9306,22.47551965713501,1.195905925032811,CVPF,soup_scene3,70,old
9307,22.477824687957764,1.195905925032811,CVPF,soup_scene3,70,old
9308,22.480370044708252,1.19822979975919,CVPF,soup_scene3,70,old
9309,22.482895612716675,1.19822979975919,CVPF,soup_scene3,70,old
9310,22.48522973060608,1.19822979975919,CVPF,soup_scene3,70,old
9311,22.487773180007935,1.1985661854701242,CVPF,soup_scene3,70,old
9312,22.490047216415405,1.1985661854701242,CVPF,soup_scene3,70,old
9313,22.4924213886261,1.1985661854701242,CVPF,soup_scene3,70,old
9314,22.49489736557007,1.198522301116138,CVPF,soup_scene3,70,old
9315,22.497458696365356,1.198522301116138,CVPF,soup_scene3,70,old
9316,22.499918460845947,1.1991727401315462,CVPF,soup_scene3,70,old
9317,22.502493619918823,1.1991727401315462,CVPF,soup_scene3,70,old
9318,22.504887104034424,1.1991727401315462,CVPF,soup_scene3,70,old
9319,22.507283687591553,1.1991727401315462,CVPF,soup_scene3,70,old
9320,22.509693384170532,1.1991754770782999,CVPF,soup_scene3,70,old
9321,22.512426137924194,1.1986931000157277,CVPF,soup_scene3,70,old
9322,22.51517677307129,1.1987631573938042,CVPF,soup_scene3,70,old
9323,22.517638206481934,1.1987631573938042,CVPF,soup_scene3,70,old
9324,22.52028465270996,1.1952153213877965,CVPF,soup_scene3,70,old
9325,22.52281379699707,1.1952751190559354,CVPF,soup_scene3,70,old
9326,22.52535843849182,1.1967132340757791,CVPF,soup_scene3,70,old
9327,22.528042793273926,1.1989087236269746,CVPF,soup_scene3,70,old
9328,22.530572175979614,1.1989087236269746,CVPF,soup_scene3,70,old
9329,22.533263444900513,1.2001685615405293,CVPF,soup_scene3,70,old
9330,22.537546634674072,2.535355849786059,CVPF,soup_scene3,70,old
9331,22.540841102600098,2.537916101719444,CVPF,soup_scene3,70,old
9332,22.54420828819275,2.538022148406428,CVPF,soup_scene3,70,old
9333,22.54774522781372,2.538022148406428,CVPF,soup_scene3,70,old
9334,22.550925254821777,2.541656860880873,CVPF,soup_scene3,70,old
9335,22.554106950759888,2.541656860880873,CVPF,soup_scene3,70,old
9336,22.557254552841187,2.541656860880873,CVPF,soup_scene3,70,old
9337,22.56054711341858,2.5386158609866296,CVPF,soup_scene3,70,old
9338,22.563840866088867,2.5386158609866296,CVPF,soup_scene3,70,old
9339,22.567035913467407,2.5385983472457765,CVPF,soup_scene3,70,old
9340,22.570480823516846,2.5374571891272155,CVPF,soup_scene3,70,old
9341,22.573539972305298,2.5374571891272155,CVPF,soup_scene3,70,old
9342,22.576842308044434,2.535435616146801,CVPF,soup_scene3,70,old
9343,22.580207586288452,2.535435616146801,CVPF,soup_scene3,70,old
9344,22.583175897598267,2.535435616146801,CVPF,soup_scene3,70,old
9345,22.586644411087036,2.533893498501911,CVPF,soup_scene3,70,old
9346,22.58963441848755,2.533893498501911,CVPF,soup_scene3,70,old
9347,22.59279179573059,2.5336359076541277,CVPF,soup_scene3,70,old
9348,22.59605836868286,2.5336359076541277,CVPF,soup_scene3,70,old
9349,22.599072694778442,2.5336359076541277,CVPF,soup_scene3,70,old
9350,22.60245370864868,2.536707924435181,CVPF,soup_scene3,70,old
9351,22.60559105873108,2.536707924435181,CVPF,soup_scene3,70,old
9352,22.608622789382935,2.5363981452340565,CVPF,soup_scene3,70,old
9353,22.61188793182373,2.538150976220798,CVPF,soup_scene3,70,old
9354,22.615187644958496,2.538150976220798,CVPF,soup_scene3,70,old
9355,22.617854118347168,2.53655884510351,CVPF,soup_scene3,70,old
9356,22.620338678359985,2.53655884510351,CVPF,soup_scene3,70,old
9357,22.622600078582764,2.53655884510351,CVPF,soup_scene3,70,old
9358,22.6251003742218,2.53655884510351,CVPF,soup_scene3,70,old
9359,22.627727508544922,2.535792291780439,CVPF,soup_scene3,70,old
9360,22.630109071731567,2.535792291780439,CVPF,soup_scene3,70,old
9361,22.632365465164185,2.535792291780439,CVPF,soup_scene3,70,old
9362,22.634790897369385,2.5347786847003184,CVPF,soup_scene3,70,old
9363,22.637267112731934,2.5347786847003184,CVPF,soup_scene3,70,old
9364,22.639516592025757,2.5347786847003184,CVPF,soup_scene3,70,old
9365,22.641817092895508,2.5347786847003184,CVPF,soup_scene3,70,old
9366,22.644510984420776,2.5350832152172678,CVPF,soup_scene3,70,old
9367,22.646974086761475,2.5350832152172678,CVPF,soup_scene3,70,old
9368,22.6491916179657,2.5350832152172678,CVPF,soup_scene3,70,old
9369,22.651660203933716,2.5375868743100654,CVPF,soup_scene3,70,old
9370,22.654215574264526,2.5375868743100654,CVPF,soup_scene3,70,old
9371,22.656585454940796,2.5375868743100654,CVPF,soup_scene3,70,old
9372,22.65916657447815,2.536131651191784,CVPF,soup_scene3,70,old
9373,22.661657571792603,2.536131651191784,CVPF,soup_scene3,70,old
9374,22.66415238380432,2.536131651191784,CVPF,soup_scene3,70,old
9375,22.66654658317566,2.536131651191784,CVPF,soup_scene3,70,old
9376,22.669272661209106,2.5342802371584927,CVPF,soup_scene3,70,old
9377,22.671769618988037,2.5342802371584927,CVPF,soup_scene3,70,old
9378,22.67412257194519,2.5342802371584927,CVPF,soup_scene3,70,old
9379,22.677382946014404,2.5347408789387624,CVPF,soup_scene3,70,old
9380,22.68082046508789,2.5347408789387624,CVPF,soup_scene3,70,old
9381,22.684088468551636,2.534813964569217,CVPF,soup_scene3,70,old
9382,22.687575817108154,2.535147843246069,CVPF,soup_scene3,70,old
9383,22.690616607666016,2.535147843246069,CVPF,soup_scene3,70,old
9384,22.693856954574585,2.5351488469133274,CVPF,soup_scene3,70,old
9385,22.697901248931885,0.019319072140441672,CVPF,soup_scene3,70,old
9386,22.70116877555847,0.02071616602726514,CVPF,soup_scene3,70,old
9387,22.70454978942871,0.02071616602726514,CVPF,soup_scene3,70,old
9388,22.707600831985474,0.02071616602726514,CVPF,soup_scene3,70,old
9389,22.71091628074646,0.019988457336331554,CVPF,soup_scene3,70,old
9390,22.71412706375122,0.019988457336331554,CVPF,soup_scene3,70,old
9391,22.71721339225769,0.019998229275511172,CVPF,soup_scene3,70,old
9392,22.7204749584198,0.018904847134296913,CVPF,soup_scene3,70,old
9393,22.72362732887268,0.018904847134296913,CVPF,soup_scene3,70,old
9394,22.726892948150635,0.019848096423359118,CVPF,soup_scene3,70,old
9395,22.730130910873413,0.019848096423359118,CVPF,soup_scene3,70,old
9396,22.732635736465454,0.019848096423359118,CVPF,soup_scene3,70,old
9397,22.735137462615967,0.01929018628930084,CVPF,soup_scene3,70,old
9398,22.737661600112915,0.01929018628930084,CVPF,soup_scene3,70,old
9399,22.739991903305054,0.01929018628930084,CVPF,soup_scene3,70,old
9400,22.74242854118347,0.02057613485999863,CVPF,soup_scene3,70,old
9401,22.74518871307373,0.02057613485999863,CVPF,soup_scene3,70,old
9402,22.747761487960815,0.02057613485999863,CVPF,soup_scene3,70,old
9403,22.750113010406494,0.020579851389567094,CVPF,soup_scene3,70,old
9404,22.752822875976562,0.02227682167140122,CVPF,soup_scene3,70,old
9405,22.75529980659485,0.02227682167140122,CVPF,soup_scene3,70,old
9406,22.7575843334198,0.02227682167140122,CVPF,soup_scene3,70,old
9407,22.760261297225952,0.02331485347909157,CVPF,soup_scene3,70,old
9408,22.7627170085907,0.02331485347909157,CVPF,soup_scene3,70,old
9409,22.765146017074585,0.02331485347909157,CVPF,soup_scene3,70,old
9410,22.767749309539795,0.02254847824114631,CVPF,soup_scene3,70,old
9411,22.770360231399536,0.02254847824114631,CVPF,soup_scene3,70,old
9412,22.772759675979614,0.02254847824114631,CVPF,soup_scene3,70,old
9413,22.7750883102417,0.022531587881607053,CVPF,soup_scene3,70,old
9414,22.777708768844604,0.019513753084315084,CVPF,soup_scene3,70,old
9415,22.780436992645264,0.019513753084315084,CVPF,soup_scene3,70,old
9416,22.782788276672363,0.019513753084315084,CVPF,soup_scene3,70,old
9417,22.78555130958557,0.019011588756145642,CVPF,soup_scene3,70,old
9418,22.78805160522461,0.019011588756145642,CVPF,soup_scene3,70,old
9419,22.790456771850586,0.019011588756145642,CVPF,soup_scene3,70,old
9420,22.792989015579224,0.019608194422682315,CVPF,soup_scene3,70,old
9421,22.79561161994934,0.019608194422682315,CVPF,soup_scene3,70,old
9422,22.797940969467163,0.019608194422682315,CVPF,soup_scene3,70,old
9423,22.800543308258057,0.019958914468948343,CVPF,soup_scene3,70,old
9424,22.803170919418335,0.019690490090941447,CVPF,soup_scene3,70,old
9425,22.8056697845459,0.019690490090941447,CVPF,soup_scene3,70,old
9426,22.808107614517212,0.019690490090941447,CVPF,soup_scene3,70,old
9427,22.810754776000977,0.01763313931486751,CVPF,soup_scene3,70,old
9428,22.81342887878418,0.01763313931486751,CVPF,soup_scene3,70,old
9429,22.815775632858276,0.01763313931486751,CVPF,soup_scene3,70,old
9430,22.81837487220764,0.01970610441340945,CVPF,soup_scene3,70,old
9431,22.82110834121704,0.01970610441340945,CVPF,soup_scene3,70,old
9432,22.823673009872437,0.01970610441340945,CVPF,soup_scene3,70,old
9433,22.82648801803589,0.019471117917699163,CVPF,soup_scene3,70,old
9434,22.829148054122925,0.019471117917699163,CVPF,soup_scene3,70,old
9435,22.831648588180542,0.019471117917699163,CVPF,soup_scene3,70,old
9436,22.834263801574707,0.018707061345897953,CVPF,soup_scene3,70,old
9437,22.836886882781982,0.018726811655276177,CVPF,soup_scene3,70,old
9438,22.83939528465271,0.018726811655276177,CVPF,soup_scene3,70,old
9439,22.84205985069275,0.018768298950360803,CVPF,soup_scene3,70,old
9440,22.844685077667236,0.02070033574395862,CVPF,soup_scene3,70,old
9441,22.84735918045044,0.02070033574395862,CVPF,soup_scene3,70,old
9442,22.849743843078613,0.02070033574395862,CVPF,soup_scene3,70,old
9443,22.852336645126343,0.020279424202294172,CVPF,soup_scene3,70,old
9444,22.855462551116943,2.433340402493297,CVPF,soup_scene3,70,old
9445,22.857833862304688,2.433340402493297,CVPF,soup_scene3,70,old
9446,22.860305786132812,2.4303150833572653,CVPF,soup_scene3,70,old
9447,22.862823963165283,2.4303150833572653,CVPF,soup_scene3,70,old
9448,22.865259408950806,2.4303150833572653,CVPF,soup_scene3,70,old
9449,22.867879629135132,2.430873975554552,CVPF,soup_scene3,70,old
9450,22.870479345321655,2.430873975554552,CVPF,soup_scene3,70,old
9451,22.872859239578247,2.430873975554552,CVPF,soup_scene3,70,old
9452,22.875428199768066,2.4331851372310553,CVPF,soup_scene3,70,old
9453,22.87796950340271,2.4331851372310553,CVPF,soup_scene3,70,old
9454,22.88046884536743,2.4331851372310553,CVPF,soup_scene3,70,old
9455,22.882840394973755,2.4331851372310553,CVPF,soup_scene3,70,old
9456,22.885393857955933,2.4325858217820358,CVPF,soup_scene3,70,old
9457,22.887823581695557,2.4325858217820358,CVPF,soup_scene3,70,old
9458,22.890323638916016,2.4325858217820358,CVPF,soup_scene3,70,old
9459,22.89287281036377,2.4325371902938673,CVPF,soup_scene3,70,old
9460,22.89553666114807,2.43255181108728,CVPF,soup_scene3,70,old
9461,22.898011207580566,2.43255181108728,CVPF,soup_scene3,70,old
9462,22.900468826293945,2.432506199018251,CVPF,soup_scene3,70,old
9463,22.90297842025757,2.4314750936542797,CVPF,soup_scene3,70,old
9464,22.90552544593811,2.4314750936542797,CVPF,soup_scene3,70,old
9465,22.90797781944275,2.431521162745357,CVPF,soup_scene3,70,old
9466,22.910590648651123,2.429182867543868,CVPF,soup_scene3,70,old
9467,22.913198471069336,2.429182867543868,CVPF,soup_scene3,70,old
9468,22.915593147277832,2.429182867543868,CVPF,soup_scene3,70,old
9469,22.91814637184143,2.430851114285751,CVPF,soup_scene3,70,old
9470,22.9206805229187,2.430851114285751,CVPF,soup_scene3,70,old
9471,22.92308473587036,2.430851114285751,CVPF,soup_scene3,70,old
9472,22.925605297088623,2.4302116795059705,CVPF,soup_scene3,70,old
9473,22.928069591522217,2.4302116795059705,CVPF,soup_scene3,70,old
9474,22.93039321899414,2.4302116795059705,CVPF,soup_scene3,70,old
9475,22.932696104049683,2.4302116795059705,CVPF,soup_scene3,70,old
9476,22.935426950454712,2.4320286250340897,CVPF,soup_scene3,70,old
9477,22.937951803207397,2.4320286250340897,CVPF,soup_scene3,70,old
9478,22.940337657928467,2.4320286250340897,CVPF,soup_scene3,70,old
9479,22.942891120910645,2.4326969527387843,CVPF,soup_scene3,70,old
9480,22.94548511505127,2.4326969527387843,CVPF,soup_scene3,70,old
9481,22.947994470596313,2.4326969527387843,CVPF,soup_scene3,70,old
9482,22.950448751449585,2.432374547301317,CVPF,soup_scene3,70,old
9483,22.952914237976074,2.431998420407108,CVPF,soup_scene3,70,old
9484,22.95529556274414,2.431998420407108,CVPF,soup_scene3,70,old
9485,22.957714080810547,2.431998420407108,CVPF,soup_scene3,70,old
9486,22.960252285003662,2.4250561733435747,CVPF,soup_scene3,70,old
9487,22.962649822235107,2.4250561733435747,CVPF,soup_scene3,70,old
9488,22.965059280395508,2.4250561733435747,CVPF,soup_scene3,70,old
9489,22.967602252960205,2.425042176062516,CVPF,soup_scene3,70,old
9490,22.97002363204956,2.4243885855914504,CVPF,soup_scene3,70,old
9491,22.972599744796753,2.4243885855914504,CVPF,soup_scene3,70,old
9492,22.97507667541504,2.424889828879543,CVPF,soup_scene3,70,old
9493,22.977861642837524,2.427135276502887,CVPF,soup_scene3,70,old
9494,22.980595588684082,2.427135276502887,CVPF,soup_scene3,70,old
9495,22.98297619819641,2.427135276502887,CVPF,soup_scene3,70,old
9496,22.98570418357849,2.4296893569974154,CVPF,soup_scene3,70,old
9497,22.98838710784912,2.4296893569974154,CVPF,soup_scene3,70,old
9498,22.990707874298096,2.4296893569974154,CVPF,soup_scene3,70,old
9499,22.99333906173706,2.431484086648916,CVPF,soup_scene3,70,old
9500,22.995941638946533,2.431484086648916,CVPF,soup_scene3,70,old
9501,22.998471975326538,2.431484086648916,CVPF,soup_scene3,70,old
9502,23.001192569732666,2.431428500109156,CVPF,soup_scene3,70,old
9503,23.00375247001648,2.431428500109156,CVPF,soup_scene3,70,old
9504,23.00629162788391,2.431428500109156,CVPF,soup_scene3,70,old
9505,23.00887680053711,2.4314703926269647,CVPF,soup_scene3,70,old
9506,23.011635541915894,2.426422012573354,CVPF,soup_scene3,70,old
9507,23.014508485794067,2.426422012573354,CVPF,soup_scene3,70,old
9508,23.01693058013916,2.426462346654409,CVPF,soup_scene3,70,old
9509,23.02056860923767,1.2727407204865506,CVPF,soup_scene3,70,old
9510,23.0231351852417,1.2727407204865506,CVPF,soup_scene3,70,old
9511,23.025799036026,1.2727621907253375,CVPF,soup_scene3,70,old
9512,23.028334617614746,1.2743231907008625,CVPF,soup_scene3,70,old
9513,23.030808687210083,1.2743231907008625,CVPF,soup_scene3,70,old
9514,23.03326916694641,1.2739456542019179,CVPF,soup_scene3,70,old
9515,23.035867929458618,1.2729768833362631,CVPF,soup_scene3,70,old
9516,23.03838610649109,1.2729768833362631,CVPF,soup_scene3,70,old
9517,23.040719270706177,1.2729768833362631,CVPF,soup_scene3,70,old
9518,23.043323040008545,1.2716223978646661,CVPF,soup_scene3,70,old
9519,23.04615354537964,1.2716223978646661,CVPF,soup_scene3,70,old
9520,23.048486948013306,1.2716223978646661,CVPF,soup_scene3,70,old
9521,23.050997018814087,1.2701396611830762,CVPF,soup_scene3,70,old
9522,23.053629875183105,1.2701396611830762,CVPF,soup_scene3,70,old
9523,23.056073427200317,1.2701396611830762,CVPF,soup_scene3,70,old
9524,23.058473587036133,1.270165670893398,CVPF,soup_scene3,70,old
9525,23.061049938201904,1.2738327196246033,CVPF,soup_scene3,70,old
9526,23.063637018203735,1.2738327196246033,CVPF,soup_scene3,70,old
9527,23.06606125831604,1.2738327196246033,CVPF,soup_scene3,70,old
9528,23.06878089904785,1.2723246416755236,CVPF,soup_scene3,70,old
9529,23.071467638015747,1.2723246416755236,CVPF,soup_scene3,70,old
9530,23.073999166488647,1.2723246416755236,CVPF,soup_scene3,70,old
9531,23.07675004005432,1.2741641008663107,CVPF,soup_scene3,70,old
9532,23.079524993896484,1.2741641008663107,CVPF,soup_scene3,70,old
9533,23.08197855949402,1.2741641008663107,CVPF,soup_scene3,70,old
9534,23.08456015586853,1.2725481639764349,CVPF,soup_scene3,70,old
9535,23.087228536605835,1.2725481639764349,CVPF,soup_scene3,70,old
9536,23.089693784713745,1.2725481639764349,CVPF,soup_scene3,70,old
9537,23.09229302406311,1.272603575974256,CVPF,soup_scene3,70,old
9538,23.09497570991516,1.2726758671657565,CVPF,soup_scene3,70,old
9539,23.097575426101685,1.2726758671657565,CVPF,soup_scene3,70,old
9540,23.099919319152832,1.2726758671657565,CVPF,soup_scene3,70,old
9541,23.10279130935669,1.273102801048372,CVPF,soup_scene3,70,old
9542,23.10521364212036,1.273102801048372,CVPF,soup_scene3,70,old
9543,23.10767388343811,1.273102801048372,CVPF,soup_scene3,70,old
9544,23.110365629196167,1.2733412965101139,CVPF,soup_scene3,70,old
9545,23.11319065093994,1.2733412965101139,CVPF,soup_scene3,70,old
9546,23.115537881851196,1.2733412965101139,CVPF,soup_scene3,70,old
9547,23.118202686309814,1.2727234134086567,CVPF,soup_scene3,70,old
9548,23.120856285095215,1.2727234134086567,CVPF,soup_scene3,70,old
9549,23.123390197753906,1.2727234134086567,CVPF,soup_scene3,70,old
9550,23.12602686882019,1.2724188679936093,CVPF,soup_scene3,70,old
9551,23.128630876541138,1.2724188679936093,CVPF,soup_scene3,70,old
9552,23.130962371826172,1.2724188679936093,CVPF,soup_scene3,70,old
9553,23.133410930633545,1.2728069568411429,CVPF,soup_scene3,70,old
9554,23.136047840118408,1.269581805175114,CVPF,soup_scene3,70,old
9555,23.138612508773804,1.269581805175114,CVPF,soup_scene3,70,old
9556,23.141010284423828,1.269581805175114,CVPF,soup_scene3,70,old
9557,23.143665075302124,1.2689664695862513,CVPF,soup_scene3,70,old
9558,23.14640712738037,1.2689664695862513,CVPF,soup_scene3,70,old
9559,23.149962186813354,1.2689664695862513,CVPF,soup_scene3,70,old
9560,23.153828382492065,1.2681210565693095,CVPF,soup_scene3,70,old
9561,23.157429456710815,1.2681210565693095,CVPF,soup_scene3,70,old
9562,23.16063356399536,1.269378209640077,CVPF,soup_scene3,70,old
9563,23.163365364074707,1.269378209640077,CVPF,soup_scene3,70,old
9564,23.166144371032715,1.269378209640077,CVPF,soup_scene3,70,old
9565,23.168805599212646,1.2731055037093983,CVPF,soup_scene3,70,old
9566,23.171196699142456,1.2731055037093983,CVPF,soup_scene3,70,old
9567,23.17367720603943,1.2731055037093983,CVPF,soup_scene3,70,old
9568,23.17631983757019,1.2731055037093983,CVPF,soup_scene3,70,old
9569,23.178881406784058,1.2735113929518176,CVPF,soup_scene3,70,old
9570,23.181321620941162,1.2735113929518176,CVPF,soup_scene3,70,old
9571,23.184704780578613,1.159042990196984,CVPF,soup_scene3,70,old
9572,23.18723773956299,1.159042990196984,CVPF,soup_scene3,70,old
9573,23.18958044052124,1.159042990196984,CVPF,soup_scene3,70,old
9574,23.192173957824707,1.1604849991654038,CVPF,soup_scene3,70,old
9575,23.194655656814575,1.1604849991654038,CVPF,soup_scene3,70,old
9576,23.19699764251709,1.1604849991654038,CVPF,soup_scene3,70,old
9577,23.19940209388733,1.1601186564081392,CVPF,soup_scene3,70,old
9578,23.201863050460815,1.1613847024229802,CVPF,soup_scene3,70,old
9579,23.204305410385132,1.1613847024229802,CVPF,soup_scene3,70,old
9580,23.206740856170654,1.1613847024229802,CVPF,soup_scene3,70,old
9581,23.20922017097473,1.1631430616645266,CVPF,soup_scene3,70,old
9582,23.211671113967896,1.1631430616645266,CVPF,soup_scene3,70,old
9583,23.214075326919556,1.1631430616645266,CVPF,soup_scene3,70,old
9584,23.21654748916626,1.1631430616645266,CVPF,soup_scene3,70,old
9585,23.21903657913208,1.1634867568079346,CVPF,soup_scene3,70,old
9586,23.221370220184326,1.1634867568079346,CVPF,soup_scene3,70,old
9587,23.22383451461792,1.1665690572945533,CVPF,soup_scene3,70,old
9588,23.226312398910522,1.1665690572945533,CVPF,soup_scene3,70,old
9589,23.228788375854492,1.1665690572945533,CVPF,soup_scene3,70,old
9590,23.231239318847656,1.1639615988495362,CVPF,soup_scene3,70,old
9591,23.233539581298828,1.1639615988495362,CVPF,soup_scene3,70,old
9592,23.235939502716064,1.1639615988495362,CVPF,soup_scene3,70,old
9593,23.23845410346985,1.1639615988495362,CVPF,soup_scene3,70,old
9594,23.24077844619751,1.1639855594770065,CVPF,soup_scene3,70,old
9595,23.243154525756836,1.1639855594770065,CVPF,soup_scene3,70,old
9596,23.245556116104126,1.1643687904905058,CVPF,soup_scene3,70,old
9597,23.24818229675293,1.1643687904905058,CVPF,soup_scene3,70,old
9598,23.25047779083252,1.1643687904905058,CVPF,soup_scene3,70,old
9599,23.252853870391846,1.1643933867588605,CVPF,soup_scene3,70,old
9600,23.255317211151123,1.1630195204895994,CVPF,soup_scene3,70,old
9601,23.257705450057983,1.1630195204895994,CVPF,soup_scene3,70,old
9602,23.260016918182373,1.1630195204895994,CVPF,soup_scene3,70,old
9603,23.26226019859314,1.1630195204895994,CVPF,soup_scene3,70,old
9604,23.265042781829834,1.1645422352132062,CVPF,soup_scene3,70,old
9605,23.267648220062256,1.1645422352132062,CVPF,soup_scene3,70,old
9606,23.270459175109863,1.1645422352132062,CVPF,soup_scene3,70,old
9607,23.273061990737915,1.1642100579014976,CVPF,soup_scene3,70,old
9608,23.275580167770386,1.16368057017719,CVPF,soup_scene3,70,old
9609,23.27827763557434,1.16368057017719,CVPF,soup_scene3,70,old
9610,23.28081250190735,1.16368057017719,CVPF,soup_scene3,70,old
9611,23.283375024795532,1.16368057017719,CVPF,soup_scene3,70,old
9612,23.285953760147095,1.1640927246665536,CVPF,soup_scene3,70,old
9613,23.288267135620117,1.1640927246665536,CVPF,soup_scene3,70,old
9614,23.290709972381592,1.1640927246665536,CVPF,soup_scene3,70,old
9615,23.293318510055542,1.1640927246665536,CVPF,soup_scene3,70,old
9616,23.295871257781982,1.1636918184435856,CVPF,soup_scene3,70,old
9617,23.29843258857727,1.1602254576500994,CVPF,soup_scene3,70,old
9618,23.30083727836609,1.1602254576500994,CVPF,soup_scene3,70,old
9619,23.303295612335205,1.1602254576500994,CVPF,soup_scene3,70,old
9620,23.305817365646362,1.1602254576500994,CVPF,soup_scene3,70,old
9621,23.308489561080933,1.1621801173995674,CVPF,soup_scene3,70,old
9622,23.311195611953735,1.1621801173995674,CVPF,soup_scene3,70,old
9623,23.31399416923523,1.1626904472810948,CVPF,soup_scene3,70,old
9624,23.316570520401,1.1626904472810948,CVPF,soup_scene3,70,old
9625,23.319400310516357,1.162704980191244,CVPF,soup_scene3,70,old
9626,23.322137594223022,1.162704980191244,CVPF,soup_scene3,70,old
9627,23.324942111968994,1.1621351722741973,CVPF,soup_scene3,70,old
9628,23.327515840530396,1.1635664841852447,CVPF,soup_scene3,70,old
9629,23.330047369003296,1.1635664841852447,CVPF,soup_scene3,70,old
9630,23.332581520080566,1.1638706455735441,CVPF,soup_scene3,70,old
9631,23.335153341293335,1.1604310795798884,CVPF,soup_scene3,70,old
9632,23.337705373764038,1.159194569573143,CVPF,soup_scene3,70,old
9633,23.340847730636597,2.593906905387945,CVPF,soup_scene3,70,old
9634,23.343390941619873,2.593894395289311,CVPF,soup_scene3,70,old
9635,23.345863103866577,2.593523548749359,CVPF,soup_scene3,70,old
9636,23.34833788871765,2.592736610485716,CVPF,soup_scene3,70,old
9637,23.35088276863098,2.592736610485716,CVPF,soup_scene3,70,old
9638,23.353480100631714,2.5936360488339396,CVPF,soup_scene3,70,old
9639,23.355990886688232,2.5936360488339396,CVPF,soup_scene3,70,old
9640,23.3584885597229,2.5936326746177247,CVPF,soup_scene3,70,old
9641,23.361067295074463,2.5924993209543046,CVPF,soup_scene3,70,old
9642,23.363450288772583,2.5924993209543046,CVPF,soup_scene3,70,old
9643,23.365740537643433,2.5924993209543046,CVPF,soup_scene3,70,old
9644,23.368315935134888,2.5989151056809505,CVPF,soup_scene3,70,old
9645,23.370936393737793,2.5989151056809505,CVPF,soup_scene3,70,old
9646,23.373291015625,2.5989151056809505,CVPF,soup_scene3,70,old
9647,23.375650882720947,2.5988314970781783,CVPF,soup_scene3,70,old
9648,23.378067016601562,2.597572581539136,CVPF,soup_scene3,70,old
9649,23.38057565689087,2.597572581539136,CVPF,soup_scene3,70,old
9650,23.38285779953003,2.597572581539136,CVPF,soup_scene3,70,old
9651,23.385417461395264,2.596793552362233,CVPF,soup_scene3,70,old
9652,23.387879133224487,2.596793552362233,CVPF,soup_scene3,70,old
9653,23.390146255493164,2.596793552362233,CVPF,soup_scene3,70,old
9654,23.392634630203247,2.59341706714902,CVPF,soup_scene3,70,old
9655,23.395024061203003,2.59341706714902,CVPF,soup_scene3,70,old
9656,23.397398233413696,2.59341706714902,CVPF,soup_scene3,70,old
9657,23.39984393119812,2.5934428944493413,CVPF,soup_scene3,70,old
9658,23.40250563621521,2.591933172128414,CVPF,soup_scene3,70,old
9659,23.404881477355957,2.591933172128414,CVPF,soup_scene3,70,old
9660,23.407222270965576,2.591933172128414,CVPF,soup_scene3,70,old
9661,23.40974473953247,2.5923622550784744,CVPF,soup_scene3,70,old
9662,23.412368059158325,2.591928953900816,CVPF,soup_scene3,70,old
9663,23.414828777313232,2.591928953900816,CVPF,soup_scene3,70,old
9664,23.417213916778564,2.591854561785052,CVPF,soup_scene3,70,old
9665,23.419872283935547,2.59571596653181,CVPF,soup_scene3,70,old
9666,23.422210216522217,2.59571596653181,CVPF,soup_scene3,70,old
9667,23.42462396621704,2.59571596653181,CVPF,soup_scene3,70,old
9668,23.427186727523804,2.5951405004742885,CVPF,soup_scene3,70,old
9669,23.42960810661316,2.5951405004742885,CVPF,soup_scene3,70,old
9670,23.431963682174683,2.5951405004742885,CVPF,soup_scene3,70,old
9671,23.434496879577637,2.5976693845405983,CVPF,soup_scene3,70,old
9672,23.43692135810852,2.5976693845405983,CVPF,soup_scene3,70,old
9673,23.43925666809082,2.5976693845405983,CVPF,soup_scene3,70,old
9674,23.4415385723114,2.5976693845405983,CVPF,soup_scene3,70,old
9675,23.44403839111328,2.5985486194994385,CVPF,soup_scene3,70,old
9676,23.446645498275757,2.5985486194994385,CVPF,soup_scene3,70,old
9677,23.44899606704712,2.5985486194994385,CVPF,soup_scene3,70,old
9678,23.451452016830444,2.5956705819775103,CVPF,soup_scene3,70,old
9679,23.45403480529785,2.5956705819775103,CVPF,soup_scene3,70,old
9680,23.456276655197144,2.5956705819775103,CVPF,soup_scene3,70,old
9681,23.458773851394653,2.5960363701176457,CVPF,soup_scene3,70,old
9682,23.46140193939209,2.593370309263121,CVPF,soup_scene3,70,old
9683,23.46407651901245,2.593370309263121,CVPF,soup_scene3,70,old
9684,23.466673374176025,2.593004583603809,CVPF,soup_scene3,70,old
9685,23.469480514526367,2.592473544113145,CVPF,soup_scene3,70,old
9686,23.472103118896484,2.592473544113145,CVPF,soup_scene3,70,old
9687,23.47451424598694,2.592473544113145,CVPF,soup_scene3,70,old
9688,23.477129220962524,2.5967573308225935,CVPF,soup_scene3,70,old
9689,23.48054528236389,2.5967573308225935,CVPF,soup_scene3,70,old
9690,23.483686685562134,2.5967274299190066,CVPF,soup_scene3,70,old
9691,23.486759185791016,2.595555557673654,CVPF,soup_scene3,70,old
9692,23.48982524871826,2.595555557673654,CVPF,soup_scene3,70,old
9693,23.49303364753723,2.5963195380173216,CVPF,soup_scene3,70,old
9694,23.4960777759552,2.5963195380173216,CVPF,soup_scene3,70,old
9695,23.499195337295532,2.5963195380173216,CVPF,soup_scene3,70,old
9696,23.502227306365967,0.07245847483999303,CVPF,soup_scene3,70,old
9697,23.504618406295776,0.07245847483999303,CVPF,soup_scene3,70,old
9698,23.507023096084595,0.07245847483999303,CVPF,soup_scene3,70,old
9699,23.509526014328003,0.07170717927724761,CVPF,soup_scene3,70,old
9700,23.512466192245483,0.07177175115333043,CVPF,soup_scene3,70,old
9701,23.515088081359863,0.07177175115333043,CVPF,soup_scene3,70,old
9702,23.517541885375977,0.0718873673782703,CVPF,soup_scene3,70,old
9703,23.51999306678772,0.0718873673782703,CVPF,soup_scene3,70,old
9704,23.52250599861145,0.0718873673782703,CVPF,soup_scene3,70,old
9705,23.524969816207886,0.07191261999836572,CVPF,soup_scene3,70,old
9706,23.52743148803711,0.07221907190237103,CVPF,soup_scene3,70,old
9707,23.529839754104614,0.07221907190237103,CVPF,soup_scene3,70,old
9708,23.532140254974365,0.07221907190237103,CVPF,soup_scene3,70,old
9709,23.534595489501953,0.0720220360225482,CVPF,soup_scene3,70,old
9710,23.536996603012085,0.0720220360225482,CVPF,soup_scene3,70,old
9711,23.539382696151733,0.0720220360225482,CVPF,soup_scene3,70,old
9712,23.54177212715149,0.07133994218330865,CVPF,soup_scene3,70,old
9713,23.54420804977417,0.07098935320292517,CVPF,soup_scene3,70,old
9714,23.5468008518219,0.07098935320292517,CVPF,soup_scene3,70,old
9715,23.54912304878235,0.07098935320292517,CVPF,soup_scene3,70,old
9716,23.551745653152466,0.07067055047535756,CVPF,soup_scene3,70,old
9717,23.55420970916748,0.07067055047535756,CVPF,soup_scene3,70,old
9718,23.556678771972656,0.07067055047535756,CVPF,soup_scene3,70,old
9719,23.559267044067383,0.07148321398108914,CVPF,soup_scene3,70,old
9720,23.561769247055054,0.07185636891853968,CVPF,soup_scene3,70,old
9721,23.56408405303955,0.07185636891853968,CVPF,soup_scene3,70,old
9722,23.566500902175903,0.07185636891853968,CVPF,soup_scene3,70,old
9723,23.56909489631653,0.0716198785071498,CVPF,soup_scene3,70,old
9724,23.57145929336548,0.0716198785071498,CVPF,soup_scene3,70,old
9725,23.573762893676758,0.0716198785071498,CVPF,soup_scene3,70,old
9726,23.57625651359558,0.07158130096827262,CVPF,soup_scene3,70,old
9727,23.57872247695923,0.07130923949104812,CVPF,soup_scene3,70,old
9728,23.58112859725952,0.07130923949104812,CVPF,soup_scene3,70,old
9729,23.583537340164185,0.07130923949104812,CVPF,soup_scene3,70,old
9730,23.585808515548706,0.07130923949104812,CVPF,soup_scene3,70,old
9731,23.58834147453308,0.07446473464156926,CVPF,soup_scene3,70,old
9732,23.590814352035522,0.07446473464156926,CVPF,soup_scene3,70,old
9733,23.59323740005493,0.07446473464156926,CVPF,soup_scene3,70,old
9734,23.595484495162964,0.07446473464156926,CVPF,soup_scene3,70,old
9735,23.597749710083008,0.07446473464156926,CVPF,soup_scene3,70,old
9736,23.60042428970337,0.07271973897094386,CVPF,soup_scene3,70,old
9737,23.602740049362183,0.07271973897094386,CVPF,soup_scene3,70,old
9738,23.60507869720459,0.07271973897094386,CVPF,soup_scene3,70,old
9739,23.60767149925232,0.07271973897094386,CVPF,soup_scene3,70,old
9740,23.6101016998291,0.07302442216527419,CVPF,soup_scene3,70,old
9741,23.612392902374268,0.07302442216527419,CVPF,soup_scene3,70,old
9742,23.614730834960938,0.07319835149700506,CVPF,soup_scene3,70,old
9743,23.61721110343933,0.07319835149700506,CVPF,soup_scene3,70,old
9744,23.61985421180725,0.07294235418782223,CVPF,soup_scene3,70,old
9745,23.622249364852905,0.07294235418782223,CVPF,soup_scene3,70,old
9746,23.62483310699463,0.07295224543319288,CVPF,soup_scene3,70,old
9747,23.62718367576599,0.07295224543319288,CVPF,soup_scene3,70,old
9748,23.62950038909912,0.07295224543319288,CVPF,soup_scene3,70,old
9749,23.632073879241943,0.0727148394203017,CVPF,soup_scene3,70,old
9750,23.634647369384766,0.0727148394203017,CVPF,soup_scene3,70,old
9751,23.637079000473022,0.07251851346344361,CVPF,soup_scene3,70,old
9752,23.639511108398438,0.07196246309807963,CVPF,soup_scene3,70,old
9753,23.641916036605835,0.07196246309807963,CVPF,soup_scene3,70,old
9754,23.644365072250366,0.07196246309807963,CVPF,soup_scene3,70,old
9755,23.646842002868652,0.07196246309807963,CVPF,soup_scene3,70,old
9756,23.64936876296997,0.07129202333950184,CVPF,soup_scene3,70,old
9757,23.6518235206604,0.07129202333950184,CVPF,soup_scene3,70,old
9758,23.65419340133667,0.07129202333950184,CVPF,soup_scene3,70,old
9759,23.656697273254395,0.0709347024579622,CVPF,soup_scene3,70,old
9760,23.659135103225708,0.0709347024579622,CVPF,soup_scene3,70,old
9761,23.661550283432007,0.0709347024579622,CVPF,soup_scene3,70,old
9762,23.664052724838257,0.0709347024579622,CVPF,soup_scene3,70,old
9763,23.666609048843384,0.07338841340872214,CVPF,soup_scene3,70,old
9764,23.669004917144775,0.07338841340872214,CVPF,soup_scene3,70,old
9765,23.67211651802063,2.360921754151535,CVPF,soup_scene3,70,old
9766,23.674585103988647,2.3609204563497483,CVPF,soup_scene3,70,old
9767,23.67717671394348,2.3609204563497483,CVPF,soup_scene3,70,old
9768,23.679736137390137,2.3604895959642485,CVPF,soup_scene3,70,old
9769,23.682276964187622,2.3604895959642485,CVPF,soup_scene3,70,old
9770,23.684855937957764,2.360109362308229,CVPF,soup_scene3,70,old
9771,23.687299728393555,2.361092772552776,CVPF,soup_scene3,70,old
9772,23.689789295196533,2.361092772552776,CVPF,soup_scene3,70,old
9773,23.69229483604431,2.361092772552776,CVPF,soup_scene3,70,old
9774,23.694767713546753,2.3614249716865228,CVPF,soup_scene3,70,old
9775,23.69714117050171,2.3596970391780876,CVPF,soup_scene3,70,old
9776,23.699560165405273,2.3596970391780876,CVPF,soup_scene3,70,old
9777,23.702061414718628,2.3596970391780876,CVPF,soup_scene3,70,old
9778,23.704532146453857,2.3596970391780876,CVPF,soup_scene3,70,old
9779,23.707165479660034,2.3593763431935386,CVPF,soup_scene3,70,old
9780,23.709798097610474,2.360882814218785,CVPF,soup_scene3,70,old
9781,23.71230936050415,2.3623562385393404,CVPF,soup_scene3,70,old
9782,23.715054035186768,2.362376241246051,CVPF,soup_scene3,70,old
9783,23.7176673412323,2.3628221810126737,CVPF,soup_scene3,70,old
9784,23.720242261886597,2.36339572178147,CVPF,soup_scene3,70,old
9785,23.722702980041504,2.36339572178147,CVPF,soup_scene3,70,old
9786,23.725378036499023,2.3606392125480853,CVPF,soup_scene3,70,old
9787,23.72784447669983,2.3606392125480853,CVPF,soup_scene3,70,old
9788,23.730405807495117,2.3594876995968437,CVPF,soup_scene3,70,old
9789,23.732905626296997,2.3594876995968437,CVPF,soup_scene3,70,old
9790,23.735761642456055,2.358452542336466,CVPF,soup_scene3,70,old
9791,23.738648653030396,2.3580462002520037,CVPF,soup_scene3,70,old
9792,23.741285800933838,2.360159739840102,CVPF,soup_scene3,70,old
9793,23.743812561035156,2.360177173901651,CVPF,soup_scene3,70,old
9794,23.746464252471924,2.356995274232772,CVPF,soup_scene3,70,old
9795,23.74886393547058,2.356995274232772,CVPF,soup_scene3,70,old
9796,23.751293659210205,2.3565206928840277,CVPF,soup_scene3,70,old
9797,23.753916025161743,2.3565206928840277,CVPF,soup_scene3,70,old
9798,23.75624442100525,2.3565206928840277,CVPF,soup_scene3,70,old
9799,23.758692979812622,2.35689992164497,CVPF,soup_scene3,70,old
9800,23.76140308380127,2.358183282698964,CVPF,soup_scene3,70,old
9801,23.76402997970581,2.358183282698964,CVPF,soup_scene3,70,old
9802,23.766378164291382,2.358183282698964,CVPF,soup_scene3,70,old
9803,23.768866777420044,2.3587203770336886,CVPF,soup_scene3,70,old
9804,23.771300315856934,2.3587203770336886,CVPF,soup_scene3,70,old
9805,23.773603916168213,2.3587203770336886,CVPF,soup_scene3,70,old
9806,23.77601933479309,2.360388969524502,CVPF,soup_scene3,70,old
9807,23.77858567237854,2.360388969524502,CVPF,soup_scene3,70,old
9808,23.781074285507202,2.360388969524502,CVPF,soup_scene3,70,old
9809,23.783358097076416,2.360388969524502,CVPF,soup_scene3,70,old
9810,23.785966157913208,2.3570737336861756,CVPF,soup_scene3,70,old
9811,23.78852605819702,2.3570737336861756,CVPF,soup_scene3,70,old
9812,23.79089665412903,2.3570737336861756,CVPF,soup_scene3,70,old
9813,23.793641328811646,2.355676658999272,CVPF,soup_scene3,70,old
9814,23.796281099319458,2.355676658999272,CVPF,soup_scene3,70,old
9815,23.7985897064209,2.355676658999272,CVPF,soup_scene3,70,old
9816,23.801137447357178,2.3542000759496324,CVPF,soup_scene3,70,old
9817,23.803876876831055,2.3542000759496324,CVPF,soup_scene3,70,old
9818,23.80627942085266,2.3542000759496324,CVPF,soup_scene3,70,old
9819,23.8086998462677,2.3538168041027054,CVPF,soup_scene3,70,old
9820,23.811238527297974,2.3569734240292948,CVPF,soup_scene3,70,old
9821,23.813793182373047,2.3569734240292948,CVPF,soup_scene3,70,old
9822,23.816215753555298,2.3569734240292948,CVPF,soup_scene3,70,old
9823,23.818927526474,2.358470256283537,CVPF,soup_scene3,70,old
9824,23.821656703948975,2.358470256283537,CVPF,soup_scene3,70,old
9825,23.825349807739258,1.3378386679218819,CVPF,soup_scene3,70,old
9826,23.827860593795776,1.3396749236406622,CVPF,soup_scene3,70,old
9827,23.83036208152771,1.3396749236406622,CVPF,soup_scene3,70,old
9828,23.832695484161377,1.3396749236406622,CVPF,soup_scene3,70,old
9829,23.83523726463318,1.3389293776922164,CVPF,soup_scene3,70,old
9830,23.837660312652588,1.3389293776922164,CVPF,soup_scene3,70,old
9831,23.839946269989014,1.3389293776922164,CVPF,soup_scene3,70,old
9832,23.842505931854248,1.3389804689053664,CVPF,soup_scene3,70,old
9833,23.845004558563232,1.3410915743653486,CVPF,soup_scene3,70,old
9834,23.847530603408813,1.3410915743653486,CVPF,soup_scene3,70,old
9835,23.84994602203369,1.3410915743653486,CVPF,soup_scene3,70,old
9836,23.8525652885437,1.3391176985855733,CVPF,soup_scene3,70,old
9837,23.854998350143433,1.3391176985855733,CVPF,soup_scene3,70,old
9838,23.857437133789062,1.3391176985855733,CVPF,soup_scene3,70,old
9839,23.860037088394165,1.3422839160162408,CVPF,soup_scene3,70,old
9840,23.862717866897583,1.3422839160162408,CVPF,soup_scene3,70,old
9841,23.86519694328308,1.3422839160162408,CVPF,soup_scene3,70,old
9842,23.867785930633545,1.3426685603266524,CVPF,soup_scene3,70,old
9843,23.87039828300476,1.3426685603266524,CVPF,soup_scene3,70,old
9844,23.872847318649292,1.3426685603266524,CVPF,soup_scene3,70,old
9845,23.87537169456482,1.3430033496685292,CVPF,soup_scene3,70,old
9846,23.878010272979736,1.3423365022273686,CVPF,soup_scene3,70,old
9847,23.88039231300354,1.3423365022273686,CVPF,soup_scene3,70,old
9848,23.88295030593872,1.3423365022273686,CVPF,soup_scene3,70,old
9849,23.88563299179077,1.3395049399247876,CVPF,soup_scene3,70,old
9850,23.888205766677856,1.3395049399247876,CVPF,soup_scene3,70,old
9851,23.890504121780396,1.3395049399247876,CVPF,soup_scene3,70,old
9852,23.89312481880188,1.3444230595574798,CVPF,soup_scene3,70,old
9853,23.89575219154358,1.3444230595574798,CVPF,soup_scene3,70,old
9854,23.898168087005615,1.3444230595574798,CVPF,soup_scene3,70,old
9855,23.9007351398468,1.3434232941857598,CVPF,soup_scene3,70,old
9856,23.90330743789673,1.344752036272796,CVPF,soup_scene3,70,old
9857,23.905906200408936,1.344752036272796,CVPF,soup_scene3,70,old
9858,23.908355951309204,1.3457307995242944,CVPF,soup_scene3,70,old
9859,23.910934686660767,1.3426958066220909,CVPF,soup_scene3,70,old
9860,23.913540840148926,1.3426958066220909,CVPF,soup_scene3,70,old
9861,23.915944576263428,1.3426958066220909,CVPF,soup_scene3,70,old
9862,23.91851258277893,1.3418646317278409,CVPF,soup_scene3,70,old
9863,23.92109513282776,1.3418646317278409,CVPF,soup_scene3,70,old
9864,23.923434734344482,1.3418646317278409,CVPF,soup_scene3,70,old
9865,23.925933599472046,1.3414257805983185,CVPF,soup_scene3,70,old
9866,23.92841601371765,1.3414257805983185,CVPF,soup_scene3,70,old
9867,23.930904865264893,1.3414257805983185,CVPF,soup_scene3,70,old
9868,23.9333176612854,1.3414257805983185,CVPF,soup_scene3,70,old
9869,23.935837030410767,1.346355150364893,CVPF,soup_scene3,70,old
9870,23.93830442428589,1.346355150364893,CVPF,soup_scene3,70,old
9871,23.940625429153442,1.346355150364893,CVPF,soup_scene3,70,old
9872,23.943267822265625,1.346285483885822,CVPF,soup_scene3,70,old
9873,23.94598078727722,1.346285483885822,CVPF,soup_scene3,70,old
9874,23.94879126548767,1.346285483885822,CVPF,soup_scene3,70,old
9875,23.951406002044678,1.3474945529962215,CVPF,soup_scene3,70,old
9876,23.953797340393066,1.3474945529962215,CVPF,soup_scene3,70,old
9877,23.956055641174316,1.3474945529962215,CVPF,soup_scene3,70,old
9878,23.95844841003418,1.3474945529962215,CVPF,soup_scene3,70,old
9879,23.96097421646118,1.34614096040562,CVPF,soup_scene3,70,old
9880,23.963402271270752,1.34614096040562,CVPF,soup_scene3,70,old
9881,23.965797901153564,1.34614096040562,CVPF,soup_scene3,70,old
9882,23.96836566925049,1.349515751311161,CVPF,soup_scene3,70,old
9883,23.971218585968018,1.349515751311161,CVPF,soup_scene3,70,old
9884,23.974412441253662,1.0627725057192852,CVPF,soup_scene3,70,old
9885,23.976972103118896,1.0627004595367169,CVPF,soup_scene3,70,old
9886,23.97983956336975,1.0627004595367169,CVPF,soup_scene3,70,old
9887,23.982171058654785,1.0627004595367169,CVPF,soup_scene3,70,old
9888,23.984625577926636,1.0638499581159524,CVPF,soup_scene3,70,old
9889,23.987361192703247,1.0638499581159524,CVPF,soup_scene3,70,old
9890,23.989678859710693,1.0638499581159524,CVPF,soup_scene3,70,old
9891,23.992138147354126,1.0634627123723006,CVPF,soup_scene3,70,old
9892,23.994802236557007,1.0651016470108066,CVPF,soup_scene3,70,old
9893,23.997426748275757,1.0651016470108066,CVPF,soup_scene3,70,old
9894,23.99985909461975,1.0651016470108066,CVPF,soup_scene3,70,old
9895,24.002493619918823,1.0650683640282241,CVPF,soup_scene3,70,old
9896,24.005030632019043,1.0650683640282241,CVPF,soup_scene3,70,old
9897,24.007428646087646,1.0650683640282241,CVPF,soup_scene3,70,old
9898,24.01003122329712,1.0630567706742,CVPF,soup_scene3,70,old
9899,24.012875080108643,1.0630567706742,CVPF,soup_scene3,70,old
9900,24.015238523483276,1.0630567706742,CVPF,soup_scene3,70,old
9901,24.0177104473114,1.0589415296075313,CVPF,soup_scene3,70,old
9902,24.02046251296997,1.0589415296075313,CVPF,soup_scene3,70,old
9903,24.02293634414673,1.0589415296075313,CVPF,soup_scene3,70,old
9904,24.0252742767334,1.0589032103553608,CVPF,soup_scene3,70,old
9905,24.027775764465332,1.0589803855355169,CVPF,soup_scene3,70,old
9906,24.030356407165527,1.0589803855355169,CVPF,soup_scene3,70,old
9907,24.032782077789307,1.0589803855355169,CVPF,soup_scene3,70,old
9908,24.035280227661133,1.0595347584410608,CVPF,soup_scene3,70,old
9909,24.037811279296875,1.0595347584410608,CVPF,soup_scene3,70,old
9910,24.040064573287964,1.0595347584410608,CVPF,soup_scene3,70,old
9911,24.042617321014404,1.0594589726752863,CVPF,soup_scene3,70,old
9912,24.04525923728943,1.06034153396427,CVPF,soup_scene3,70,old
9913,24.047646284103394,1.06034153396427,CVPF,soup_scene3,70,old
9914,24.049963235855103,1.0600193323992142,CVPF,soup_scene3,70,old
9915,24.05263376235962,1.0610853079904417,CVPF,soup_scene3,70,old
9916,24.055077075958252,1.0610853079904417,CVPF,soup_scene3,70,old
9917,24.057316780090332,1.0610853079904417,CVPF,soup_scene3,70,old
9918,24.059872150421143,1.0633755487901717,CVPF,soup_scene3,70,old
9919,24.06253743171692,1.0633755487901717,CVPF,soup_scene3,70,old
9920,24.06486749649048,1.0633755487901717,CVPF,soup_scene3,70,old
9921,24.068182706832886,1.0658384247308794,CVPF,soup_scene3,70,old
9922,24.070836067199707,1.0658384247308794,CVPF,soup_scene3,70,old
9923,24.07334804534912,1.0658384247308794,CVPF,soup_scene3,70,old
9924,24.0760178565979,1.0617024994298543,CVPF,soup_scene3,70,old
9925,24.078716278076172,1.0617024994298543,CVPF,soup_scene3,70,old
9926,24.081156730651855,1.0617024994298543,CVPF,soup_scene3,70,old
9927,24.083709955215454,1.0617569410924743,CVPF,soup_scene3,70,old
9928,24.086298942565918,1.0594484443232919,CVPF,soup_scene3,70,old
9929,24.088757276535034,1.0594484443232919,CVPF,soup_scene3,70,old
9930,24.091142177581787,1.0594484443232919,CVPF,soup_scene3,70,old
9931,24.094886779785156,1.059554114666933,CVPF,soup_scene3,70,old
9932,24.098632097244263,1.059554114666933,CVPF,soup_scene3,70,old
9933,24.102477550506592,1.0595547901430984,CVPF,soup_scene3,70,old
9934,24.106167793273926,1.0595547901430984,CVPF,soup_scene3,70,old
9935,24.10986614227295,1.0602315228058314,CVPF,soup_scene3,70,old
9936,24.113637447357178,1.0602315228058314,CVPF,soup_scene3,70,old
9937,24.1172878742218,1.0598670572963507,CVPF,soup_scene3,70,old
9938,24.120901584625244,1.0623355845627585,CVPF,soup_scene3,70,old
9939,24.124103307724,1.0623355845627585,CVPF,soup_scene3,70,old
9940,24.127394676208496,1.0626021079411636,CVPF,soup_scene3,70,old
9941,24.13071346282959,1.0626021079411636,CVPF,soup_scene3,70,old
9942,24.133941173553467,1.0626131315838352,CVPF,soup_scene3,70,old
9943,24.137399196624756,1.0618404063813762,CVPF,soup_scene3,70,old
9944,24.14046287536621,1.0618404063813762,CVPF,soup_scene3,70,old
9945,24.143930435180664,1.0616797192410712,CVPF,soup_scene3,70,old
9946,24.147871255874634,2.714417985364675,CVPF,soup_scene3,70,old
9947,24.15114188194275,2.7129667041336427,CVPF,soup_scene3,70,old
9948,24.154441356658936,2.7129667041336427,CVPF,soup_scene3,70,old
9949,24.157506465911865,2.7129667041336427,CVPF,soup_scene3,70,old
9950,24.16074776649475,2.7115990531774217,CVPF,soup_scene3,70,old
9951,24.16397261619568,2.7115990531774217,CVPF,soup_scene3,70,old
9952,24.167208194732666,2.712404989283667,CVPF,soup_scene3,70,old
9953,24.17043709754944,2.712404989283667,CVPF,soup_scene3,70,old
9954,24.173510551452637,2.712404989283667,CVPF,soup_scene3,70,old
9955,24.176351070404053,2.7118541014910775,CVPF,soup_scene3,70,old
9956,24.178911685943604,2.7118541014910775,CVPF,soup_scene3,70,old
9957,24.181487798690796,2.7118541014910775,CVPF,soup_scene3,70,old
9958,24.18396544456482,2.7130375650581016,CVPF,soup_scene3,70,old
9959,24.186600923538208,2.7130375650581016,CVPF,soup_scene3,70,old
9960,24.188929319381714,2.7130375650581016,CVPF,soup_scene3,70,old
9961,24.19125199317932,2.7130375650581016,CVPF,soup_scene3,70,old
9962,24.193806409835815,2.7162269077044523,CVPF,soup_scene3,70,old
9963,24.196346282958984,2.7162269077044523,CVPF,soup_scene3,70,old
9964,24.198675870895386,2.7162269077044523,CVPF,soup_scene3,70,old
9965,24.201305150985718,2.716337632527732,CVPF,soup_scene3,70,old
9966,24.204087495803833,2.716337632527732,CVPF,soup_scene3,70,old
9967,24.206469297409058,2.716337632527732,CVPF,soup_scene3,70,old
9968,24.20883011817932,2.716735705254877,CVPF,soup_scene3,70,old
9969,24.211508989334106,2.71675411293123,CVPF,soup_scene3,70,old
9970,24.214298009872437,2.71675411293123,CVPF,soup_scene3,70,old
9971,24.216679096221924,2.716369275553331,CVPF,soup_scene3,70,old
9972,24.219342470169067,2.7167073159175894,CVPF,soup_scene3,70,old
9973,24.221757411956787,2.7167073159175894,CVPF,soup_scene3,70,old
9974,24.22408413887024,2.7167073159175894,CVPF,soup_scene3,70,old
9975,24.22670555114746,2.7176422546691197,CVPF,soup_scene3,70,old
9976,24.22948145866394,2.7176422546691197,CVPF,soup_scene3,70,old
9977,24.231930017471313,2.7176422546691197,CVPF,soup_scene3,70,old
9978,24.23456335067749,2.7173609994860968,CVPF,soup_scene3,70,old
9979,24.237237215042114,2.7173609994860968,CVPF,soup_scene3,70,old
9980,24.239509344100952,2.7173609994860968,CVPF,soup_scene3,70,old
9981,24.241914987564087,2.717338823795531,CVPF,soup_scene3,70,old
9982,24.24479842185974,2.717167793250713,CVPF,soup_scene3,70,old
9983,24.247371435165405,2.717167793250713,CVPF,soup_scene3,70,old
9984,24.249683380126953,2.717167793250713,CVPF,soup_scene3,70,old
9985,24.252355098724365,2.7178514977096078,CVPF,soup_scene3,70,old
9986,24.25504231452942,2.7178514977096078,CVPF,soup_scene3,70,old
9987,24.25731110572815,2.7178514977096078,CVPF,soup_scene3,70,old
9988,24.259908437728882,2.7175872121786444,CVPF,soup_scene3,70,old
9989,24.262596607208252,2.7175872121786444,CVPF,soup_scene3,70,old
9990,24.265077590942383,2.7175872121786444,CVPF,soup_scene3,70,old
9991,24.267634630203247,2.717729234364178,CVPF,soup_scene3,70,old
9992,24.270392179489136,2.717729234364178,CVPF,soup_scene3,70,old
9993,24.27323865890503,2.717729234364178,CVPF,soup_scene3,70,old
9994,24.27699613571167,2.717923523677977,CVPF,soup_scene3,70,old
9995,24.280658721923828,2.717923523677977,CVPF,soup_scene3,70,old
9996,24.2843816280365,2.717738333513547,CVPF,soup_scene3,70,old
9997,24.287960290908813,2.717738333513547,CVPF,soup_scene3,70,old
9998,24.291173696517944,2.717738333513547,CVPF,soup_scene3,70,old
9999,24.294843196868896,2.7177479995185108,CVPF,soup_scene3,70,old
10000,24.29819130897522,2.7177479995185108,CVPF,soup_scene3,70,old
10001,24.301557779312134,2.7172259956779645,CVPF,soup_scene3,70,old
10002,24.304975509643555,2.7172259956779645,CVPF,soup_scene3,70,old
10003,24.308762311935425,0.20377332151436903,CVPF,soup_scene3,70,old
10004,24.312137842178345,0.20378992910248267,CVPF,soup_scene3,70,old
10005,24.315255641937256,0.20378992910248267,CVPF,soup_scene3,70,old
10006,24.318621397018433,0.20373200730425603,CVPF,soup_scene3,70,old
10007,24.321866989135742,0.20373200730425603,CVPF,soup_scene3,70,old
10008,24.32506799697876,0.203694262427469,CVPF,soup_scene3,70,old
10009,24.32835340499878,0.20391264854864938,CVPF,soup_scene3,70,old
10010,24.331543445587158,0.20391264854864938,CVPF,soup_scene3,70,old
10011,24.334909915924072,0.20387061617165447,CVPF,soup_scene3,70,old
10012,24.3383309841156,0.20387061617165447,CVPF,soup_scene3,70,old
10013,24.34152054786682,0.20391460234529346,CVPF,soup_scene3,70,old
10014,24.34505319595337,0.20409641832525274,CVPF,soup_scene3,70,old
10015,24.34786319732666,0.20409641832525274,CVPF,soup_scene3,70,old
10016,24.35045027732849,0.2037857003862874,CVPF,soup_scene3,70,old
10017,24.35307240486145,0.2037857003862874,CVPF,soup_scene3,70,old
10018,24.35559844970703,0.2037857003862874,CVPF,soup_scene3,70,old
10019,24.35796594619751,0.2037857003862874,CVPF,soup_scene3,70,old
10020,24.36051869392395,0.20370388459359615,CVPF,soup_scene3,70,old
10021,24.363084316253662,0.20370388459359615,CVPF,soup_scene3,70,old
10022,24.365564823150635,0.20370388459359615,CVPF,soup_scene3,70,old
10023,24.368481636047363,0.2039500394706662,CVPF,soup_scene3,70,old
10024,24.371115922927856,0.2039500394706662,CVPF,soup_scene3,70,old
10025,24.373562574386597,0.2039500394706662,CVPF,soup_scene3,70,old
10026,24.375913858413696,0.2039500394706662,CVPF,soup_scene3,70,old
10027,24.378416299819946,0.2039500394706662,CVPF,soup_scene3,70,old
10028,24.38105273246765,0.20396651663895066,CVPF,soup_scene3,70,old
10029,24.383630514144897,0.20396651663895066,CVPF,soup_scene3,70,old
10030,24.38605570793152,0.20400641939229897,CVPF,soup_scene3,70,old
10031,24.388527631759644,0.20388911285601113,CVPF,soup_scene3,70,old
10032,24.390930891036987,0.20388911285601113,CVPF,soup_scene3,70,old
10033,24.393343210220337,0.20388911285601113,CVPF,soup_scene3,70,old
10034,24.39566731452942,0.20388911285601113,CVPF,soup_scene3,70,old
10035,24.39801335334778,0.20388911285601113,CVPF,soup_scene3,70,old
10036,24.400649547576904,0.2039156250766221,CVPF,soup_scene3,70,old
10037,24.403082132339478,0.2039156250766221,CVPF,soup_scene3,70,old
10038,24.40568780899048,0.2039283947386,CVPF,soup_scene3,70,old
10039,24.40818214416504,0.2039283947386,CVPF,soup_scene3,70,old
10040,24.410813331604004,0.2039283947386,CVPF,soup_scene3,70,old
10041,24.413416147232056,0.2039283947386,CVPF,soup_scene3,70,old
10042,24.416003704071045,0.20366078081460964,CVPF,soup_scene3,70,old
10043,24.418519496917725,0.20366078081460964,CVPF,soup_scene3,70,old
10044,24.420939207077026,0.20366078081460964,CVPF,soup_scene3,70,old
10045,24.42326259613037,0.20366078081460964,CVPF,soup_scene3,70,old
10046,24.42570686340332,0.20366078081460964,CVPF,soup_scene3,70,old
10047,24.42842149734497,0.2035819869729292,CVPF,soup_scene3,70,old
10048,24.430824518203735,0.2035819869729292,CVPF,soup_scene3,70,old
10049,24.433156967163086,0.2035819869729292,CVPF,soup_scene3,70,old
10050,24.43554663658142,0.2035819869729292,CVPF,soup_scene3,70,old
10051,24.438215970993042,0.20348006163530977,CVPF,soup_scene3,70,old
10052,24.44061541557312,0.20348006163530977,CVPF,soup_scene3,70,old
10053,24.443050861358643,0.20348006163530977,CVPF,soup_scene3,70,old
10054,24.446353435516357,0.2039762329647813,CVPF,soup_scene3,70,old
10055,24.44883394241333,0.2039762329647813,CVPF,soup_scene3,70,old
10056,24.451372146606445,0.2039762329647813,CVPF,soup_scene3,70,old
10057,24.453943490982056,0.20367645642336862,CVPF,soup_scene3,70,old
10058,24.457025289535522,2.212728683542574,CVPF,soup_scene3,70,old
10059,24.45943522453308,2.212728683542574,CVPF,soup_scene3,70,old
10060,24.462002515792847,2.212728683542574,CVPF,soup_scene3,70,old
10061,24.464507818222046,2.212728683542574,CVPF,soup_scene3,70,old
10062,24.467087507247925,2.2127021980709665,CVPF,soup_scene3,70,old
10063,24.469695568084717,2.2124548765297978,CVPF,soup_scene3,70,old
10064,24.47222065925598,2.2124548765297978,CVPF,soup_scene3,70,old
10065,24.47472858428955,2.2124988096725366,CVPF,soup_scene3,70,old
10066,24.47732424736023,2.2127478887648513,CVPF,soup_scene3,70,old
10067,24.479944944381714,2.2127478887648513,CVPF,soup_scene3,70,old
10068,24.48242998123169,2.2127478887648513,CVPF,soup_scene3,70,old
10069,24.484991312026978,2.21238904142563,CVPF,soup_scene3,70,old
10070,24.487648963928223,2.21238904142563,CVPF,soup_scene3,70,old
10071,24.489993810653687,2.21238904142563,CVPF,soup_scene3,70,old
10072,24.49250340461731,2.212353900746662,CVPF,soup_scene3,70,old
10073,24.49491810798645,2.2123627832079116,CVPF,soup_scene3,70,old
10074,24.49744486808777,2.2123627832079116,CVPF,soup_scene3,70,old
10075,24.500054597854614,2.2123627832079116,CVPF,soup_scene3,70,old
10076,24.50245213508606,2.2123627832079116,CVPF,soup_scene3,70,old
10077,24.504854440689087,2.2123627832079116,CVPF,soup_scene3,70,old
10078,24.507375717163086,2.212433314602701,CVPF,soup_scene3,70,old
10079,24.509928941726685,2.212408149157759,CVPF,soup_scene3,70,old
10080,24.512481451034546,2.212408149157759,CVPF,soup_scene3,70,old
10081,24.515280961990356,2.2126033915376664,CVPF,soup_scene3,70,old
10082,24.517892360687256,2.2126176795976416,CVPF,soup_scene3,70,old
10083,24.52046298980713,2.2125211923877757,CVPF,soup_scene3,70,old
10084,24.523127794265747,2.2122306720237015,CVPF,soup_scene3,70,old
10085,24.525744199752808,2.2122306720237015,CVPF,soup_scene3,70,old
10086,24.528340578079224,2.212193380018166,CVPF,soup_scene3,70,old
10087,24.53103542327881,2.2126264771649677,CVPF,soup_scene3,70,old
10088,24.533483028411865,2.2126264771649677,CVPF,soup_scene3,70,old
10089,24.53624653816223,2.212310617338718,CVPF,soup_scene3,70,old
10090,24.53875160217285,2.212310617338718,CVPF,soup_scene3,70,old
10091,24.54131555557251,2.212310617338718,CVPF,soup_scene3,70,old
10092,24.54414200782776,2.212499237164067,CVPF,soup_scene3,70,old
10093,24.54680824279785,2.212499237164067,CVPF,soup_scene3,70,old
10094,24.54926371574402,2.212499237164067,CVPF,soup_scene3,70,old
10095,24.551942586898804,2.212169989679673,CVPF,soup_scene3,70,old
10096,24.554641008377075,2.212169989679673,CVPF,soup_scene3,70,old
10097,24.557103633880615,2.212169989679673,CVPF,soup_scene3,70,old
10098,24.559815168380737,2.212127124270238,CVPF,soup_scene3,70,old
10099,24.562371015548706,2.212127124270238,CVPF,soup_scene3,70,old
10100,24.56488275527954,2.212127124270238,CVPF,soup_scene3,70,old
10101,24.567720413208008,2.2132784849924994,CVPF,soup_scene3,70,old
10102,24.57039976119995,2.2132784849924994,CVPF,soup_scene3,70,old
10103,24.57272219657898,2.2132784849924994,CVPF,soup_scene3,70,old
10104,24.57553482055664,2.212263022340174,CVPF,soup_scene3,70,old
10105,24.578513145446777,2.212263022340174,CVPF,soup_scene3,70,old
10106,24.581226110458374,2.212263022340174,CVPF,soup_scene3,70,old
10107,24.583933353424072,2.2124259712051755,CVPF,soup_scene3,70,old
10108,24.586742401123047,2.2124259712051755,CVPF,soup_scene3,70,old
10109,24.589281797409058,2.2124259712051755,CVPF,soup_scene3,70,old
10110,24.59181308746338,2.2124092653178598,CVPF,soup_scene3,70,old
10111,24.59443211555481,2.2124173020205116,CVPF,soup_scene3,70,old
10112,24.597031354904175,2.2124173020205116,CVPF,soup_scene3,70,old
10113,24.5994873046875,2.2124173020205116,CVPF,soup_scene3,70,old
10114,24.60219097137451,2.213192572102954,CVPF,soup_scene3,70,old
10115,24.60468816757202,2.213192572102954,CVPF,soup_scene3,70,old
10116,24.607052326202393,2.213192572102954,CVPF,soup_scene3,70,old
10117,24.60959529876709,2.2122177432910504,CVPF,soup_scene3,70,old
10118,24.61253261566162,2.2123294002779548,CVPF,soup_scene3,70,old
10119,24.61605954170227,1.491184961864211,CVPF,soup_scene3,70,old
10120,24.619547128677368,1.4912689327930875,CVPF,soup_scene3,70,old
10121,24.622762441635132,1.4912689327930875,CVPF,soup_scene3,70,old
10122,24.62608027458191,1.4914815663876846,CVPF,soup_scene3,70,old
10123,24.629409313201904,1.4914815663876846,CVPF,soup_scene3,70,old
10124,24.632562160491943,1.4914815663876846,CVPF,soup_scene3,70,old
10125,24.63602328300476,1.4912463708030796,CVPF,soup_scene3,70,old
10126,24.63915467262268,1.4912463708030796,CVPF,soup_scene3,70,old
10127,24.642342567443848,1.490244316807429,CVPF,soup_scene3,70,old
10128,24.64574360847473,1.4899285743601705,CVPF,soup_scene3,70,old
10129,24.649064779281616,1.4899285743601705,CVPF,soup_scene3,70,old
10130,24.652409315109253,1.490055284277826,CVPF,soup_scene3,70,old
10131,24.655701637268066,1.490055284277826,CVPF,soup_scene3,70,old
10132,24.6589572429657,1.491075405153133,CVPF,soup_scene3,70,old
10133,24.662274599075317,1.4913735557039414,CVPF,soup_scene3,70,old
10134,24.665414810180664,1.4913735557039414,CVPF,soup_scene3,70,old
10135,24.668782949447632,1.4912804706402785,CVPF,soup_scene3,70,old
10136,24.67200541496277,1.4912804706402785,CVPF,soup_scene3,70,old
10137,24.67522168159485,1.4913515588056336,CVPF,soup_scene3,70,old
10138,24.678837537765503,1.4913473470923606,CVPF,soup_scene3,70,old
10139,24.681984901428223,1.4913473470923606,CVPF,soup_scene3,70,old
10140,24.68536400794983,1.4912291701366827,CVPF,soup_scene3,70,old
10141,24.688667058944702,1.4912291701366827,CVPF,soup_scene3,70,old
10142,24.6918728351593,1.491334168624185,CVPF,soup_scene3,70,old
10143,24.694364547729492,1.491334168624185,CVPF,soup_scene3,70,old
10144,24.696862936019897,1.491334168624185,CVPF,soup_scene3,70,old
10145,24.699291467666626,1.491334168624185,CVPF,soup_scene3,70,old
10146,24.7020366191864,1.4914833631639777,CVPF,soup_scene3,70,old
10147,24.7045795917511,1.4914833631639777,CVPF,soup_scene3,70,old
10148,24.706981897354126,1.4914833631639777,CVPF,soup_scene3,70,old
10149,24.709596157073975,1.4913734296650067,CVPF,soup_scene3,70,old
10150,24.712247848510742,1.4913734296650067,CVPF,soup_scene3,70,old
10151,24.7146155834198,1.4913734296650067,CVPF,soup_scene3,70,old
10152,24.717162370681763,1.4912897406190246,CVPF,soup_scene3,70,old
10153,24.719796895980835,1.4912897406190246,CVPF,soup_scene3,70,old
10154,24.722214937210083,1.4912897406190246,CVPF,soup_scene3,70,old
10155,24.72468400001526,1.4913303408454732,CVPF,soup_scene3,70,old
10156,24.72725009918213,1.4911255534335377,CVPF,soup_scene3,70,old
10157,24.729652166366577,1.4911255534335377,CVPF,soup_scene3,70,old
10158,24.732097387313843,1.4911255534335377,CVPF,soup_scene3,70,old
10159,24.734716653823853,1.4910044762455614,CVPF,soup_scene3,70,old
10160,24.737353086471558,1.4910044762455614,CVPF,soup_scene3,70,old
10161,24.73979640007019,1.4910044762455614,CVPF,soup_scene3,70,old
10162,24.742305755615234,1.4903803205870023,CVPF,soup_scene3,70,old
10163,24.744973182678223,1.490430830592031,CVPF,soup_scene3,70,old
10164,24.747638463974,1.490430830592031,CVPF,soup_scene3,70,old
10165,24.750099420547485,1.4904097452833265,CVPF,soup_scene3,70,old
10166,24.752837896347046,1.490385627441746,CVPF,soup_scene3,70,old
10167,24.755435466766357,1.490385627441746,CVPF,soup_scene3,70,old
10168,24.757866144180298,1.490385627441746,CVPF,soup_scene3,70,old
10169,24.760562896728516,1.4903340529915403,CVPF,soup_scene3,70,old
10170,24.763023138046265,1.4903340529915403,CVPF,soup_scene3,70,old
10171,24.76545476913452,1.4903340529915403,CVPF,soup_scene3,70,old
10172,24.768003702163696,1.4903965941291348,CVPF,soup_scene3,70,old
10173,24.770539045333862,1.4903965941291348,CVPF,soup_scene3,70,old
10174,24.772939682006836,1.4903965941291348,CVPF,soup_scene3,70,old
10175,24.775386333465576,1.4903965941291348,CVPF,soup_scene3,70,old
10176,24.77867293357849,0.9244627554869107,CVPF,soup_scene3,70,old
10177,24.781367778778076,0.9237519352345754,CVPF,soup_scene3,70,old
10178,24.783961534500122,0.9237519352345754,CVPF,soup_scene3,70,old
10179,24.78650450706482,0.9237744049661694,CVPF,soup_scene3,70,old
10180,24.78903603553772,0.9233798137603032,CVPF,soup_scene3,70,old
10181,24.791553258895874,0.9233798137603032,CVPF,soup_scene3,70,old
10182,24.793951988220215,0.9233798137603032,CVPF,soup_scene3,70,old
10183,24.796308994293213,0.9233798137603032,CVPF,soup_scene3,70,old
10184,24.798992156982422,0.9236336130746113,CVPF,soup_scene3,70,old
10185,24.80169129371643,0.9236336130746113,CVPF,soup_scene3,70,old
10186,24.804224729537964,0.9236311158214722,CVPF,soup_scene3,70,old
10187,24.806620836257935,0.9234964576866062,CVPF,soup_scene3,70,old
10188,24.808979034423828,0.9234964576866062,CVPF,soup_scene3,70,old
10189,24.811858654022217,0.9234964576866062,CVPF,soup_scene3,70,old
10190,24.814356565475464,0.9234964576866062,CVPF,soup_scene3,70,old
10191,24.817131519317627,0.9241145585171266,CVPF,soup_scene3,70,old
10192,24.8195641040802,0.9241145585171266,CVPF,soup_scene3,70,old
10193,24.821940183639526,0.9241145585171266,CVPF,soup_scene3,70,old
10194,24.82453942298889,0.9241145585171266,CVPF,soup_scene3,70,old
10195,24.827115535736084,0.9235650116559189,CVPF,soup_scene3,70,old
10196,24.82965087890625,0.9235650116559189,CVPF,soup_scene3,70,old
10197,24.83225965499878,0.9239248711531757,CVPF,soup_scene3,70,old
10198,24.834728956222534,0.9237729910724135,CVPF,soup_scene3,70,old
10199,24.837087869644165,0.9237729910724135,CVPF,soup_scene3,70,old
10200,24.83965229988098,0.9237729910724135,CVPF,soup_scene3,70,old
10201,24.842114686965942,0.9237729910724135,CVPF,soup_scene3,70,old
10202,24.84461760520935,0.9237805562654805,CVPF,soup_scene3,70,old
10203,24.84722065925598,0.9237805562654805,CVPF,soup_scene3,70,old
10204,24.849592208862305,0.9237805562654805,CVPF,soup_scene3,70,old
10205,24.85206937789917,0.9237805562654805,CVPF,soup_scene3,70,old
10206,24.854680061340332,0.9238632950838956,CVPF,soup_scene3,70,old
10207,24.85705828666687,0.9238632950838956,CVPF,soup_scene3,70,old
10208,24.859696865081787,0.9238632950838956,CVPF,soup_scene3,70,old
10209,24.862144231796265,0.9238439779970942,CVPF,soup_scene3,70,old
10210,24.86454153060913,0.92414997673904,CVPF,soup_scene3,70,old
10211,24.867046117782593,0.92414997673904,CVPF,soup_scene3,70,old
10212,24.869539499282837,0.92414997673904,CVPF,soup_scene3,70,old
10213,24.871917486190796,0.92414997673904,CVPF,soup_scene3,70,old
10214,24.874398231506348,0.9241301834004447,CVPF,soup_scene3,70,old
10215,24.87713098526001,0.9235871610763009,CVPF,soup_scene3,70,old
10216,24.879647731781006,0.9235871610763009,CVPF,soup_scene3,70,old
10217,24.881953239440918,0.9235871610763009,CVPF,soup_scene3,70,old
10218,24.884427547454834,0.9237489760352184,CVPF,soup_scene3,70,old
10219,24.886724710464478,0.9237489760352184,CVPF,soup_scene3,70,old
10220,24.889284372329712,0.9240641042672071,CVPF,soup_scene3,70,old
10221,24.891631841659546,0.9240641042672071,CVPF,soup_scene3,70,old
10222,24.893924951553345,0.9240641042672071,CVPF,soup_scene3,70,old
10223,24.89643931388855,0.9240641042672071,CVPF,soup_scene3,70,old
10224,24.899689197540283,0.9237435200439463,CVPF,soup_scene3,70,old
10225,24.902254819869995,0.9236779921388083,CVPF,soup_scene3,70,old
10226,24.904725790023804,0.9236779921388083,CVPF,soup_scene3,70,old
10227,24.907594203948975,0.9236371732910476,CVPF,soup_scene3,70,old
10228,24.910265922546387,0.9239215333188054,CVPF,soup_scene3,70,old
10229,24.912988901138306,0.9236510101174784,CVPF,soup_scene3,70,old
10230,24.915597677230835,0.9236510101174784,CVPF,soup_scene3,70,old
10231,24.91830325126648,0.9237692338411616,CVPF,soup_scene3,70,old
10232,24.920964241027832,0.9237692338411616,CVPF,soup_scene3,70,old
10233,24.92370891571045,0.9240439155752606,CVPF,soup_scene3,70,old
10234,24.926387071609497,0.9240732339663321,CVPF,soup_scene3,70,old
10235,24.928889513015747,0.9242533842827082,CVPF,soup_scene3,70,old
10236,24.931492567062378,0.9242533842827082,CVPF,soup_scene3,70,old
10237,24.934168338775635,0.9238060575838721,CVPF,soup_scene3,70,old
10238,24.93696689605713,0.9234253849897449,CVPF,soup_scene3,70,old
10239,24.940085411071777,2.8760370216954456,CVPF,soup_scene3,70,old
10240,24.94263529777527,2.875415809900913,CVPF,soup_scene3,70,old
10241,24.945167541503906,2.875415809900913,CVPF,soup_scene3,70,old
10242,24.947763204574585,2.875415809900913,CVPF,soup_scene3,70,old
10243,24.950271606445312,2.87570405886272,CVPF,soup_scene3,70,old
10244,24.95282530784607,2.8758105050978706,CVPF,soup_scene3,70,old
10245,24.955198526382446,2.8758105050978706,CVPF,soup_scene3,70,old
10246,24.957513093948364,2.8758105050978706,CVPF,soup_scene3,70,old
10247,24.960069179534912,2.8750597881850766,CVPF,soup_scene3,70,old
10248,24.962533712387085,2.8750597881850766,CVPF,soup_scene3,70,old
10249,24.964860200881958,2.8750597881850766,CVPF,soup_scene3,70,old
10250,24.96726632118225,2.875835166771166,CVPF,soup_scene3,70,old
10251,24.969695806503296,2.875871772047153,CVPF,soup_scene3,70,old
10252,24.972100257873535,2.875871772047153,CVPF,soup_scene3,70,old
10253,24.974392652511597,2.875871772047153,CVPF,soup_scene3,70,old
10254,24.977069854736328,2.875220924845975,CVPF,soup_scene3,70,old
10255,24.979527235031128,2.875220924845975,CVPF,soup_scene3,70,old
10256,24.9818274974823,2.875220924845975,CVPF,soup_scene3,70,old
10257,24.984350204467773,2.87548533162843,CVPF,soup_scene3,70,old
10258,24.987049341201782,2.87548533162843,CVPF,soup_scene3,70,old
10259,24.989619731903076,2.87548533162843,CVPF,soup_scene3,70,old
10260,24.992234706878662,2.8753732927513016,CVPF,soup_scene3,70,old
10261,24.994787454605103,2.8753732927513016,CVPF,soup_scene3,70,old
10262,24.99726963043213,2.8753732927513016,CVPF,soup_scene3,70,old
10263,24.999682188034058,2.8753732927513016,CVPF,soup_scene3,70,old
10264,25.002206087112427,2.8758734871447165,CVPF,soup_scene3,70,old
10265,25.004753828048706,2.8758734871447165,CVPF,soup_scene3,70,old
10266,25.00713014602661,2.8758734871447165,CVPF,soup_scene3,70,old
10267,25.009597539901733,2.8761197741165687,CVPF,soup_scene3,70,old
10268,25.012218475341797,2.8761197741165687,CVPF,soup_scene3,70,old
10269,25.01474118232727,2.8761197741165687,CVPF,soup_scene3,70,old
10270,25.017584800720215,2.875880838324376,CVPF,soup_scene3,70,old
10271,25.02005434036255,2.875880838324376,CVPF,soup_scene3,70,old
10272,25.02240300178528,2.875880838324376,CVPF,soup_scene3,70,old
10273,25.024815797805786,2.875880838324376,CVPF,soup_scene3,70,old
10274,25.02769446372986,2.875392675737661,CVPF,soup_scene3,70,old
10275,25.030112504959106,2.875392675737661,CVPF,soup_scene3,70,old
10276,25.032531261444092,2.875392675737661,CVPF,soup_scene3,70,old
10277,25.035436630249023,2.8756599640252185,CVPF,soup_scene3,70,old
10278,25.037879467010498,2.8756599640252185,CVPF,soup_scene3,70,old
10279,25.04014563560486,2.8756599640252185,CVPF,soup_scene3,70,old
10280,25.042755842208862,2.8757202596922733,CVPF,soup_scene3,70,old
10281,25.045509338378906,2.875863443761234,CVPF,soup_scene3,70,old
10282,25.047876119613647,2.875863443761234,CVPF,soup_scene3,70,old
10283,25.050140857696533,2.875863443761234,CVPF,soup_scene3,70,old
10284,25.052729845046997,2.8752435655285984,CVPF,soup_scene3,70,old
10285,25.0551176071167,2.8752435655285984,CVPF,soup_scene3,70,old
10286,25.05745768547058,2.8752435655285984,CVPF,soup_scene3,70,old
10287,25.060069799423218,2.8764782863938736,CVPF,soup_scene3,70,old
10288,25.06273627281189,2.8764782863938736,CVPF,soup_scene3,70,old
10289,25.065226078033447,2.8764782863938736,CVPF,soup_scene3,70,old
10290,25.067786931991577,2.875954028840253,CVPF,soup_scene3,70,old
10291,25.07028841972351,2.875954028840253,CVPF,soup_scene3,70,old
10292,25.07278060913086,2.875954028840253,CVPF,soup_scene3,70,old
10293,25.075470685958862,2.8759689469987793,CVPF,soup_scene3,70,old
10294,25.078278303146362,2.8756187473399515,CVPF,soup_scene3,70,old
10295,25.080819845199585,2.8756187473399515,CVPF,soup_scene3,70,old
10296,25.083318948745728,2.8756187473399515,CVPF,soup_scene3,70,old
10297,25.085880041122437,2.8758312913335478,CVPF,soup_scene3,70,old
10298,25.088510990142822,2.8758312913335478,CVPF,soup_scene3,70,old
10299,25.09105134010315,2.8758312913335478,CVPF,soup_scene3,70,old
10300,25.093695640563965,2.875761665273112,CVPF,soup_scene3,70,old
10301,25.096152544021606,2.875761665273112,CVPF,soup_scene3,70,old
10302,25.0991153717041,0.36445869858544677,CVPF,soup_scene3,70,old
10303,25.1017324924469,0.36458346865376295,CVPF,soup_scene3,70,old
10304,25.104244709014893,0.36458346865376295,CVPF,soup_scene3,70,old
10305,25.106673002243042,0.36458346865376295,CVPF,soup_scene3,70,old
10306,25.109254360198975,0.36474399036791844,CVPF,soup_scene3,70,old
10307,25.111851930618286,0.36474399036791844,CVPF,soup_scene3,70,old
10308,25.114424228668213,0.36474399036791844,CVPF,soup_scene3,70,old
10309,25.116819620132446,0.36466973019514953,CVPF,soup_scene3,70,old
10310,25.11922264099121,0.3644901499476539,CVPF,soup_scene3,70,old
10311,25.121485233306885,0.3644901499476539,CVPF,soup_scene3,70,old
10312,25.123920917510986,0.3644901499476539,CVPF,soup_scene3,70,old
10313,25.12643027305603,0.3644270576225973,CVPF,soup_scene3,70,old
10314,25.128859043121338,0.3644270576225973,CVPF,soup_scene3,70,old
10315,25.131303548812866,0.3644270576225973,CVPF,soup_scene3,70,old
10316,25.13370108604431,0.3640795369159346,CVPF,soup_scene3,70,old
10317,25.136067152023315,0.3640511928077639,CVPF,soup_scene3,70,old
10318,25.138444185256958,0.3640511928077639,CVPF,soup_scene3,70,old
10319,25.140737771987915,0.3640511928077639,CVPF,soup_scene3,70,old
10320,25.14323353767395,0.36443463425272077,CVPF,soup_scene3,70,old
10321,25.14652967453003,0.3646005601942241,CVPF,soup_scene3,70,old
10322,25.14899253845215,0.3646005601942241,CVPF,soup_scene3,70,old
10323,25.151443004608154,0.36415353110420495,CVPF,soup_scene3,70,old
10324,25.153918504714966,0.36415353110420495,CVPF,soup_scene3,70,old
10325,25.156205654144287,0.36415353110420495,CVPF,soup_scene3,70,old
10326,25.158811569213867,0.3646009497918996,CVPF,soup_scene3,70,old
10327,25.16137409210205,0.3645226156093579,CVPF,soup_scene3,70,old
10328,25.163733959197998,0.3645226156093579,CVPF,soup_scene3,70,old
10329,25.166036128997803,0.3645226156093579,CVPF,soup_scene3,70,old
10330,25.168489456176758,0.3643048533117844,CVPF,soup_scene3,70,old
10331,25.17104411125183,0.3643048533117844,CVPF,soup_scene3,70,old
10332,25.173362016677856,0.3643048533117844,CVPF,soup_scene3,70,old
10333,25.17579436302185,0.36420672036383633,CVPF,soup_scene3,70,old
10334,25.178401231765747,0.3642199781701922,CVPF,soup_scene3,70,old
10335,25.180776834487915,0.3642199781701922,CVPF,soup_scene3,70,old
10336,25.18305206298828,0.3642199781701922,CVPF,soup_scene3,70,old
10337,25.185992002487183,0.3645508903686908,CVPF,soup_scene3,70,old
10338,25.18839168548584,0.3645508903686908,CVPF,soup_scene3,70,old
10339,25.190702438354492,0.3645508903686908,CVPF,soup_scene3,70,old
10340,25.19339346885681,0.3644816979005878,CVPF,soup_scene3,70,old
10341,25.195770263671875,0.3644816979005878,CVPF,soup_scene3,70,old
10342,25.198214054107666,0.3644816979005878,CVPF,soup_scene3,70,old
10343,25.20076847076416,0.3645314014222814,CVPF,soup_scene3,70,old
10344,25.20344614982605,0.3645314014222814,CVPF,soup_scene3,70,old
10345,25.205857038497925,0.3645314014222814,CVPF,soup_scene3,70,old
10346,25.208439588546753,0.3645191625944439,CVPF,soup_scene3,70,old
10347,25.21106791496277,0.3645287419789522,CVPF,soup_scene3,70,old
10348,25.213670253753662,0.3645287419789522,CVPF,soup_scene3,70,old
10349,25.216063261032104,0.3645287419789522,CVPF,soup_scene3,70,old
10350,25.21874976158142,0.36353238858507986,CVPF,soup_scene3,70,old
10351,25.221168756484985,0.36353238858507986,CVPF,soup_scene3,70,old
10352,25.22357678413391,0.36353238858507986,CVPF,soup_scene3,70,old
10353,25.226178407669067,0.3645703316788256,CVPF,soup_scene3,70,old
10354,25.228830337524414,0.3645703316788256,CVPF,soup_scene3,70,old
10355,25.231122493743896,0.3645703316788256,CVPF,soup_scene3,70,old
10356,25.2335364818573,0.3645703316788256,CVPF,soup_scene3,70,old
10357,25.236228942871094,0.3641238247129263,CVPF,soup_scene3,70,old
10358,25.238667249679565,0.3641238247129263,CVPF,soup_scene3,70,old
10359,25.241084098815918,0.3641238247129263,CVPF,soup_scene3,70,old
10360,25.243676900863647,0.3633992187599326,CVPF,soup_scene3,70,old
10361,25.24631929397583,0.3633992187599326,CVPF,soup_scene3,70,old
10362,25.24872612953186,0.3633992187599326,CVPF,soup_scene3,70,old
10363,25.251227855682373,0.36443191497675237,CVPF,soup_scene3,70,old
10364,25.253791332244873,0.36443191497675237,CVPF,soup_scene3,70,old
10365,25.256274938583374,0.36443191497675237,CVPF,soup_scene3,70,old
10366,25.25938320159912,0.3634369557086702,CVPF,soup_scene3,70,old
10367,25.262001037597656,2.022158513867808,CVPF,soup_scene3,70,old
10368,25.264365911483765,2.022158513867808,CVPF,soup_scene3,70,old
10369,25.266818523406982,2.022158513867808,CVPF,soup_scene3,70,old
10370,25.269505500793457,2.0211949890855525,CVPF,soup_scene3,70,old
10371,25.272019624710083,2.0211949890855525,CVPF,soup_scene3,70,old
10372,25.2743878364563,2.0211949890855525,CVPF,soup_scene3,70,old
10373,25.27701163291931,2.0210760633346103,CVPF,soup_scene3,70,old
10374,25.279832124710083,2.0210760633346103,CVPF,soup_scene3,70,old
10375,25.282148599624634,2.0210760633346103,CVPF,soup_scene3,70,old
10376,25.28471875190735,2.021151430125501,CVPF,soup_scene3,70,old
10377,25.28723120689392,2.021151430125501,CVPF,soup_scene3,70,old
10378,25.28954815864563,2.021151430125501,CVPF,soup_scene3,70,old
10379,25.292057037353516,2.0210986190500186,CVPF,soup_scene3,70,old
10380,25.29456114768982,2.021221946160674,CVPF,soup_scene3,70,old
10381,25.296995878219604,2.021221946160674,CVPF,soup_scene3,70,old
10382,25.29942035675049,2.021221946160674,CVPF,soup_scene3,70,old
10383,25.302083015441895,2.021413354736274,CVPF,soup_scene3,70,old
10384,25.304572582244873,2.021413354736274,CVPF,soup_scene3,70,old
10385,25.30683922767639,2.021413354736274,CVPF,soup_scene3,70,old
10386,25.309480905532837,2.0219903410391735,CVPF,soup_scene3,70,old
10387,25.31209683418274,2.0219903410391735,CVPF,soup_scene3,70,old
10388,25.314374685287476,2.0219903410391735,CVPF,soup_scene3,70,old
10389,25.31685519218445,2.021055165584575,CVPF,soup_scene3,70,old
10390,25.31946873664856,2.02113407954226,CVPF,soup_scene3,70,old
10391,25.32175612449646,2.02113407954226,CVPF,soup_scene3,70,old
10392,25.324085235595703,2.02113407954226,CVPF,soup_scene3,70,old
10393,25.326590299606323,2.0209939711533815,CVPF,soup_scene3,70,old
10394,25.329065322875977,2.0209939711533815,CVPF,soup_scene3,70,old
10395,25.331369161605835,2.0209939711533815,CVPF,soup_scene3,70,old
10396,25.333841800689697,2.02188073616992,CVPF,soup_scene3,70,old
10397,25.336456298828125,2.022023918132617,CVPF,soup_scene3,70,old
10398,25.339051723480225,2.022023918132617,CVPF,soup_scene3,70,old
10399,25.341390371322632,2.022023918132617,CVPF,soup_scene3,70,old
10400,25.344037294387817,2.02192286024622,CVPF,soup_scene3,70,old
10401,25.346747875213623,2.02192286024622,CVPF,soup_scene3,70,old
10402,25.349231719970703,2.02192286024622,CVPF,soup_scene3,70,old
10403,25.351714372634888,2.021754161210332,CVPF,soup_scene3,70,old
10404,25.354015111923218,2.021754161210332,CVPF,soup_scene3,70,old
10405,25.356419801712036,2.021754161210332,CVPF,soup_scene3,70,old
10406,25.358976125717163,2.0213725576033736,CVPF,soup_scene3,70,old
10407,25.361244916915894,2.0213725576033736,CVPF,soup_scene3,70,old
10408,25.363515377044678,2.0213725576033736,CVPF,soup_scene3,70,old
10409,25.365666151046753,2.0213725576033736,CVPF,soup_scene3,70,old
10410,25.368305921554565,2.0216296836939733,CVPF,soup_scene3,70,old
10411,25.370675802230835,2.0216296836939733,CVPF,soup_scene3,70,old
10412,25.37291669845581,2.0216296836939733,CVPF,soup_scene3,70,old
10413,25.37519335746765,2.0216296836939733,CVPF,soup_scene3,70,old
10414,25.377683639526367,2.0211786966509173,CVPF,soup_scene3,70,old
10415,25.38016176223755,2.0211786966509173,CVPF,soup_scene3,70,old
10416,25.38243341445923,2.0211786966509173,CVPF,soup_scene3,70,old
10417,25.385072231292725,2.021506350278848,CVPF,soup_scene3,70,old
10418,25.388387203216553,2.021506350278848,CVPF,soup_scene3,70,old
10419,25.390761137008667,2.021506350278848,CVPF,soup_scene3,70,old
10420,25.39337158203125,2.02109793867886,CVPF,soup_scene3,70,old
10421,25.39588475227356,2.02109793867886,CVPF,soup_scene3,70,old
10422,25.39835476875305,2.02109793867886,CVPF,soup_scene3,70,old
10423,25.401012659072876,2.021311478926471,CVPF,soup_scene3,70,old
10424,25.40348196029663,2.021311478926471,CVPF,soup_scene3,70,old
10425,25.405897617340088,2.021311478926471,CVPF,soup_scene3,70,old
10426,25.408541679382324,2.0213343465882305,CVPF,soup_scene3,70,old
10427,25.411376476287842,2.0218346872446453,CVPF,soup_scene3,70,old
10428,25.414098501205444,2.0218346872446453,CVPF,soup_scene3,70,old
10429,25.416621446609497,2.0218346872446453,CVPF,soup_scene3,70,old
10430,25.419265270233154,2.021410737341137,CVPF,soup_scene3,70,old
10431,25.422351121902466,1.7016188402112054,CVPF,soup_scene3,70,old
10432,25.424870491027832,1.701624543718884,CVPF,soup_scene3,70,old
10433,25.42754030227661,1.7013896046953922,CVPF,soup_scene3,70,old
10434,25.42995262145996,1.7013896046953922,CVPF,soup_scene3,70,old
10435,25.43230628967285,1.7013896046953922,CVPF,soup_scene3,70,old
10436,25.434888124465942,1.7015265341174715,CVPF,soup_scene3,70,old
10437,25.437451362609863,1.7015265341174715,CVPF,soup_scene3,70,old
10438,25.439905166625977,1.7015265341174715,CVPF,soup_scene3,70,old
10439,25.442400217056274,1.7016316871491162,CVPF,soup_scene3,70,old
10440,25.445008516311646,1.701303725034598,CVPF,soup_scene3,70,old
10441,25.44743061065674,1.701303725034598,CVPF,soup_scene3,70,old
10442,25.449843645095825,1.701303725034598,CVPF,soup_scene3,70,old
10443,25.452533721923828,1.7016421797706567,CVPF,soup_scene3,70,old
10444,25.455113410949707,1.7016421797706567,CVPF,soup_scene3,70,old
10445,25.45746159553528,1.7016421797706567,CVPF,soup_scene3,70,old
10446,25.46008038520813,1.7015317359537976,CVPF,soup_scene3,70,old
10447,25.46260118484497,1.7015317359537976,CVPF,soup_scene3,70,old
10448,25.46506690979004,1.7015317359537976,CVPF,soup_scene3,70,old
10449,25.467891216278076,1.7017681296236358,CVPF,soup_scene3,70,old
10450,25.470428943634033,1.7017681296236358,CVPF,soup_scene3,70,old
10451,25.47270107269287,1.7017681296236358,CVPF,soup_scene3,70,old
10452,25.47531223297119,1.7013802956801536,CVPF,soup_scene3,70,old
10453,25.47790837287903,1.7015398073658394,CVPF,soup_scene3,70,old
10454,25.480281591415405,1.7015398073658394,CVPF,soup_scene3,70,old
10455,25.48265027999878,1.7015398073658394,CVPF,soup_scene3,70,old
10456,25.485216856002808,1.7014531707361495,CVPF,soup_scene3,70,old
10457,25.487671375274658,1.7014531707361495,CVPF,soup_scene3,70,old
10458,25.490000247955322,1.7014531707361495,CVPF,soup_scene3,70,old
10459,25.49271011352539,1.7017517627305079,CVPF,soup_scene3,70,old
10460,25.49531102180481,1.7017517627305079,CVPF,soup_scene3,70,old
10461,25.497764110565186,1.7017517627305079,CVPF,soup_scene3,70,old
10462,25.500267267227173,1.700723983144134,CVPF,soup_scene3,70,old
10463,25.50280213356018,1.7008695468349861,CVPF,soup_scene3,70,old
10464,25.505045890808105,1.7008695468349861,CVPF,soup_scene3,70,old
10465,25.507248163223267,1.7008695468349861,CVPF,soup_scene3,70,old
10466,25.509802103042603,1.7017029200892804,CVPF,soup_scene3,70,old
10467,25.512497663497925,1.7017029200892804,CVPF,soup_scene3,70,old
10468,25.51473379135132,1.7017029200892804,CVPF,soup_scene3,70,old
10469,25.5172221660614,1.701521293951763,CVPF,soup_scene3,70,old
10470,25.519718647003174,1.701521293951763,CVPF,soup_scene3,70,old
10471,25.521896600723267,1.701521293951763,CVPF,soup_scene3,70,old
10472,25.52418327331543,1.701521293951763,CVPF,soup_scene3,70,old
10473,25.52681064605713,1.7014370674417947,CVPF,soup_scene3,70,old
10474,25.529223680496216,1.7014370674417947,CVPF,soup_scene3,70,old
10475,25.531527996063232,1.7014370674417947,CVPF,soup_scene3,70,old
10476,25.534016609191895,1.7014165884324672,CVPF,soup_scene3,70,old
10477,25.536508798599243,1.7014165884324672,CVPF,soup_scene3,70,old
10478,25.538853645324707,1.7014165884324672,CVPF,soup_scene3,70,old
10479,25.541250705718994,1.7014165884324672,CVPF,soup_scene3,70,old
10480,25.54396390914917,1.7018996594988645,CVPF,soup_scene3,70,old
10481,25.5465726852417,1.7018996594988645,CVPF,soup_scene3,70,old
10482,25.548990488052368,1.7018996594988645,CVPF,soup_scene3,70,old
10483,25.55176281929016,1.7013919196890939,CVPF,soup_scene3,70,old
10484,25.55426549911499,1.7013919196890939,CVPF,soup_scene3,70,old
10485,25.55660843849182,1.7013919196890939,CVPF,soup_scene3,70,old
10486,25.559229850769043,1.7018023023699413,CVPF,soup_scene3,70,old
10487,25.56172823905945,1.7018023023699413,CVPF,soup_scene3,70,old
10488,25.56407642364502,1.7018023023699413,CVPF,soup_scene3,70,old
10489,25.56654691696167,1.7018023023699413,CVPF,soup_scene3,70,old
10490,25.569339990615845,1.7019722547618175,CVPF,soup_scene3,70,old
10491,25.57169508934021,1.7019722547618175,CVPF,soup_scene3,70,old
10492,25.57397770881653,1.7019722547618175,CVPF,soup_scene3,70,old
10493,25.57629919052124,1.7019722547618175,CVPF,soup_scene3,70,old
10494,25.57889485359192,1.7015289525949866,CVPF,soup_scene3,70,old
10495,25.581841230392456,1.70130302892054,CVPF,soup_scene3,70,old
10496,25.58438730239868,1.70130302892054,CVPF,soup_scene3,70,old
10497,25.586851596832275,1.70130302892054,CVPF,soup_scene3,70,old
10498,25.589597702026367,1.7016019201108987,CVPF,soup_scene3,70,old
10499,25.592187881469727,1.7016019201108987,CVPF,soup_scene3,70,old
10500,25.594598531723022,1.7016019201108987,CVPF,soup_scene3,70,old
10501,25.59757089614868,0.7234539140277768,CVPF,soup_scene3,70,old
10502,25.600055694580078,0.7231218859560633,CVPF,soup_scene3,70,old
10503,25.602422952651978,0.7229893684801258,CVPF,soup_scene3,70,old
10504,25.604722261428833,0.7229893684801258,CVPF,soup_scene3,70,old
10505,25.607224941253662,0.7229359081571604,CVPF,soup_scene3,70,old
10506,25.60968279838562,0.7231879929996203,CVPF,soup_scene3,70,old
10507,25.612703561782837,0.7231879929996203,CVPF,soup_scene3,70,old
10508,25.615257501602173,0.7235832944645791,CVPF,soup_scene3,70,old
10509,25.617642641067505,0.7235832944645791,CVPF,soup_scene3,70,old
10510,25.620354413986206,0.7236429223348758,CVPF,soup_scene3,70,old
10511,25.622846364974976,0.723672864069696,CVPF,soup_scene3,70,old
10512,25.62525224685669,0.723672864069696,CVPF,soup_scene3,70,old
10513,25.62775731086731,0.7234713034945726,CVPF,soup_scene3,70,old
10514,25.630298137664795,0.7234713034945726,CVPF,soup_scene3,70,old
10515,25.632740020751953,0.7234713034945726,CVPF,soup_scene3,70,old
10516,25.635412216186523,0.7230836862039347,CVPF,soup_scene3,70,old
10517,25.638051986694336,0.7234644433536588,CVPF,soup_scene3,70,old
10518,25.640456914901733,0.7234644433536588,CVPF,soup_scene3,70,old
10519,25.642762899398804,0.7234644433536588,CVPF,soup_scene3,70,old
10520,25.645423889160156,0.7228480537126238,CVPF,soup_scene3,70,old
10521,25.648082971572876,0.7228480537126238,CVPF,soup_scene3,70,old
10522,25.65070152282715,0.7232114900728825,CVPF,soup_scene3,70,old
10523,25.653005838394165,0.7232114900728825,CVPF,soup_scene3,70,old
10524,25.655479431152344,0.7232114900728825,CVPF,soup_scene3,70,old
10525,25.65799641609192,0.7234670341324355,CVPF,soup_scene3,70,old
10526,25.660646677017212,0.7234140650393823,CVPF,soup_scene3,70,old
10527,25.663132429122925,0.7234140650393823,CVPF,soup_scene3,70,old
10528,25.665585041046143,0.7234140650393823,CVPF,soup_scene3,70,old
10529,25.66812038421631,0.7229982270196228,CVPF,soup_scene3,70,old
10530,25.670823097229004,0.7230797294010938,CVPF,soup_scene3,70,old
10531,25.67315363883972,0.7230797294010938,CVPF,soup_scene3,70,old
10532,25.675721406936646,0.7230797294010938,CVPF,soup_scene3,70,old
10533,25.67807412147522,0.7231774201816203,CVPF,soup_scene3,70,old
10534,25.680647373199463,0.7229406410201641,CVPF,soup_scene3,70,old
10535,25.683024168014526,0.7229406410201641,CVPF,soup_scene3,70,old
10536,25.68543815612793,0.7229406410201641,CVPF,soup_scene3,70,old
10537,25.687962293624878,0.722950061204854,CVPF,soup_scene3,70,old
10538,25.690358877182007,0.722950061204854,CVPF,soup_scene3,70,old
10539,25.69305419921875,0.722950061204854,CVPF,soup_scene3,70,old
10540,25.695537567138672,0.7230373266778359,CVPF,soup_scene3,70,old
10541,25.69779944419861,0.7230373266778359,CVPF,soup_scene3,70,old
10542,25.70040798187256,0.7229439359484334,CVPF,soup_scene3,70,old
10543,25.702884197235107,0.7229439359484334,CVPF,soup_scene3,70,old
10544,25.705323219299316,0.7229439359484334,CVPF,soup_scene3,70,old
10545,25.707847595214844,0.7229106508027187,CVPF,soup_scene3,70,old
10546,25.71028208732605,0.7231081461449993,CVPF,soup_scene3,70,old
10547,25.712970972061157,0.7229934655166451,CVPF,soup_scene3,70,old
10548,25.715665340423584,0.7229643395753204,CVPF,soup_scene3,70,old
10549,25.718332767486572,0.7237206735282158,CVPF,soup_scene3,70,old
10550,25.721010446548462,0.7231748151155925,CVPF,soup_scene3,70,old
10551,25.723664045333862,0.7231748151155925,CVPF,soup_scene3,70,old
10552,25.72623062133789,0.7230511517811781,CVPF,soup_scene3,70,old
10553,25.728708267211914,0.7230511517811781,CVPF,soup_scene3,70,old
10554,25.731049060821533,0.7230511517811781,CVPF,soup_scene3,70,old
10555,25.73422384262085,3.076327663906391,CVPF,soup_scene3,70,old
10556,25.736775159835815,3.076327663906391,CVPF,soup_scene3,70,old
10557,25.739214420318604,3.076327663906391,CVPF,soup_scene3,70,old
10558,25.741875410079956,3.0762865469330674,CVPF,soup_scene3,70,old
10559,25.744564294815063,3.076222840297372,CVPF,soup_scene3,70,old
10560,25.74700903892517,3.076222840297372,CVPF,soup_scene3,70,old
10561,25.749332427978516,3.076222840297372,CVPF,soup_scene3,70,old
10562,25.75194549560547,3.0762800946630398,CVPF,soup_scene3,70,old
10563,25.754456281661987,3.0762800946630398,CVPF,soup_scene3,70,old
10564,25.75689148902893,3.0762800946630398,CVPF,soup_scene3,70,old
10565,25.75961446762085,3.0756616542468533,CVPF,soup_scene3,70,old
10566,25.762405395507812,3.0756616542468533,CVPF,soup_scene3,70,old
10567,25.76483392715454,3.0756616542468533,CVPF,soup_scene3,70,old
10568,25.767302989959717,3.0766000639399613,CVPF,soup_scene3,70,old
10569,25.769903898239136,3.076252709229765,CVPF,soup_scene3,70,old
10570,25.77245807647705,3.076252709229765,CVPF,soup_scene3,70,old
10571,25.774786472320557,3.0758358510938657,CVPF,soup_scene3,70,old
10572,25.77758240699768,3.075937765103405,CVPF,soup_scene3,70,old
10573,25.78015446662903,3.075937765103405,CVPF,soup_scene3,70,old
10574,25.782646656036377,3.075937765103405,CVPF,soup_scene3,70,old
10575,25.78539204597473,3.076272828994099,CVPF,soup_scene3,70,old
10576,25.787853240966797,3.076272828994099,CVPF,soup_scene3,70,old
10577,25.790133237838745,3.076272828994099,CVPF,soup_scene3,70,old
10578,25.792865991592407,3.075820314090774,CVPF,soup_scene3,70,old
10579,25.79551362991333,3.075820314090774,CVPF,soup_scene3,70,old
10580,25.797834396362305,3.075820314090774,CVPF,soup_scene3,70,old
10581,25.800347566604614,3.0758841976842897,CVPF,soup_scene3,70,old
10582,25.803058624267578,3.075894270066203,CVPF,soup_scene3,70,old
10583,25.805501222610474,3.075894270066203,CVPF,soup_scene3,70,old
10584,25.807883977890015,3.075894270066203,CVPF,soup_scene3,70,old
10585,25.810491800308228,3.0758605451524987,CVPF,soup_scene3,70,old
10586,25.813358783721924,3.0758605451524987,CVPF,soup_scene3,70,old
10587,25.815719604492188,3.0758605451524987,CVPF,soup_scene3,70,old
10588,25.818156242370605,3.07598043253855,CVPF,soup_scene3,70,old
10589,25.8204128742218,3.07598043253855,CVPF,soup_scene3,70,old
10590,25.822795629501343,3.07598043253855,CVPF,soup_scene3,70,old
10591,25.825211763381958,3.07636457049792,CVPF,soup_scene3,70,old
10592,25.827539205551147,3.07622213112415,CVPF,soup_scene3,70,old
10593,25.82978343963623,3.07622213112415,CVPF,soup_scene3,70,old
10594,25.832218408584595,3.07622213112415,CVPF,soup_scene3,70,old
10595,25.83473563194275,3.0753794712545113,CVPF,soup_scene3,70,old
10596,25.837100505828857,3.0753794712545113,CVPF,soup_scene3,70,old
10597,25.839500665664673,3.0753794712545113,CVPF,soup_scene3,70,old
10598,25.842047214508057,3.0760124847663124,CVPF,soup_scene3,70,old
10599,25.844444513320923,3.076145359952084,CVPF,soup_scene3,70,old
10600,25.847514867782593,3.076145359952084,CVPF,soup_scene3,70,old
10601,25.849825382232666,3.076145359952084,CVPF,soup_scene3,70,old
10602,25.85251235961914,3.075909847447586,CVPF,soup_scene3,70,old
10603,25.854973316192627,3.075909847447586,CVPF,soup_scene3,70,old
10604,25.857366800308228,3.075909847447586,CVPF,soup_scene3,70,old
10605,25.860118865966797,3.0762545550881195,CVPF,soup_scene3,70,old
10606,25.862737894058228,3.0762545550881195,CVPF,soup_scene3,70,old
10607,25.8650643825531,3.0762545550881195,CVPF,soup_scene3,70,old
10608,25.867669582366943,3.0758677513374297,CVPF,soup_scene3,70,old
10609,25.87036919593811,3.0758677513374297,CVPF,soup_scene3,70,old
10610,25.873028993606567,3.0758677513374297,CVPF,soup_scene3,70,old
10611,25.87570023536682,3.07571688870928,CVPF,soup_scene3,70,old
10612,25.878390789031982,3.07571688870928,CVPF,soup_scene3,70,old
10613,25.88099694252014,3.07571688870928,CVPF,soup_scene3,70,old
10614,25.883384227752686,3.07571688870928,CVPF,soup_scene3,70,old
10615,25.88565707206726,3.07571688870928,CVPF,soup_scene3,70,old
10616,25.888078451156616,3.07571688870928,CVPF,soup_scene3,70,old
10617,25.89060688018799,3.07571688870928,CVPF,soup_scene3,70,old
10618,25.893674612045288,0.5275271321474343,CVPF,soup_scene3,70,old
10619,25.89598321914673,0.5275271321474343,CVPF,soup_scene3,70,old
10620,25.89828610420227,0.5275271321474343,CVPF,soup_scene3,70,old
10621,25.900583505630493,0.5275271321474343,CVPF,soup_scene3,70,old
10622,25.902867078781128,0.5275271321474343,CVPF,soup_scene3,70,old
10623,25.905248165130615,0.5275271321474343,CVPF,soup_scene3,70,old
10624,25.907620191574097,0.5275271321474343,CVPF,soup_scene3,70,old
10625,25.909911632537842,0.5275271321474343,CVPF,soup_scene3,70,old
10626,25.912187099456787,0.5275271321474343,CVPF,soup_scene3,70,old
10627,25.914427518844604,0.5275271321474343,CVPF,soup_scene3,70,old
10628,25.91683840751648,0.5275271321474343,CVPF,soup_scene3,70,old
10629,25.91915774345398,0.5275271321474343,CVPF,soup_scene3,70,old
10630,25.92141819000244,0.5275271321474343,CVPF,soup_scene3,70,old
10631,25.923797845840454,0.5275271321474343,CVPF,soup_scene3,70,old
10632,25.926169633865356,0.5275271321474343,CVPF,soup_scene3,70,old
10633,25.928496837615967,0.5275271321474343,CVPF,soup_scene3,70,old
10634,25.930841207504272,0.5275271321474343,CVPF,soup_scene3,70,old
10635,25.933247804641724,0.5275271321474343,CVPF,soup_scene3,70,old
10636,25.935569047927856,0.5275271321474343,CVPF,soup_scene3,70,old
10637,25.93783450126648,0.5275271321474343,CVPF,soup_scene3,70,old
10638,25.940110206604004,0.5275271321474343,CVPF,soup_scene3,70,old
10639,25.942331314086914,0.5275271321474343,CVPF,soup_scene3,70,old
10640,25.94461750984192,0.5275271321474343,CVPF,soup_scene3,70,old
10641,25.946925401687622,0.5275271321474343,CVPF,soup_scene3,70,old
10642,25.949310779571533,0.5275271321474343,CVPF,soup_scene3,70,old
10643,25.95159673690796,0.5275271321474343,CVPF,soup_scene3,70,old
10644,25.95390224456787,0.5275271321474343,CVPF,soup_scene3,70,old
10645,25.95621109008789,0.5275271321474343,CVPF,soup_scene3,70,old
10646,25.95848822593689,0.5275271321474343,CVPF,soup_scene3,70,old
10647,25.960800409317017,0.5275271321474343,CVPF,soup_scene3,70,old
10648,25.96322011947632,0.5275271321474343,CVPF,soup_scene3,70,old
10649,25.96563744544983,0.5275271321474343,CVPF,soup_scene3,70,old
10650,25.968069553375244,0.5275271321474343,CVPF,soup_scene3,70,old
10651,25.97040319442749,0.5275271321474343,CVPF,soup_scene3,70,old
10652,25.97267723083496,0.5275271321474343,CVPF,soup_scene3,70,old
10653,25.975008010864258,0.5275271321474343,CVPF,soup_scene3,70,old
10654,25.977384328842163,0.5275271321474343,CVPF,soup_scene3,70,old
10655,25.979658365249634,0.5275271321474343,CVPF,soup_scene3,70,old
10656,25.98195457458496,0.5275271321474343,CVPF,soup_scene3,70,old
10657,25.984293699264526,0.5275271321474343,CVPF,soup_scene3,70,old
10658,25.9865882396698,0.5275271321474343,CVPF,soup_scene3,70,old
10659,25.988795042037964,0.5275271321474343,CVPF,soup_scene3,70,old
10660,25.99100613594055,0.5275271321474343,CVPF,soup_scene3,70,old
10661,25.993229389190674,0.5275271321474343,CVPF,soup_scene3,70,old
10662,25.995561599731445,0.5275271321474343,CVPF,soup_scene3,70,old
10663,25.99791717529297,0.5275271321474343,CVPF,soup_scene3,70,old
10664,26.00029420852661,0.5275271321474343,CVPF,soup_scene3,70,old
10665,26.002473831176758,0.5275271321474343,CVPF,soup_scene3,70,old
10666,26.00469660758972,0.5275271321474343,CVPF,soup_scene3,70,old
10667,26.006981372833252,0.5275271321474343,CVPF,soup_scene3,70,old
10668,26.00918459892273,0.5275271321474343,CVPF,soup_scene3,70,old
10669,26.011404991149902,0.5275271321474343,CVPF,soup_scene3,70,old
10670,26.013626098632812,0.5275271321474343,CVPF,soup_scene3,70,old
10671,26.015862464904785,0.5275271321474343,CVPF,soup_scene3,70,old
10672,26.018052339553833,0.5275271321474343,CVPF,soup_scene3,70,old
10673,26.020307064056396,0.5275271321474343,CVPF,soup_scene3,70,old
10674,26.022576570510864,0.5275271321474343,CVPF,soup_scene3,70,old
10675,26.024885654449463,0.5275271321474343,CVPF,soup_scene3,70,old
10676,26.027132511138916,0.5275271321474343,CVPF,soup_scene3,70,old
10677,26.02939796447754,0.5275271321474343,CVPF,soup_scene3,70,old
10678,26.03175711631775,0.5275271321474343,CVPF,soup_scene3,70,old
10679,26.034047603607178,0.5275271321474343,CVPF,soup_scene3,70,old
10680,26.036410808563232,0.5275271321474343,CVPF,soup_scene3,70,old
10681,26.038737058639526,0.5275271321474343,CVPF,soup_scene3,70,old
10682,26.04109215736389,0.5275271321474343,CVPF,soup_scene3,70,old
10683,26.043453693389893,0.5275271321474343,CVPF,soup_scene3,70,old
10684,26.0457603931427,0.5275271321474343,CVPF,soup_scene3,70,old
10685,26.04811716079712,0.5275271321474343,CVPF,soup_scene3,70,old
10686,26.05037832260132,0.5275271321474343,CVPF,soup_scene3,70,old
10687,26.052616834640503,0.5275271321474343,CVPF,soup_scene3,70,old
10688,26.05493402481079,0.5275271321474343,CVPF,soup_scene3,70,old
10689,26.057296752929688,0.5275271321474343,CVPF,soup_scene3,70,old
10690,26.059643268585205,0.5275271321474343,CVPF,soup_scene3,70,old
10691,26.061885833740234,0.5275271321474343,CVPF,soup_scene3,70,old
10692,26.06418538093567,0.5275271321474343,CVPF,soup_scene3,70,old
10693,26.066490650177002,0.5275271321474343,CVPF,soup_scene3,70,old
10694,26.068880081176758,0.5275271321474343,CVPF,soup_scene3,70,old
10695,26.071443557739258,0.5275271321474343,CVPF,soup_scene3,70,old
10696,26.074201583862305,0.5275271321474343,CVPF,soup_scene3,70,old
10697,26.077070474624634,0.5275271321474343,CVPF,soup_scene3,70,old
10698,26.080040454864502,0.5275271321474343,CVPF,soup_scene3,70,old
10699,26.082954168319702,0.5275271321474343,CVPF,soup_scene3,70,old
10700,26.08538293838501,0.5275271321474343,CVPF,soup_scene3,70,old
10701,26.087762355804443,0.5275271321474343,CVPF,soup_scene3,70,old
10702,26.089999675750732,0.5275271321474343,CVPF,soup_scene3,70,old
10703,26.09228277206421,0.5275271321474343,CVPF,soup_scene3,70,old
10704,26.09453582763672,0.5275271321474343,CVPF,soup_scene3,70,old
10705,26.096739530563354,0.5275271321474343,CVPF,soup_scene3,70,old
10706,26.099042415618896,0.5275271321474343,CVPF,soup_scene3,70,old
10707,26.101316690444946,0.5275271321474343,CVPF,soup_scene3,70,old
10708,26.103586196899414,0.5275271321474343,CVPF,soup_scene3,70,old
10709,26.105806589126587,0.5275271321474343,CVPF,soup_scene3,70,old
10710,26.10804295539856,0.5275271321474343,CVPF,soup_scene3,70,old
10711,26.11026382446289,0.5275271321474343,CVPF,soup_scene3,70,old
10712,26.112607955932617,0.5275271321474343,CVPF,soup_scene3,70,old
10713,26.114869832992554,0.5275271321474343,CVPF,soup_scene3,70,old
10714,26.11709761619568,0.5275271321474343,CVPF,soup_scene3,70,old
10715,26.119471073150635,0.5275271321474343,CVPF,soup_scene3,70,old
10716,26.121746063232422,0.5275271321474343,CVPF,soup_scene3,70,old
10717,26.12400245666504,0.5275271321474343,CVPF,soup_scene3,70,old
10718,26.12633442878723,0.5275271321474343,CVPF,soup_scene3,70,old
10719,26.12868642807007,0.5275271321474343,CVPF,soup_scene3,70,old
10720,26.130988121032715,0.5275271321474343,CVPF,soup_scene3,70,old
10721,26.1332266330719,0.5275271321474343,CVPF,soup_scene3,70,old
10722,26.13546323776245,0.5275271321474343,CVPF,soup_scene3,70,old
10723,26.137660264968872,0.5275271321474343,CVPF,soup_scene3,70,old
10724,26.139917850494385,0.5275271321474343,CVPF,soup_scene3,70,old
10725,26.142210006713867,0.5275271321474343,CVPF,soup_scene3,70,old
10726,26.144683837890625,0.5275271321474343,CVPF,soup_scene3,70,old
10727,26.147000312805176,0.5275271321474343,CVPF,soup_scene3,70,old
10728,26.149289846420288,0.5275271321474343,CVPF,soup_scene3,70,old
10729,26.152135848999023,0.5275271321474343,CVPF,soup_scene3,70,old
10730,26.154444694519043,0.5275271321474343,CVPF,soup_scene3,70,old
10731,26.15696358680725,0.5275271321474343,CVPF,soup_scene3,70,old
10732,26.159355401992798,0.5275271321474343,CVPF,soup_scene3,70,old
10733,26.161972999572754,0.5275271321474343,CVPF,soup_scene3,70,old
10734,26.164462327957153,0.5275271321474343,CVPF,soup_scene3,70,old
10735,26.167054176330566,0.5275271321474343,CVPF,soup_scene3,70,old
10736,26.169365167617798,0.5275271321474343,CVPF,soup_scene3,70,old
10737,26.171705961227417,0.5275271321474343,CVPF,soup_scene3,70,old
10738,26.17449164390564,0.5275271321474343,CVPF,soup_scene3,70,old
10739,26.176713228225708,0.5275271321474343,CVPF,soup_scene3,70,old
10740,26.17937922477722,0.5275271321474343,CVPF,soup_scene3,70,old
10741,26.18182063102722,0.5275271321474343,CVPF,soup_scene3,70,old
10742,26.18441128730774,0.5275271321474343,CVPF,soup_scene3,70,old
10743,26.18668484687805,0.5275271321474343,CVPF,soup_scene3,70,old
10744,26.188973903656006,0.5275271321474343,CVPF,soup_scene3,70,old
10745,26.1912260055542,0.5275271321474343,CVPF,soup_scene3,70,old
10746,26.193565845489502,0.5275271321474343,CVPF,soup_scene3,70,old
10747,26.195897579193115,0.5275271321474343,CVPF,soup_scene3,70,old
10748,26.198253393173218,0.5275271321474343,CVPF,soup_scene3,70,old
10749,26.2005512714386,0.5275271321474343,CVPF,soup_scene3,70,old
10750,26.202767372131348,0.5275271321474343,CVPF,soup_scene3,70,old
10751,26.20513391494751,0.5275271321474343,CVPF,soup_scene3,70,old
10752,26.207441806793213,0.5275271321474343,CVPF,soup_scene3,70,old
10753,26.209760665893555,0.5275271321474343,CVPF,soup_scene3,70,old
10754,26.21200680732727,0.5275271321474343,CVPF,soup_scene3,70,old
10755,26.214291095733643,0.5275271321474343,CVPF,soup_scene3,70,old
10756,26.216535568237305,0.5275271321474343,CVPF,soup_scene3,70,old
10757,26.21874976158142,0.5275271321474343,CVPF,soup_scene3,70,old
10758,26.22109365463257,0.5275271321474343,CVPF,soup_scene3,70,old
10759,26.223443031311035,0.5275271321474343,CVPF,soup_scene3,70,old
10760,26.22566843032837,0.5275271321474343,CVPF,soup_scene3,70,old
10761,26.227969646453857,0.5275271321474343,CVPF,soup_scene3,70,old
10762,26.230314016342163,0.5275271321474343,CVPF,soup_scene3,70,old
10763,26.23271131515503,0.5275271321474343,CVPF,soup_scene3,70,old
10764,26.23507046699524,0.5275271321474343,CVPF,soup_scene3,70,old
10765,26.23739266395569,0.5275271321474343,CVPF,soup_scene3,70,old
10766,26.239779949188232,0.5275271321474343,CVPF,soup_scene3,70,old
10767,26.24211812019348,0.5275271321474343,CVPF,soup_scene3,70,old
10768,26.24455165863037,0.5275271321474343,CVPF,soup_scene3,70,old
10769,26.247049570083618,0.5275271321474343,CVPF,soup_scene3,70,old
10770,26.249484300613403,0.5275271321474343,CVPF,soup_scene3,70,old
10771,26.251778841018677,0.5275271321474343,CVPF,soup_scene3,70,old
10772,26.254173755645752,0.5275271321474343,CVPF,soup_scene3,70,old
10773,26.256561756134033,0.5275271321474343,CVPF,soup_scene3,70,old
10774,26.258853912353516,0.5275271321474343,CVPF,soup_scene3,70,old
10775,26.261093616485596,0.5275271321474343,CVPF,soup_scene3,70,old
10776,26.263461351394653,0.5275271321474343,CVPF,soup_scene3,70,old
10777,26.265793085098267,0.5275271321474343,CVPF,soup_scene3,70,old
10778,26.26819086074829,0.5275271321474343,CVPF,soup_scene3,70,old
10779,26.27048397064209,0.5275271321474343,CVPF,soup_scene3,70,old
10780,26.27288579940796,0.5275271321474343,CVPF,soup_scene3,70,old
10781,26.275243043899536,0.5275271321474343,CVPF,soup_scene3,70,old
10782,26.2775297164917,0.5275271321474343,CVPF,soup_scene3,70,old
10783,26.279759168624878,0.5275271321474343,CVPF,soup_scene3,70,old
10784,26.282172918319702,0.5275271321474343,CVPF,soup_scene3,70,old
10785,26.284586429595947,0.5275271321474343,CVPF,soup_scene3,70,old
10786,26.28682231903076,0.5275271321474343,CVPF,soup_scene3,70,old
10787,26.289121389389038,0.5275271321474343,CVPF,soup_scene3,70,old
10788,26.291375637054443,0.5275271321474343,CVPF,soup_scene3,70,old
10789,26.293615341186523,0.5275271321474343,CVPF,soup_scene3,70,old
10790,26.29585075378418,0.5275271321474343,CVPF,soup_scene3,70,old
10791,26.298177242279053,0.5275271321474343,CVPF,soup_scene3,70,old
10792,26.300491333007812,0.5275271321474343,CVPF,soup_scene3,70,old
10793,26.302685976028442,0.5275271321474343,CVPF,soup_scene3,70,old
10794,26.304933071136475,0.5275271321474343,CVPF,soup_scene3,70,old
10795,26.307209253311157,0.5275271321474343,CVPF,soup_scene3,70,old
10796,26.309529542922974,0.5275271321474343,CVPF,soup_scene3,70,old
10797,26.311832427978516,0.5275271321474343,CVPF,soup_scene3,70,old
10798,26.314047813415527,0.5275271321474343,CVPF,soup_scene3,70,old
10799,26.31659483909607,0.5275271321474343,CVPF,soup_scene3,70,old
10800,26.31886863708496,0.5275271321474343,CVPF,soup_scene3,70,old
10801,26.32109570503235,0.5275271321474343,CVPF,soup_scene3,70,old
10802,26.32347011566162,0.5275271321474343,CVPF,soup_scene3,70,old
10803,26.325833559036255,0.5275271321474343,CVPF,soup_scene3,70,old
10804,26.328160762786865,0.5275271321474343,CVPF,soup_scene3,70,old
10805,26.330334424972534,0.5275271321474343,CVPF,soup_scene3,70,old
10806,26.332603454589844,0.5275271321474343,CVPF,soup_scene3,70,old
10807,26.334832906723022,0.5275271321474343,CVPF,soup_scene3,70,old
10808,26.33707880973816,0.5275271321474343,CVPF,soup_scene3,70,old
10809,26.339384078979492,0.5275271321474343,CVPF,soup_scene3,70,old
10810,26.34167718887329,0.5275271321474343,CVPF,soup_scene3,70,old
10811,26.343910217285156,0.5275271321474343,CVPF,soup_scene3,70,old
10812,26.34615206718445,0.5275271321474343,CVPF,soup_scene3,70,old
10813,26.34841299057007,0.5275271321474343,CVPF,soup_scene3,70,old
10814,26.35073757171631,0.5275271321474343,CVPF,soup_scene3,70,old
10815,26.353196144104004,0.5275271321474343,CVPF,soup_scene3,70,old
10816,26.355799674987793,0.5275271321474343,CVPF,soup_scene3,70,old
10817,26.35844397544861,0.5275271321474343,CVPF,soup_scene3,70,old
10818,26.361090421676636,0.5275271321474343,CVPF,soup_scene3,70,old
10819,26.36372661590576,0.5275271321474343,CVPF,soup_scene3,70,old
10820,26.36618733406067,0.5275271321474343,CVPF,soup_scene3,70,old
10821,26.36881184577942,0.5275271321474343,CVPF,soup_scene3,70,old
10822,26.371392250061035,0.5275271321474343,CVPF,soup_scene3,70,old
10823,26.373722314834595,0.5275271321474343,CVPF,soup_scene3,70,old
10824,26.376089334487915,0.5275271321474343,CVPF,soup_scene3,70,old
10825,26.378381729125977,0.5275271321474343,CVPF,soup_scene3,70,old
10826,26.380779504776,0.5275271321474343,CVPF,soup_scene3,70,old
10827,26.38312268257141,0.5275271321474343,CVPF,soup_scene3,70,old
10828,26.38532018661499,0.5275271321474343,CVPF,soup_scene3,70,old
10829,26.387540817260742,0.5275271321474343,CVPF,soup_scene3,70,old
10830,26.389859914779663,0.5275271321474343,CVPF,soup_scene3,70,old
10831,26.39227032661438,0.5275271321474343,CVPF,soup_scene3,70,old
10832,26.394513845443726,0.5275271321474343,CVPF,soup_scene3,70,old
10833,26.396870374679565,0.5275271321474343,CVPF,soup_scene3,70,old
10834,26.399163484573364,0.5275271321474343,CVPF,soup_scene3,70,old
10835,26.401400327682495,0.5275271321474343,CVPF,soup_scene3,70,old
10836,26.403683185577393,0.5275271321474343,CVPF,soup_scene3,70,old
10837,26.405887603759766,0.5275271321474343,CVPF,soup_scene3,70,old
10838,26.408156394958496,0.5275271321474343,CVPF,soup_scene3,70,old
10839,26.4104106426239,0.5275271321474343,CVPF,soup_scene3,70,old
10840,26.412675142288208,0.5275271321474343,CVPF,soup_scene3,70,old
10841,26.414905071258545,0.5275271321474343,CVPF,soup_scene3,70,old
10842,26.417240858078003,0.5275271321474343,CVPF,soup_scene3,70,old
10843,26.419561624526978,0.5275271321474343,CVPF,soup_scene3,70,old
10844,26.42174005508423,0.5275271321474343,CVPF,soup_scene3,70,old
10845,26.424060344696045,0.5275271321474343,CVPF,soup_scene3,70,old
10846,26.426401615142822,0.5275271321474343,CVPF,soup_scene3,70,old
10847,26.428773403167725,0.5275271321474343,CVPF,soup_scene3,70,old
10848,26.43112874031067,0.5275271321474343,CVPF,soup_scene3,70,old
10849,26.433491945266724,0.5275271321474343,CVPF,soup_scene3,70,old
10850,26.435864686965942,0.5275271321474343,CVPF,soup_scene3,70,old
10851,26.43820595741272,0.5275271321474343,CVPF,soup_scene3,70,old
10852,26.44055962562561,0.5275271321474343,CVPF,soup_scene3,70,old
10853,26.442879915237427,0.5275271321474343,CVPF,soup_scene3,70,old
10854,26.445211172103882,0.5275271321474343,CVPF,soup_scene3,70,old
10855,26.447447538375854,0.5275271321474343,CVPF,soup_scene3,70,old
10856,26.44978618621826,0.5275271321474343,CVPF,soup_scene3,70,old
10857,26.45214056968689,0.5275271321474343,CVPF,soup_scene3,70,old
10858,26.45445704460144,0.5275271321474343,CVPF,soup_scene3,70,old
10859,26.456716537475586,0.5275271321474343,CVPF,soup_scene3,70,old
10860,26.45904541015625,0.5275271321474343,CVPF,soup_scene3,70,old
10861,26.46139621734619,0.5275271321474343,CVPF,soup_scene3,70,old
10862,26.463787078857422,0.5275271321474343,CVPF,soup_scene3,70,old
10863,26.46614718437195,0.5275271321474343,CVPF,soup_scene3,70,old
10864,26.46850323677063,0.5275271321474343,CVPF,soup_scene3,70,old
10865,26.47083330154419,0.5275271321474343,CVPF,soup_scene3,70,old
10866,26.473156690597534,0.5275271321474343,CVPF,soup_scene3,70,old
10867,26.475417613983154,0.5275271321474343,CVPF,soup_scene3,70,old
10868,26.47779369354248,0.5275271321474343,CVPF,soup_scene3,70,old
10869,26.480137586593628,0.5275271321474343,CVPF,soup_scene3,70,old
10870,26.482521057128906,0.5275271321474343,CVPF,soup_scene3,70,old
10871,26.484736680984497,0.5275271321474343,CVPF,soup_scene3,70,old
10872,26.486989736557007,0.5275271321474343,CVPF,soup_scene3,70,old
10873,26.489219665527344,0.5275271321474343,CVPF,soup_scene3,70,old
10874,26.49145770072937,0.5275271321474343,CVPF,soup_scene3,70,old
10875,26.493741750717163,0.5275271321474343,CVPF,soup_scene3,70,old
10876,26.4960196018219,0.5275271321474343,CVPF,soup_scene3,70,old
10877,26.498302698135376,0.5275271321474343,CVPF,soup_scene3,70,old
10878,26.50051474571228,0.5275271321474343,CVPF,soup_scene3,70,old
10879,26.50271773338318,0.5275271321474343,CVPF,soup_scene3,70,old
10880,26.505096435546875,0.5275271321474343,CVPF,soup_scene3,70,old
10881,26.507413148880005,0.5275271321474343,CVPF,soup_scene3,70,old
10882,26.509643077850342,0.5275271321474343,CVPF,soup_scene3,70,old
10883,26.51199769973755,0.5275271321474343,CVPF,soup_scene3,70,old
10884,26.514281749725342,0.5275271321474343,CVPF,soup_scene3,70,old
10885,26.516533851623535,0.5275271321474343,CVPF,soup_scene3,70,old
10886,26.51887845993042,0.5275271321474343,CVPF,soup_scene3,70,old
10887,26.521228551864624,0.5275271321474343,CVPF,soup_scene3,70,old
10888,26.52354907989502,0.5275271321474343,CVPF,soup_scene3,70,old
10889,26.5257465839386,0.5275271321474343,CVPF,soup_scene3,70,old
10890,26.5280179977417,0.5275271321474343,CVPF,soup_scene3,70,old
10891,26.5302414894104,0.5275271321474343,CVPF,soup_scene3,70,old
10892,26.532503128051758,0.5275271321474343,CVPF,soup_scene3,70,old
10893,26.53480076789856,0.5275271321474343,CVPF,soup_scene3,70,old
10894,26.537113428115845,0.5275271321474343,CVPF,soup_scene3,70,old
10895,26.539349794387817,0.5275271321474343,CVPF,soup_scene3,70,old
10896,26.541623830795288,0.5275271321474343,CVPF,soup_scene3,70,old
10897,26.543867588043213,0.5275271321474343,CVPF,soup_scene3,70,old
10898,26.54606604576111,0.5275271321474343,CVPF,soup_scene3,70,old
10899,26.548322200775146,0.5275271321474343,CVPF,soup_scene3,70,old
10900,26.550641775131226,0.5275271321474343,CVPF,soup_scene3,70,old
10901,26.553007125854492,0.5275271321474343,CVPF,soup_scene3,70,old
10902,26.555413007736206,0.5275271321474343,CVPF,soup_scene3,70,old
10903,26.55772852897644,0.5275271321474343,CVPF,soup_scene3,70,old
10904,26.559983491897583,0.5275271321474343,CVPF,soup_scene3,70,old
10905,26.56231164932251,0.5275271321474343,CVPF,soup_scene3,70,old
10906,26.564677238464355,0.5275271321474343,CVPF,soup_scene3,70,old
10907,26.56688690185547,0.5275271321474343,CVPF,soup_scene3,70,old
10908,26.569214582443237,0.5275271321474343,CVPF,soup_scene3,70,old
10909,26.571564197540283,0.5275271321474343,CVPF,soup_scene3,70,old
10910,26.57392120361328,0.5275271321474343,CVPF,soup_scene3,70,old
10911,26.576181888580322,0.5275271321474343,CVPF,soup_scene3,70,old
10912,26.57839870452881,0.5275271321474343,CVPF,soup_scene3,70,old
10913,26.58061909675598,0.5275271321474343,CVPF,soup_scene3,70,old
10914,26.583099365234375,0.5275271321474343,CVPF,soup_scene3,70,old
10915,26.5854229927063,0.5275271321474343,CVPF,soup_scene3,70,old
10916,26.587737560272217,0.5275271321474343,CVPF,soup_scene3,70,old
10917,26.589940547943115,0.5275271321474343,CVPF,soup_scene3,70,old
10918,26.592196464538574,0.5275271321474343,CVPF,soup_scene3,70,old
10919,26.594454288482666,0.5275271321474343,CVPF,soup_scene3,70,old
10920,26.59669017791748,0.5275271321474343,CVPF,soup_scene3,70,old
10921,26.598990201950073,0.5275271321474343,CVPF,soup_scene3,70,old
10922,26.60120415687561,0.5275271321474343,CVPF,soup_scene3,70,old
10923,26.603443145751953,0.5275271321474343,CVPF,soup_scene3,70,old
10924,26.60570478439331,0.5275271321474343,CVPF,soup_scene3,70,old
10925,26.607988834381104,0.5275271321474343,CVPF,soup_scene3,70,old
10926,26.610265493392944,0.5275271321474343,CVPF,soup_scene3,70,old
10927,26.61255931854248,0.5275271321474343,CVPF,soup_scene3,70,old
10928,26.61479616165161,0.5275271321474343,CVPF,soup_scene3,70,old
10929,26.617084503173828,0.5275271321474343,CVPF,soup_scene3,70,old
10930,26.619335412979126,0.5275271321474343,CVPF,soup_scene3,70,old
10931,26.621546745300293,0.5275271321474343,CVPF,soup_scene3,70,old
10932,26.623838186264038,0.5275271321474343,CVPF,soup_scene3,70,old
10933,26.62618660926819,0.5275271321474343,CVPF,soup_scene3,70,old
10934,26.628554582595825,0.5275271321474343,CVPF,soup_scene3,70,old
10935,26.630757570266724,0.5275271321474343,CVPF,soup_scene3,70,old
10936,26.63306427001953,0.5275271321474343,CVPF,soup_scene3,70,old
10937,26.63541865348816,0.5275271321474343,CVPF,soup_scene3,70,old
10938,26.63780951499939,0.5275271321474343,CVPF,soup_scene3,70,old
10939,26.640135765075684,0.5275271321474343,CVPF,soup_scene3,70,old
10940,26.64235496520996,0.5275271321474343,CVPF,soup_scene3,70,old
10941,26.644658088684082,0.5275271321474343,CVPF,soup_scene3,70,old
10942,26.647010564804077,0.5275271321474343,CVPF,soup_scene3,70,old
10943,26.649388551712036,0.5275271321474343,CVPF,soup_scene3,70,old
10944,26.651756525039673,0.5275271321474343,CVPF,soup_scene3,70,old
10945,26.653971910476685,0.5275271321474343,CVPF,soup_scene3,70,old
10946,26.656280040740967,0.5275271321474343,CVPF,soup_scene3,70,old
10947,26.658642768859863,0.5275271321474343,CVPF,soup_scene3,70,old
10948,26.66094207763672,0.5275271321474343,CVPF,soup_scene3,70,old
10949,26.663338661193848,0.5275271321474343,CVPF,soup_scene3,70,old
10950,26.665642738342285,0.5275271321474343,CVPF,soup_scene3,70,old
10951,26.667876720428467,0.5275271321474343,CVPF,soup_scene3,70,old
10952,26.67020273208618,0.5275271321474343,CVPF,soup_scene3,70,old
10953,26.672587871551514,0.5275271321474343,CVPF,soup_scene3,70,old
10954,26.674967288970947,0.5275271321474343,CVPF,soup_scene3,70,old
10955,26.677314043045044,0.5275271321474343,CVPF,soup_scene3,70,old
10956,26.679643392562866,0.5275271321474343,CVPF,soup_scene3,70,old
10957,26.682039737701416,0.5275271321474343,CVPF,soup_scene3,70,old
10958,26.684316396713257,0.5275271321474343,CVPF,soup_scene3,70,old
10959,26.686602115631104,0.5275271321474343,CVPF,soup_scene3,70,old
10960,26.68894863128662,0.5275271321474343,CVPF,soup_scene3,70,old
10961,26.691335678100586,0.5275271321474343,CVPF,soup_scene3,70,old
10962,26.693525075912476,0.5275271321474343,CVPF,soup_scene3,70,old
10963,26.695883989334106,0.5275271321474343,CVPF,soup_scene3,70,old
10964,26.69819736480713,0.5275271321474343,CVPF,soup_scene3,70,old
10965,26.700593948364258,0.5275271321474343,CVPF,soup_scene3,70,old
10966,26.7028968334198,0.5275271321474343,CVPF,soup_scene3,70,old
10967,26.705164909362793,0.5275271321474343,CVPF,soup_scene3,70,old
10968,26.707423448562622,0.5275271321474343,CVPF,soup_scene3,70,old
10969,26.70963168144226,0.5275271321474343,CVPF,soup_scene3,70,old
10970,26.71196174621582,0.5275271321474343,CVPF,soup_scene3,70,old
10971,26.714256763458252,0.5275271321474343,CVPF,soup_scene3,70,old
10972,26.71663999557495,0.5275271321474343,CVPF,soup_scene3,70,old
10973,26.718842267990112,0.5275271321474343,CVPF,soup_scene3,70,old
10974,26.72107195854187,0.5275271321474343,CVPF,soup_scene3,70,old
10975,26.72335433959961,0.5275271321474343,CVPF,soup_scene3,70,old
10976,26.72556161880493,0.5275271321474343,CVPF,soup_scene3,70,old
10977,26.727871656417847,0.5275271321474343,CVPF,soup_scene3,70,old
10978,26.730191469192505,0.5275271321474343,CVPF,soup_scene3,70,old
10979,26.732471227645874,0.5275271321474343,CVPF,soup_scene3,70,old
10980,26.73473882675171,0.5275271321474343,CVPF,soup_scene3,70,old
10981,26.73711133003235,0.5275271321474343,CVPF,soup_scene3,70,old
10982,26.73948645591736,0.5275271321474343,CVPF,soup_scene3,70,old
10983,26.741841554641724,0.5275271321474343,CVPF,soup_scene3,70,old
10984,26.744211435317993,0.5275271321474343,CVPF,soup_scene3,70,old
10985,26.746569395065308,0.5275271321474343,CVPF,soup_scene3,70,old
10986,26.74880361557007,0.5275271321474343,CVPF,soup_scene3,70,old
10987,26.751095294952393,0.5275271321474343,CVPF,soup_scene3,70,old
10988,26.753414630889893,0.5275271321474343,CVPF,soup_scene3,70,old
10989,26.755776405334473,0.5275271321474343,CVPF,soup_scene3,70,old
10990,26.758116006851196,0.5275271321474343,CVPF,soup_scene3,70,old
10991,26.76053285598755,0.5275271321474343,CVPF,soup_scene3,70,old
10992,26.76295804977417,0.5275271321474343,CVPF,soup_scene3,70,old
10993,26.76530408859253,0.5275271321474343,CVPF,soup_scene3,70,old
10994,26.767680644989014,0.5275271321474343,CVPF,soup_scene3,70,old
10995,26.7700297832489,0.5275271321474343,CVPF,soup_scene3,70,old
10996,26.772342920303345,0.5275271321474343,CVPF,soup_scene3,70,old
10997,26.774558067321777,0.5275271321474343,CVPF,soup_scene3,70,old
10998,26.776945114135742,0.5275271321474343,CVPF,soup_scene3,70,old
10999,26.779304027557373,0.5275271321474343,CVPF,soup_scene3,70,old
11000,26.781611680984497,0.5275271321474343,CVPF,soup_scene3,70,old
11001,26.783926010131836,0.5275271321474343,CVPF,soup_scene3,70,old
11002,26.786136150360107,0.5275271321474343,CVPF,soup_scene3,70,old
11003,26.788379907608032,0.5275271321474343,CVPF,soup_scene3,70,old
11004,26.790616750717163,0.5275271321474343,CVPF,soup_scene3,70,old
11005,26.792895078659058,0.5275271321474343,CVPF,soup_scene3,70,old
11006,26.79526662826538,0.5275271321474343,CVPF,soup_scene3,70,old
11007,26.79751205444336,0.5275271321474343,CVPF,soup_scene3,70,old
11008,26.799825429916382,0.5275271321474343,CVPF,soup_scene3,70,old
11009,26.802064895629883,0.5275271321474343,CVPF,soup_scene3,70,old
11010,26.80432367324829,0.5275271321474343,CVPF,soup_scene3,70,old
11011,26.806586265563965,0.5275271321474343,CVPF,soup_scene3,70,old
11012,26.80892825126648,0.5275271321474343,CVPF,soup_scene3,70,old
11013,26.811195373535156,0.5275271321474343,CVPF,soup_scene3,70,old
11014,26.813446283340454,0.5275271321474343,CVPF,soup_scene3,70,old
11015,26.815815687179565,0.5275271321474343,CVPF,soup_scene3,70,old
11016,26.818131923675537,0.5275271321474343,CVPF,soup_scene3,70,old
11017,26.82050609588623,0.5275271321474343,CVPF,soup_scene3,70,old
11018,26.8228862285614,0.5275271321474343,CVPF,soup_scene3,70,old
11019,26.82526993751526,0.5275271321474343,CVPF,soup_scene3,70,old
11020,26.827518224716187,0.5275271321474343,CVPF,soup_scene3,70,old
11021,26.829808712005615,0.5275271321474343,CVPF,soup_scene3,70,old
11022,26.8321750164032,0.5275271321474343,CVPF,soup_scene3,70,old
11023,26.83451008796692,0.5275271321474343,CVPF,soup_scene3,70,old
11024,26.836854696273804,0.5275271321474343,CVPF,soup_scene3,70,old
11025,26.83921194076538,0.5275271321474343,CVPF,soup_scene3,70,old
11026,26.841526985168457,0.5275271321474343,CVPF,soup_scene3,70,old
11027,26.843907594680786,0.5275271321474343,CVPF,soup_scene3,70,old
11028,26.846256017684937,0.5275271321474343,CVPF,soup_scene3,70,old
11029,26.848649501800537,0.5275271321474343,CVPF,soup_scene3,70,old
11030,26.850906372070312,0.5275271321474343,CVPF,soup_scene3,70,old
11031,26.85314440727234,0.5275271321474343,CVPF,soup_scene3,70,old
11032,26.855514526367188,0.5275271321474343,CVPF,soup_scene3,70,old
11033,26.85786008834839,0.5275271321474343,CVPF,soup_scene3,70,old
11034,26.860191583633423,0.5275271321474343,CVPF,soup_scene3,70,old
11035,26.862443208694458,0.5275271321474343,CVPF,soup_scene3,70,old
11036,26.864698886871338,0.5275271321474343,CVPF,soup_scene3,70,old
11037,26.86688494682312,0.5275271321474343,CVPF,soup_scene3,70,old
11038,26.869146823883057,0.5275271321474343,CVPF,soup_scene3,70,old
11039,26.871429920196533,0.5275271321474343,CVPF,soup_scene3,70,old
11040,26.873788356781006,0.5275271321474343,CVPF,soup_scene3,70,old
11041,26.87604570388794,0.5275271321474343,CVPF,soup_scene3,70,old
11042,26.878263473510742,0.5275271321474343,CVPF,soup_scene3,70,old
11043,26.8805091381073,0.5275271321474343,CVPF,soup_scene3,70,old
11044,26.882857084274292,0.5275271321474343,CVPF,soup_scene3,70,old
11045,26.885151147842407,0.5275271321474343,CVPF,soup_scene3,70,old
11046,26.887491941452026,0.5275271321474343,CVPF,soup_scene3,70,old
11047,26.889705419540405,0.5275271321474343,CVPF,soup_scene3,70,old
11048,26.892080545425415,0.5275271321474343,CVPF,soup_scene3,70,old
11049,26.89442467689514,0.5275271321474343,CVPF,soup_scene3,70,old
11050,26.896769523620605,0.5275271321474343,CVPF,soup_scene3,70,old
11051,26.89915132522583,0.5275271321474343,CVPF,soup_scene3,70,old
11052,26.90151619911194,0.5275271321474343,CVPF,soup_scene3,70,old
11053,26.903892755508423,0.5275271321474343,CVPF,soup_scene3,70,old
11054,26.906110286712646,0.5275271321474343,CVPF,soup_scene3,70,old
11055,26.908397912979126,0.5275271321474343,CVPF,soup_scene3,70,old
11056,26.910731077194214,0.5275271321474343,CVPF,soup_scene3,70,old
11057,26.913077354431152,0.5275271321474343,CVPF,soup_scene3,70,old
11058,26.91545557975769,0.5275271321474343,CVPF,soup_scene3,70,old
11059,26.917773485183716,0.5275271321474343,CVPF,soup_scene3,70,old
11060,26.920174598693848,0.5275271321474343,CVPF,soup_scene3,70,old
11061,26.92251420021057,0.5275271321474343,CVPF,soup_scene3,70,old
11062,26.924925804138184,0.5275271321474343,CVPF,soup_scene3,70,old
11063,26.927279472351074,0.5275271321474343,CVPF,soup_scene3,70,old
11064,26.929563522338867,0.5275271321474343,CVPF,soup_scene3,70,old
11065,26.9318425655365,0.5275271321474343,CVPF,soup_scene3,70,old
11066,26.934140920639038,0.5275271321474343,CVPF,soup_scene3,70,old
11067,26.936518669128418,0.5275271321474343,CVPF,soup_scene3,70,old
11068,26.9387845993042,0.5275271321474343,CVPF,soup_scene3,70,old
11069,26.941040992736816,0.5275271321474343,CVPF,soup_scene3,70,old
11070,26.943310976028442,0.5275271321474343,CVPF,soup_scene3,70,old
11071,26.945528984069824,0.5275271321474343,CVPF,soup_scene3,70,old
11072,26.947752952575684,0.5275271321474343,CVPF,soup_scene3,70,old
11073,26.950042486190796,0.5275271321474343,CVPF,soup_scene3,70,old
11074,26.952396631240845,0.5275271321474343,CVPF,soup_scene3,70,old
11075,26.95462918281555,0.5275271321474343,CVPF,soup_scene3,70,old
11076,26.957027435302734,0.5275271321474343,CVPF,soup_scene3,70,old
11077,26.95926284790039,0.5275271321474343,CVPF,soup_scene3,70,old
11078,26.96145725250244,0.5275271321474343,CVPF,soup_scene3,70,old
11079,26.963798761367798,0.5275271321474343,CVPF,soup_scene3,70,old
11080,26.966163635253906,0.5275271321474343,CVPF,soup_scene3,70,old
11081,26.96837854385376,0.5275271321474343,CVPF,soup_scene3,70,old
11082,26.970656156539917,0.5275271321474343,CVPF,soup_scene3,70,old
11083,26.9730281829834,0.5275271321474343,CVPF,soup_scene3,70,old
11084,26.975382804870605,0.5275271321474343,CVPF,soup_scene3,70,old
11085,26.977712869644165,0.5275271321474343,CVPF,soup_scene3,70,old
11086,26.98006844520569,0.5275271321474343,CVPF,soup_scene3,70,old
11087,26.982456922531128,0.5275271321474343,CVPF,soup_scene3,70,old
11088,26.984742879867554,0.5275271321474343,CVPF,soup_scene3,70,old
11089,26.98704218864441,0.5275271321474343,CVPF,soup_scene3,70,old
11090,26.989388704299927,0.5275271321474343,CVPF,soup_scene3,70,old
11091,26.991774797439575,0.5275271321474343,CVPF,soup_scene3,70,old
11092,26.99412965774536,0.5275271321474343,CVPF,soup_scene3,70,old
11093,26.996451139450073,0.5275271321474343,CVPF,soup_scene3,70,old
11094,26.998844861984253,0.5275271321474343,CVPF,soup_scene3,70,old
11095,27.00120186805725,0.5275271321474343,CVPF,soup_scene3,70,old
11096,27.003580570220947,0.5275271321474343,CVPF,soup_scene3,70,old
11097,27.0059175491333,0.5275271321474343,CVPF,soup_scene3,70,old
11098,27.0082266330719,0.5275271321474343,CVPF,soup_scene3,70,old
11099,27.01044249534607,0.5275271321474343,CVPF,soup_scene3,70,old
11100,27.012789726257324,0.5275271321474343,CVPF,soup_scene3,70,old
11101,27.015172243118286,0.5275271321474343,CVPF,soup_scene3,70,old
11102,27.017441749572754,0.5275271321474343,CVPF,soup_scene3,70,old
11103,27.019699335098267,0.5275271321474343,CVPF,soup_scene3,70,old
11104,27.021908044815063,0.5275271321474343,CVPF,soup_scene3,70,old
11105,27.02419090270996,0.5275271321474343,CVPF,soup_scene3,70,old
11106,27.02639150619507,0.5275271321474343,CVPF,soup_scene3,70,old
11107,27.02870011329651,0.5275271321474343,CVPF,soup_scene3,70,old
11108,27.03102731704712,0.5275271321474343,CVPF,soup_scene3,70,old
11109,27.03324794769287,0.5275271321474343,CVPF,soup_scene3,70,old
11110,27.0355122089386,0.5275271321474343,CVPF,soup_scene3,70,old
11111,27.037713050842285,0.5275271321474343,CVPF,soup_scene3,70,old
11112,27.03996515274048,0.5275271321474343,CVPF,soup_scene3,70,old
11113,27.0422580242157,0.5275271321474343,CVPF,soup_scene3,70,old
11114,27.044602394104004,0.5275271321474343,CVPF,soup_scene3,70,old
11115,27.046829223632812,0.5275271321474343,CVPF,soup_scene3,70,old
11116,27.049132347106934,0.5275271321474343,CVPF,soup_scene3,70,old
11117,27.051506519317627,0.5275271321474343,CVPF,soup_scene3,70,old
11118,27.05385422706604,0.5275271321474343,CVPF,soup_scene3,70,old
11119,27.05621886253357,0.5275271321474343,CVPF,soup_scene3,70,old
11120,27.05856156349182,0.5275271321474343,CVPF,soup_scene3,70,old
11121,27.060959339141846,0.5275271321474343,CVPF,soup_scene3,70,old
11122,27.06320071220398,0.5275271321474343,CVPF,soup_scene3,70,old
11123,27.065479040145874,0.5275271321474343,CVPF,soup_scene3,70,old
11124,27.067850828170776,0.5275271321474343,CVPF,soup_scene3,70,old
11125,27.07017183303833,0.5275271321474343,CVPF,soup_scene3,70,old
11126,27.07254147529602,0.5275271321474343,CVPF,soup_scene3,70,old
11127,27.074878931045532,0.5275271321474343,CVPF,soup_scene3,70,old
11128,27.077250242233276,0.5275271321474343,CVPF,soup_scene3,70,old
11129,27.079617023468018,0.5275271321474343,CVPF,soup_scene3,70,old
11130,27.08197569847107,0.5275271321474343,CVPF,soup_scene3,70,old
11131,27.08437156677246,0.5275271321474343,CVPF,soup_scene3,70,old
11132,27.08663558959961,0.5275271321474343,CVPF,soup_scene3,70,old
11133,27.088874578475952,0.5275271321474343,CVPF,soup_scene3,70,old
11134,27.091279983520508,0.5275271321474343,CVPF,soup_scene3,70,old
11135,27.093557119369507,0.5275271321474343,CVPF,soup_scene3,70,old
11136,27.095879077911377,0.5275271321474343,CVPF,soup_scene3,70,old
11137,27.098071813583374,0.5275271321474343,CVPF,soup_scene3,70,old
11138,27.100359201431274,0.5275271321474343,CVPF,soup_scene3,70,old
11139,27.102577924728394,0.5275271321474343,CVPF,soup_scene3,70,old
11140,27.104817628860474,0.5275271321474343,CVPF,soup_scene3,70,old
11141,27.10715126991272,0.5275271321474343,CVPF,soup_scene3,70,old
11142,27.109496355056763,0.5275271321474343,CVPF,soup_scene3,70,old
11143,27.111734628677368,0.5275271321474343,CVPF,soup_scene3,70,old
11144,27.113969802856445,0.5275271321474343,CVPF,soup_scene3,70,old
11145,27.116259574890137,0.5275271321474343,CVPF,soup_scene3,70,old
11146,27.118468761444092,0.5275271321474343,CVPF,soup_scene3,70,old
11147,27.120753526687622,0.5275271321474343,CVPF,soup_scene3,70,old
11148,27.123116731643677,0.5275271321474343,CVPF,soup_scene3,70,old
11149,27.125344038009644,0.5275271321474343,CVPF,soup_scene3,70,old
11150,27.12763547897339,0.5275271321474343,CVPF,soup_scene3,70,old
11151,27.129974365234375,0.5275271321474343,CVPF,soup_scene3,70,old
11152,27.132346391677856,0.5275271321474343,CVPF,soup_scene3,70,old
11153,27.134666442871094,0.5275271321474343,CVPF,soup_scene3,70,old
11154,27.137040615081787,0.5275271321474343,CVPF,soup_scene3,70,old
11155,27.13938617706299,0.5275271321474343,CVPF,soup_scene3,70,old
11156,27.14163899421692,0.5275271321474343,CVPF,soup_scene3,70,old
11157,27.143936157226562,0.5275271321474343,CVPF,soup_scene3,70,old
11158,27.14626121520996,0.5275271321474343,CVPF,soup_scene3,70,old
11159,27.148640155792236,0.5275271321474343,CVPF,soup_scene3,70,old
11160,27.15103030204773,0.5275271321474343,CVPF,soup_scene3,70,old
11161,27.15334677696228,0.5275271321474343,CVPF,soup_scene3,70,old
11162,27.15570640563965,0.5275271321474343,CVPF,soup_scene3,70,old
11163,27.15807819366455,0.5275271321474343,CVPF,soup_scene3,70,old
11164,27.160430908203125,0.5275271321474343,CVPF,soup_scene3,70,old
11165,27.162798404693604,0.5275271321474343,CVPF,soup_scene3,70,old
11166,27.165107011795044,0.5275271321474343,CVPF,soup_scene3,70,old
11167,27.167364835739136,0.5275271321474343,CVPF,soup_scene3,70,old
11168,27.169698476791382,0.5275271321474343,CVPF,soup_scene3,70,old
11169,27.172066926956177,0.5275271321474343,CVPF,soup_scene3,70,old
11170,27.174469232559204,0.5275271321474343,CVPF,soup_scene3,70,old
11171,27.17678189277649,0.5275271321474343,CVPF,soup_scene3,70,old
11172,27.179033517837524,0.5275271321474343,CVPF,soup_scene3,70,old
11173,27.18126606941223,0.5275271321474343,CVPF,soup_scene3,70,old
11174,27.183549880981445,0.5275271321474343,CVPF,soup_scene3,70,old
11175,27.185842514038086,0.5275271321474343,CVPF,soup_scene3,70,old
11176,27.188204288482666,0.5275271321474343,CVPF,soup_scene3,70,old
11177,27.190433025360107,0.5275271321474343,CVPF,soup_scene3,70,old
11178,27.192699670791626,0.5275271321474343,CVPF,soup_scene3,70,old
11179,27.194876432418823,0.5275271321474343,CVPF,soup_scene3,70,old
11180,27.197134733200073,0.5275271321474343,CVPF,soup_scene3,70,old
11181,27.199496507644653,0.5275271321474343,CVPF,soup_scene3,70,old
11182,27.201833963394165,0.5275271321474343,CVPF,soup_scene3,70,old
11183,27.204073667526245,0.5275271321474343,CVPF,soup_scene3,70,old
11184,27.206358671188354,0.5275271321474343,CVPF,soup_scene3,70,old
11185,27.208704233169556,0.5275271321474343,CVPF,soup_scene3,70,old
11186,27.211071014404297,0.5275271321474343,CVPF,soup_scene3,70,old
11187,27.213451862335205,0.5275271321474343,CVPF,soup_scene3,70,old
11188,27.215832233428955,0.5275271321474343,CVPF,soup_scene3,70,old
11189,27.218140363693237,0.5275271321474343,CVPF,soup_scene3,70,old
11190,27.220410585403442,0.5275271321474343,CVPF,soup_scene3,70,old
11191,27.222681045532227,0.5275271321474343,CVPF,soup_scene3,70,old
11192,27.225085735321045,0.5275271321474343,CVPF,soup_scene3,70,old
11193,27.22745704650879,0.5275271321474343,CVPF,soup_scene3,70,old
11194,27.229788541793823,0.5275271321474343,CVPF,soup_scene3,70,old
11195,27.23216223716736,0.5275271321474343,CVPF,soup_scene3,70,old
11196,27.234505891799927,0.5275271321474343,CVPF,soup_scene3,70,old
11197,27.23684859275818,0.5275271321474343,CVPF,soup_scene3,70,old
11198,27.239194869995117,0.5275271321474343,CVPF,soup_scene3,70,old
11199,27.24154806137085,0.5275271321474343,CVPF,soup_scene3,70,old
11200,27.243868112564087,0.5275271321474343,CVPF,soup_scene3,70,old
11201,27.246070384979248,0.5275271321474343,CVPF,soup_scene3,70,old
11202,27.24847674369812,0.5275271321474343,CVPF,soup_scene3,70,old
11203,27.250840663909912,0.5275271321474343,CVPF,soup_scene3,70,old
11204,27.253154754638672,0.5275271321474343,CVPF,soup_scene3,70,old
11205,27.255372285842896,0.5275271321474343,CVPF,soup_scene3,70,old
11206,27.257614850997925,0.5275271321474343,CVPF,soup_scene3,70,old
11207,27.259865283966064,0.5275271321474343,CVPF,soup_scene3,70,old
11208,27.26210856437683,0.5275271321474343,CVPF,soup_scene3,70,old
11209,27.26440167427063,0.5275271321474343,CVPF,soup_scene3,70,old
11210,27.266766786575317,0.5275271321474343,CVPF,soup_scene3,70,old
11211,27.268996477127075,0.5275271321474343,CVPF,soup_scene3,70,old
11212,27.271239757537842,0.5275271321474343,CVPF,soup_scene3,70,old
11213,27.27348804473877,0.5275271321474343,CVPF,soup_scene3,70,old
11214,27.275711059570312,0.5275271321474343,CVPF,soup_scene3,70,old
11215,27.278031826019287,0.5275271321474343,CVPF,soup_scene3,70,old
11216,27.280389308929443,0.5275271321474343,CVPF,soup_scene3,70,old
11217,27.28266143798828,0.5275271321474343,CVPF,soup_scene3,70,old
11218,27.28498125076294,0.5275271321474343,CVPF,soup_scene3,70,old
11219,27.287322521209717,0.5275271321474343,CVPF,soup_scene3,70,old
11220,27.289655208587646,0.5275271321474343,CVPF,soup_scene3,70,old
11221,27.292030096054077,0.5275271321474343,CVPF,soup_scene3,70,old
11222,27.2943594455719,0.5275271321474343,CVPF,soup_scene3,70,old
11223,27.29677176475525,0.5275271321474343,CVPF,soup_scene3,70,old
11224,27.299065828323364,0.5275271321474343,CVPF,soup_scene3,70,old
11225,27.301335334777832,0.5275271321474343,CVPF,soup_scene3,70,old
11226,27.30371856689453,0.5275271321474343,CVPF,soup_scene3,70,old
11227,27.306023120880127,0.5275271321474343,CVPF,soup_scene3,70,old
11228,27.30847477912903,0.5275271321474343,CVPF,soup_scene3,70,old
11229,27.310811281204224,0.5275271321474343,CVPF,soup_scene3,70,old
11230,27.313188791275024,0.5275271321474343,CVPF,soup_scene3,70,old
11231,27.315544843673706,0.5275271321474343,CVPF,soup_scene3,70,old
11232,27.31788730621338,0.5275271321474343,CVPF,soup_scene3,70,old
11233,27.320234537124634,0.5275271321474343,CVPF,soup_scene3,70,old
11234,27.322518348693848,0.5275271321474343,CVPF,soup_scene3,70,old
11235,27.32479238510132,0.5275271321474343,CVPF,soup_scene3,70,old
11236,27.327138900756836,0.5275271321474343,CVPF,soup_scene3,70,old
11237,27.329496383666992,0.5275271321474343,CVPF,soup_scene3,70,old
11238,27.331795930862427,0.5275271321474343,CVPF,soup_scene3,70,old
11239,27.334005117416382,0.5275271321474343,CVPF,soup_scene3,70,old
