0,0.00019359588623046875,0.29878998403077767,obse,soup_scene3,70,old
1,0.00229644775390625,0.29975204992790594,obse,soup_scene3,70,old
2,0.007137298583984375,0.2956151074266915,obse,soup_scene3,70,old
3,0.011458635330200195,0.29564399887894666,obse,soup_scene3,70,old
4,0.01599740982055664,0.29546951799019155,obse,soup_scene3,70,old
5,0.020258426666259766,0.2956356332431989,obse,soup_scene3,70,old
6,0.02461719512939453,0.2956356332431989,obse,soup_scene3,70,old
7,0.0294647216796875,0.295697232922123,obse,soup_scene3,70,old
8,0.03368020057678223,0.295697232922123,obse,soup_scene3,70,old
9,0.038421630859375,0.295608537749803,obse,soup_scene3,70,old
10,0.04276871681213379,0.295608537749803,obse,soup_scene3,70,old
11,0.047029733657836914,0.295608537749803,obse,soup_scene3,70,old
12,0.051665306091308594,0.295608537749803,obse,soup_scene3,70,old
13,0.056848764419555664,0.29572080550823915,obse,soup_scene3,70,old
14,0.06225872039794922,0.2949006120509214,obse,soup_scene3,70,old
15,0.06731605529785156,0.294929101673328,obse,soup_scene3,70,old
16,0.07220077514648438,0.294929101673328,obse,soup_scene3,70,old
17,0.07713937759399414,0.29503677011687596,obse,soup_scene3,70,old
18,0.08202171325683594,0.29503677011687596,obse,soup_scene3,70,old
19,0.08687424659729004,0.29503677011687596,obse,soup_scene3,70,old
20,0.09169292449951172,0.29503677011687596,obse,soup_scene3,70,old
21,0.0966329574584961,0.2950036935802824,obse,soup_scene3,70,old
22,0.10221004486083984,0.29497096201164297,obse,soup_scene3,70,old
23,0.10684800148010254,0.294898268982835,obse,soup_scene3,70,old
24,0.11118960380554199,0.294898268982835,obse,soup_scene3,70,old
25,0.11593127250671387,0.2948944011949789,obse,soup_scene3,70,old
26,0.12050747871398926,0.29619547919536304,obse,soup_scene3,70,old
27,0.12485098838806152,0.29627744497855174,obse,soup_scene3,70,old
28,0.12949061393737793,0.2964121842164476,obse,soup_scene3,70,old
29,0.1335768699645996,0.2964121842164476,obse,soup_scene3,70,old
30,0.13807106018066406,0.29621741919817707,obse,soup_scene3,70,old
31,0.1432056427001953,0.29621741919817707,obse,soup_scene3,70,old
32,0.14984989166259766,0.29621741919817707,obse,soup_scene3,70,old
33,0.15632271766662598,0.29621741919817707,obse,soup_scene3,70,old
34,0.1618361473083496,0.29621741919817707,obse,soup_scene3,70,old
35,0.1664881706237793,0.29640179865327665,obse,soup_scene3,70,old
36,0.17089533805847168,0.2963849420624728,obse,soup_scene3,70,old
37,0.17536282539367676,0.29638140308076016,obse,soup_scene3,70,old
38,0.17959928512573242,0.29638140308076016,obse,soup_scene3,70,old
39,0.18381404876708984,0.29638140308076016,obse,soup_scene3,70,old
40,0.18845605850219727,0.2966131987345429,obse,soup_scene3,70,old
41,0.19286799430847168,0.3015143783100981,obse,soup_scene3,70,old
42,0.19715428352355957,0.3013520442852671,obse,soup_scene3,70,old
43,0.20131492614746094,0.3013520442852671,obse,soup_scene3,70,old
44,0.20598459243774414,0.30123782572707375,obse,soup_scene3,70,old
45,0.21092748641967773,0.30123782572707375,obse,soup_scene3,70,old
46,0.21547889709472656,0.30123782572707375,obse,soup_scene3,70,old
47,0.2203366756439209,0.30128705065247274,obse,soup_scene3,70,old
48,0.22518491744995117,0.30128705065247274,obse,soup_scene3,70,old
49,0.22974848747253418,0.3011672783556242,obse,soup_scene3,70,old
50,0.23436617851257324,0.30112295290573926,obse,soup_scene3,70,old
51,0.2389988899230957,0.3010754706563649,obse,soup_scene3,70,old
52,0.2432868480682373,0.3010754706563649,obse,soup_scene3,70,old
53,0.24756979942321777,0.3010754706563649,obse,soup_scene3,70,old
54,0.252108097076416,0.3012074813837808,obse,soup_scene3,70,old
55,0.25654053688049316,0.30105769149958894,obse,soup_scene3,70,old
56,0.26081037521362305,0.30105769149958894,obse,soup_scene3,70,old
57,0.26499152183532715,0.2995925480719769,obse,soup_scene3,70,old
58,0.2694892883300781,0.29919986107995716,obse,soup_scene3,70,old
59,0.2747201919555664,0.29919986107995716,obse,soup_scene3,70,old
60,0.27974605560302734,0.29936506074071195,obse,soup_scene3,70,old
61,0.2840871810913086,0.29926838991980215,obse,soup_scene3,70,old
62,0.2892453670501709,0.29958901651345554,obse,soup_scene3,70,old
63,0.2938423156738281,0.299775744454975,obse,soup_scene3,70,old
64,0.2984488010406494,0.2996747782653857,obse,soup_scene3,70,old
65,0.3026435375213623,0.2996747782653857,obse,soup_scene3,70,old
66,0.30727195739746094,0.2991704394944162,obse,soup_scene3,70,old
67,0.31191301345825195,0.2996365795070089,obse,soup_scene3,70,old
68,0.31670117378234863,0.299352909926807,obse,soup_scene3,70,old
69,0.321000337600708,0.2992259866333237,obse,soup_scene3,70,old
70,0.32515645027160645,0.2992259866333237,obse,soup_scene3,70,old
71,0.32971668243408203,0.29916801085516936,obse,soup_scene3,70,old
72,0.3340132236480713,0.29916801085516936,obse,soup_scene3,70,old
73,0.33818650245666504,0.29916801085516936,obse,soup_scene3,70,old
74,0.34244871139526367,0.29916801085516936,obse,soup_scene3,70,old
75,0.3470184803009033,0.29951726478970725,obse,soup_scene3,70,old
76,0.3512108325958252,0.29951726478970725,obse,soup_scene3,70,old
77,0.35529112815856934,0.29951726478970725,obse,soup_scene3,70,old
78,0.3597378730773926,0.29854956349502754,obse,soup_scene3,70,old
79,0.36390066146850586,0.29854956349502754,obse,soup_scene3,70,old
80,0.368654727935791,0.2983781064169935,obse,soup_scene3,70,old
81,0.3733339309692383,0.298003674315025,obse,soup_scene3,70,old
82,0.37758684158325195,0.298003674315025,obse,soup_scene3,70,old
83,0.3818376064300537,0.2984562606796488,obse,soup_scene3,70,old
84,0.3862485885620117,0.29849348258529024,obse,soup_scene3,70,old
85,0.39072322845458984,0.29849348258529024,obse,soup_scene3,70,old
86,0.39518237113952637,0.29862021694732466,obse,soup_scene3,70,old
87,0.3994424343109131,0.3043063630326748,obse,soup_scene3,70,old
88,0.4037048816680908,0.3043063630326748,obse,soup_scene3,70,old
89,0.4085195064544678,0.3047144035754697,obse,soup_scene3,70,old
90,0.41302943229675293,0.30430184153961215,obse,soup_scene3,70,old
91,0.4171009063720703,0.30430184153961215,obse,soup_scene3,70,old
92,0.42143964767456055,0.3046622875179406,obse,soup_scene3,70,old
93,0.4255671501159668,0.3046622875179406,obse,soup_scene3,70,old
94,0.42986083030700684,0.3046622875179406,obse,soup_scene3,70,old
95,0.44874000549316406,0.30481284783606594,obse,soup_scene3,70,old
96,0.4536316394805908,0.3043508418616804,obse,soup_scene3,70,old
97,0.4577908515930176,0.30456064088744667,obse,soup_scene3,70,old
98,0.4620168209075928,0.3044806725491761,obse,soup_scene3,70,old
99,0.46602678298950195,0.3044806725491761,obse,soup_scene3,70,old
100,0.4703938961029053,0.3040166389142751,obse,soup_scene3,70,old
101,0.47451281547546387,0.304056582882768,obse,soup_scene3,70,old
102,0.4787569046020508,0.304056582882768,obse,soup_scene3,70,old
103,0.4832730293273926,0.304541501179212,obse,soup_scene3,70,old
104,0.4881019592285156,0.3139399001060051,obse,soup_scene3,70,old
105,0.4926180839538574,0.3135957270265561,obse,soup_scene3,70,old
106,0.4969966411590576,0.3137377736537975,obse,soup_scene3,70,old
107,0.5011630058288574,0.3137377736537975,obse,soup_scene3,70,old
108,0.5055346488952637,0.31384609473032027,obse,soup_scene3,70,old
109,0.5097100734710693,0.31384609473032027,obse,soup_scene3,70,old
110,0.5138802528381348,0.31384609473032027,obse,soup_scene3,70,old
111,0.5183041095733643,0.3142545729074059,obse,soup_scene3,70,old
112,0.5226767063140869,0.31423388328271923,obse,soup_scene3,70,old
113,0.5272393226623535,0.31370693193717303,obse,soup_scene3,70,old
114,0.5317196846008301,0.31474932950522017,obse,soup_scene3,70,old
115,0.5359234809875488,0.31474932950522017,obse,soup_scene3,70,old
116,0.540097713470459,0.31474932950522017,obse,soup_scene3,70,old
117,0.5443024635314941,0.3146360742729322,obse,soup_scene3,70,old
118,0.549077033996582,0.3149093338434429,obse,soup_scene3,70,old
119,0.5532503128051758,0.3149093338434429,obse,soup_scene3,70,old
120,0.5575518608093262,0.31489139141617734,obse,soup_scene3,70,old
121,0.5615911483764648,0.31489139141617734,obse,soup_scene3,70,old
122,0.5658214092254639,0.3148711205356478,obse,soup_scene3,70,old
123,0.5700759887695312,0.3149996406774506,obse,soup_scene3,70,old
124,0.5742700099945068,0.3149996406774506,obse,soup_scene3,70,old
125,0.5786430835723877,0.3149996406774506,obse,soup_scene3,70,old
126,0.5828378200531006,0.3149996406774506,obse,soup_scene3,70,old
127,0.5871744155883789,0.31513672185359903,obse,soup_scene3,70,old
128,0.5914268493652344,0.31509501741623325,obse,soup_scene3,70,old
129,0.5956432819366455,0.31509501741623325,obse,soup_scene3,70,old
130,0.6000323295593262,0.31501538803301227,obse,soup_scene3,70,old
131,0.6042699813842773,0.31501538803301227,obse,soup_scene3,70,old
132,0.6084012985229492,0.31501538803301227,obse,soup_scene3,70,old
133,0.6124930381774902,0.31501538803301227,obse,soup_scene3,70,old
134,0.6173343658447266,0.31730824553955633,obse,soup_scene3,70,old
135,0.6216654777526855,0.31703538817131166,obse,soup_scene3,70,old
136,0.626284122467041,0.31676348709966823,obse,soup_scene3,70,old
137,0.6306698322296143,0.316732846613774,obse,soup_scene3,70,old
138,0.6350226402282715,0.316732846613774,obse,soup_scene3,70,old
139,0.6391582489013672,0.316732846613774,obse,soup_scene3,70,old
140,0.6436140537261963,0.3171127327321808,obse,soup_scene3,70,old
141,0.6479811668395996,0.31738964417139076,obse,soup_scene3,70,old
142,0.6521589756011963,0.31738964417139076,obse,soup_scene3,70,old
143,0.6563856601715088,0.31738964417139076,obse,soup_scene3,70,old
144,0.6606824398040771,0.31738964417139076,obse,soup_scene3,70,old
145,0.6649165153503418,0.3162648552076329,obse,soup_scene3,70,old
146,0.6691930294036865,0.3162648552076329,obse,soup_scene3,70,old
147,0.6734371185302734,0.3162648552076329,obse,soup_scene3,70,old
148,0.677687406539917,0.3162648552076329,obse,soup_scene3,70,old
149,0.6819899082183838,0.31687294402543376,obse,soup_scene3,70,old
150,0.6860988140106201,0.31687294402543376,obse,soup_scene3,70,old
151,0.6911449432373047,0.32513473303556506,obse,soup_scene3,70,old
152,0.6956279277801514,0.32513473303556506,obse,soup_scene3,70,old
153,0.7001674175262451,0.3251886511521022,obse,soup_scene3,70,old
154,0.7043237686157227,0.3251886511521022,obse,soup_scene3,70,old
155,0.7090611457824707,0.32522864873879026,obse,soup_scene3,70,old
156,0.7133135795593262,0.32521472641717925,obse,soup_scene3,70,old
157,0.7179293632507324,0.3251090087595174,obse,soup_scene3,70,old
158,0.7221004962921143,0.3251090087595174,obse,soup_scene3,70,old
159,0.7264037132263184,0.3251090087595174,obse,soup_scene3,70,old
160,0.7305033206939697,0.3251090087595174,obse,soup_scene3,70,old
161,0.7351574897766113,0.3227872892056101,obse,soup_scene3,70,old
162,0.7393679618835449,0.32227872736132496,obse,soup_scene3,70,old
163,0.7434804439544678,0.32227872736132496,obse,soup_scene3,70,old
164,0.7476358413696289,0.32227872736132496,obse,soup_scene3,70,old
165,0.7521228790283203,0.32227872736132496,obse,soup_scene3,70,old
166,0.7566053867340088,0.32207718202418234,obse,soup_scene3,70,old
167,0.7608294486999512,0.32207718202418234,obse,soup_scene3,70,old
168,0.7652275562286377,0.32224446182110605,obse,soup_scene3,70,old
169,0.7698311805725098,0.32199822710312354,obse,soup_scene3,70,old
170,0.7742300033569336,0.3221191866376322,obse,soup_scene3,70,old
171,0.7783939838409424,0.3220908799645834,obse,soup_scene3,70,old
172,0.782822847366333,0.32207296149021963,obse,soup_scene3,70,old
173,0.7871823310852051,0.3218975247056197,obse,soup_scene3,70,old
174,0.7913577556610107,0.3218975247056197,obse,soup_scene3,70,old
175,0.7966110706329346,0.3223560530425429,obse,soup_scene3,70,old
176,0.8009357452392578,0.3223560530425429,obse,soup_scene3,70,old
177,0.8053908348083496,0.3221945697719337,obse,soup_scene3,70,old
178,0.8094885349273682,0.3221945697719337,obse,soup_scene3,70,old
179,0.8138070106506348,0.32269794982587174,obse,soup_scene3,70,old
180,0.8179059028625488,0.32269794982587174,obse,soup_scene3,70,old
181,0.8221895694732666,0.32281124095665514,obse,soup_scene3,70,old
182,0.826507568359375,0.3228043014978121,obse,soup_scene3,70,old
183,0.8309910297393799,0.3225463467841975,obse,soup_scene3,70,old
184,0.8352112770080566,0.3225463467841975,obse,soup_scene3,70,old
185,0.8394215106964111,0.3222981650085692,obse,soup_scene3,70,old
186,0.843595027923584,0.3222981650085692,obse,soup_scene3,70,old
187,0.8479568958282471,0.3219308355159613,obse,soup_scene3,70,old
188,0.8521995544433594,0.3219308355159613,obse,soup_scene3,70,old
189,0.8566782474517822,0.32206527923022354,obse,soup_scene3,70,old
190,0.8612875938415527,0.3084015205646867,obse,soup_scene3,70,old
191,0.8654341697692871,0.3084015205646867,obse,soup_scene3,70,old
192,0.8696503639221191,0.3084015205646867,obse,soup_scene3,70,old
193,0.8738772869110107,0.3084015205646867,obse,soup_scene3,70,old
194,0.8799037933349609,0.3084870194480733,obse,soup_scene3,70,old
195,0.8853955268859863,0.3084870194480733,obse,soup_scene3,70,old
196,0.8909287452697754,0.30778187415973357,obse,soup_scene3,70,old
197,0.8963239192962646,0.30778187415973357,obse,soup_scene3,70,old
198,0.9017233848571777,0.30778187415973357,obse,soup_scene3,70,old
199,0.9070930480957031,0.30778187415973357,obse,soup_scene3,70,old
200,0.9127504825592041,0.3082831710872932,obse,soup_scene3,70,old
201,0.9181194305419922,0.3082831710872932,obse,soup_scene3,70,old
202,0.923499584197998,0.3082831710872932,obse,soup_scene3,70,old
203,0.9294085502624512,0.308394096977996,obse,soup_scene3,70,old
204,0.9348273277282715,0.308394096977996,obse,soup_scene3,70,old
205,0.9410703182220459,0.304465706745621,obse,soup_scene3,70,old
206,0.9451758861541748,0.304465706745621,obse,soup_scene3,70,old
207,0.9493532180786133,0.3044192544151969,obse,soup_scene3,70,old
208,0.9535589218139648,0.3046221580061049,obse,soup_scene3,70,old
209,0.9579687118530273,0.30466879006937514,obse,soup_scene3,70,old
210,0.9624152183532715,0.30401761416088957,obse,soup_scene3,70,old
211,0.9664885997772217,0.30401761416088957,obse,soup_scene3,70,old
212,0.9706535339355469,0.3043236142154923,obse,soup_scene3,70,old
213,0.9746899604797363,0.3043236142154923,obse,soup_scene3,70,old
214,0.9792616367340088,0.3043745551708489,obse,soup_scene3,70,old
215,0.9832897186279297,0.3043745551708489,obse,soup_scene3,70,old
216,0.987290620803833,0.3043745551708489,obse,soup_scene3,70,old
217,0.9914834499359131,0.30450675133807537,obse,soup_scene3,70,old
218,0.9958794116973877,0.30441513034097023,obse,soup_scene3,70,old
219,1.000117540359497,0.30496817886041494,obse,soup_scene3,70,old
220,1.0043549537658691,0.3048925636147359,obse,soup_scene3,70,old
221,1.0087132453918457,0.3051930582536936,obse,soup_scene3,70,old
222,1.0130465030670166,0.30512579282631264,obse,soup_scene3,70,old
223,1.0174875259399414,0.30512579282631264,obse,soup_scene3,70,old
224,1.021702766418457,0.30447464864806184,obse,soup_scene3,70,old
225,1.0259947776794434,0.30447464864806184,obse,soup_scene3,70,old
226,1.0302503108978271,0.304633067376408,obse,soup_scene3,70,old
227,1.0348384380340576,0.3048146146093205,obse,soup_scene3,70,old
228,1.0392212867736816,0.306161700102359,obse,soup_scene3,70,old
229,1.0439255237579346,0.30635094049294614,obse,soup_scene3,70,old
230,1.0483717918395996,0.30572492854767674,obse,soup_scene3,70,old
231,1.0528602600097656,0.3099522645651964,obse,soup_scene3,70,old
232,1.0571401119232178,0.3099522645651964,obse,soup_scene3,70,old
233,1.0614714622497559,0.3080348746002914,obse,soup_scene3,70,old
234,1.0659966468811035,0.30667116913387826,obse,soup_scene3,70,old
235,1.0702226161956787,0.30664351056728334,obse,soup_scene3,70,old
236,1.0745527744293213,0.30571499669884,obse,soup_scene3,70,old
237,1.078852891921997,0.30394034780359946,obse,soup_scene3,70,old
238,1.083141803741455,0.30394034780359946,obse,soup_scene3,70,old
239,1.0874195098876953,0.3028493582081818,obse,soup_scene3,70,old
240,1.0916435718536377,0.3028493582081818,obse,soup_scene3,70,old
241,1.0959546566009521,0.30283762821391985,obse,soup_scene3,70,old
242,1.100149154663086,0.30283762821391985,obse,soup_scene3,70,old
243,1.104811191558838,0.30313857368584946,obse,soup_scene3,70,old
244,1.108994483947754,0.30313857368584946,obse,soup_scene3,70,old
245,1.1136689186096191,0.3017810825807154,obse,soup_scene3,70,old
246,1.1178381443023682,0.3017810825807154,obse,soup_scene3,70,old
247,1.1225571632385254,0.2974414376548925,obse,soup_scene3,70,old
248,1.1267480850219727,0.2974414376548925,obse,soup_scene3,70,old
249,1.1309254169464111,0.2949851281623708,obse,soup_scene3,70,old
250,1.1350743770599365,0.2949851281623708,obse,soup_scene3,70,old
251,1.1396141052246094,0.2925466342885506,obse,soup_scene3,70,old
252,1.1438286304473877,0.2925466342885506,obse,soup_scene3,70,old
253,1.1482768058776855,0.2908906275402969,obse,soup_scene3,70,old
254,1.1523892879486084,0.2908906275402969,obse,soup_scene3,70,old
255,1.1566977500915527,0.28920343111211894,obse,soup_scene3,70,old
256,1.1610753536224365,0.28875178842486576,obse,soup_scene3,70,old
257,1.165247917175293,0.2881840652726277,obse,soup_scene3,70,old
258,1.1695051193237305,0.28745731753197357,obse,soup_scene3,70,old
259,1.1737408638000488,0.28746160099550244,obse,soup_scene3,70,old
260,1.177880048751831,0.28746160099550244,obse,soup_scene3,70,old
261,1.1824991703033447,0.28608686224613744,obse,soup_scene3,70,old
262,1.186690330505371,0.28608686224613744,obse,soup_scene3,70,old
263,1.1909635066986084,0.28253998077472464,obse,soup_scene3,70,old
264,1.1953623294830322,0.28253998077472464,obse,soup_scene3,70,old
265,1.199706792831421,0.28667997558930935,obse,soup_scene3,70,old
266,1.2042100429534912,0.2842046520981055,obse,soup_scene3,70,old
267,1.2082455158233643,0.2842046520981055,obse,soup_scene3,70,old
268,1.212639331817627,0.28265820934229985,obse,soup_scene3,70,old
269,1.2167634963989258,0.28265820934229985,obse,soup_scene3,70,old
270,1.2217011451721191,0.281708516274542,obse,soup_scene3,70,old
271,1.2261018753051758,0.281708516274542,obse,soup_scene3,70,old
272,1.2307894229888916,0.281708516274542,obse,soup_scene3,70,old
273,1.2358996868133545,0.2802654888378143,obse,soup_scene3,70,old
274,1.2410790920257568,0.2787452954247127,obse,soup_scene3,70,old
275,1.2460484504699707,0.27655773000867123,obse,soup_scene3,70,old
276,1.2511310577392578,0.27655773000867123,obse,soup_scene3,70,old
277,1.256007432937622,0.29796975097075795,obse,soup_scene3,70,old
278,1.2607548236846924,0.30012222781940273,obse,soup_scene3,70,old
279,1.2657432556152344,0.2985741991811707,obse,soup_scene3,70,old
280,1.270444631576538,0.2964883807256721,obse,soup_scene3,70,old
281,1.2749345302581787,0.2960718304994543,obse,soup_scene3,70,old
282,1.2798593044281006,0.2951704379361913,obse,soup_scene3,70,old
283,1.2839503288269043,0.2951704379361913,obse,soup_scene3,70,old
284,1.2879834175109863,0.2951704379361913,obse,soup_scene3,70,old
285,1.2920331954956055,0.2951704379361913,obse,soup_scene3,70,old
286,1.296989917755127,0.2923592420541779,obse,soup_scene3,70,old
287,1.3021345138549805,0.2923347713629007,obse,soup_scene3,70,old
288,1.3072071075439453,0.2910851943697547,obse,soup_scene3,70,old
289,1.311957597732544,0.29111579657545117,obse,soup_scene3,70,old
290,1.3168182373046875,0.2896640856063543,obse,soup_scene3,70,old
291,1.3211538791656494,0.2874859020193838,obse,soup_scene3,70,old
292,1.3252966403961182,0.2874859020193838,obse,soup_scene3,70,old
293,1.3295080661773682,0.2826262548905362,obse,soup_scene3,70,old
294,1.3336288928985596,0.2826262548905362,obse,soup_scene3,70,old
295,1.3383021354675293,0.2563822359255225,obse,soup_scene3,70,old
296,1.3427233695983887,0.2563966599403405,obse,soup_scene3,70,old
297,1.3469641208648682,0.2563966599403405,obse,soup_scene3,70,old
298,1.3510966300964355,0.2563966599403405,obse,soup_scene3,70,old
299,1.3555247783660889,0.2563966599403405,obse,soup_scene3,70,old
300,1.3600196838378906,0.24512202057017327,obse,soup_scene3,70,old
301,1.3642191886901855,0.24512202057017327,obse,soup_scene3,70,old
302,1.3685972690582275,0.24512202057017327,obse,soup_scene3,70,old
303,1.3729069232940674,0.24512202057017327,obse,soup_scene3,70,old
304,1.3772928714752197,0.24389198341348392,obse,soup_scene3,70,old
305,1.381535291671753,0.24232503262673585,obse,soup_scene3,70,old
306,1.385392189025879,0.24232503262673585,obse,soup_scene3,70,old
307,1.3892521858215332,0.24232503262673585,obse,soup_scene3,70,old
308,1.3935048580169678,0.24232503262673585,obse,soup_scene3,70,old
309,1.397981882095337,0.23977605207914243,obse,soup_scene3,70,old
310,1.4024450778961182,0.2381933582340346,obse,soup_scene3,70,old
311,1.4067878723144531,0.23608877084836366,obse,soup_scene3,70,old
312,1.4109222888946533,0.23608877084836366,obse,soup_scene3,70,old
313,1.4150209426879883,0.23608877084836366,obse,soup_scene3,70,old
314,1.4193482398986816,0.23400831620136284,obse,soup_scene3,70,old
315,1.4237217903137207,0.23366051390393325,obse,soup_scene3,70,old
316,1.4287991523742676,0.23359665054396073,obse,soup_scene3,70,old
317,1.4351825714111328,0.23209654727837847,obse,soup_scene3,70,old
318,1.4414763450622559,0.22907675194268443,obse,soup_scene3,70,old
319,1.4467964172363281,0.22907675194268443,obse,soup_scene3,70,old
320,1.4513237476348877,0.2275901650540544,obse,soup_scene3,70,old
321,1.455557107925415,0.22758172593631973,obse,soup_scene3,70,old
322,1.4596266746520996,0.23310317600767574,obse,soup_scene3,70,old
323,1.4637033939361572,0.23361491702900852,obse,soup_scene3,70,old
324,1.4678127765655518,0.23361491702900852,obse,soup_scene3,70,old
325,1.4722390174865723,0.23424869150169952,obse,soup_scene3,70,old
326,1.4765722751617432,0.23260964281035826,obse,soup_scene3,70,old
327,1.4810140132904053,0.23011968371274172,obse,soup_scene3,70,old
328,1.487767219543457,0.22756410786038805,obse,soup_scene3,70,old
329,1.4925041198730469,0.22517216542467872,obse,soup_scene3,70,old
330,1.4968409538269043,0.2234069585296259,obse,soup_scene3,70,old
331,1.5009815692901611,0.2234069585296259,obse,soup_scene3,70,old
332,1.5052721500396729,0.2234069585296259,obse,soup_scene3,70,old
333,1.5104241371154785,0.21914806848836862,obse,soup_scene3,70,old
334,1.514991283416748,0.21681640878210945,obse,soup_scene3,70,old
335,1.5203115940093994,0.23742499687965857,obse,soup_scene3,70,old
336,1.5254290103912354,0.2385829486389629,obse,soup_scene3,70,old
337,1.529756784439087,0.23352255561687707,obse,soup_scene3,70,old
338,1.5339696407318115,0.23352255561687707,obse,soup_scene3,70,old
339,1.538393259048462,0.23458953447072659,obse,soup_scene3,70,old
340,1.5428566932678223,0.23458953447072659,obse,soup_scene3,70,old
341,1.5472466945648193,0.23337192448416977,obse,soup_scene3,70,old
342,1.551457166671753,0.23337192448416977,obse,soup_scene3,70,old
343,1.5560498237609863,0.2306931032310391,obse,soup_scene3,70,old
344,1.5605454444885254,0.2291352402130069,obse,soup_scene3,70,old
345,1.5647869110107422,0.2291352402130069,obse,soup_scene3,70,old
346,1.5693588256835938,0.22698855414286453,obse,soup_scene3,70,old
347,1.5736808776855469,0.22698855414286453,obse,soup_scene3,70,old
348,1.5778234004974365,0.22698855414286453,obse,soup_scene3,70,old
349,1.5823538303375244,0.22738662358118666,obse,soup_scene3,70,old
350,1.5865795612335205,0.22426350811019308,obse,soup_scene3,70,old
351,1.5907278060913086,0.22426350811019308,obse,soup_scene3,70,old
352,1.5952143669128418,0.22229257495417887,obse,soup_scene3,70,old
353,1.5991222858428955,0.22229257495417887,obse,soup_scene3,70,old
354,1.603543996810913,0.22229257495417887,obse,soup_scene3,70,old
355,1.6080172061920166,0.24431312165495256,obse,soup_scene3,70,old
356,1.612548589706421,0.2363450017910319,obse,soup_scene3,70,old
357,1.6167562007904053,0.2363450017910319,obse,soup_scene3,70,old
358,1.620854377746582,0.2363450017910319,obse,soup_scene3,70,old
359,1.6251273155212402,0.23365556285591596,obse,soup_scene3,70,old
360,1.6293537616729736,0.23167986328005333,obse,soup_scene3,70,old
361,1.6334519386291504,0.23167986328005333,obse,soup_scene3,70,old
362,1.6379687786102295,0.2303061155919094,obse,soup_scene3,70,old
363,1.6423149108886719,0.2303061155919094,obse,soup_scene3,70,old
364,1.6468613147735596,0.22848238489533612,obse,soup_scene3,70,old
365,1.6510546207427979,0.22848238489533612,obse,soup_scene3,70,old
366,1.655599594116211,0.22501396675861543,obse,soup_scene3,70,old
367,1.6597371101379395,0.22501396675861543,obse,soup_scene3,70,old
368,1.6645760536193848,0.22501396675861543,obse,soup_scene3,70,old
369,1.6691138744354248,0.22121617768675594,obse,soup_scene3,70,old
370,1.674384355545044,0.24076028108212746,obse,soup_scene3,70,old
371,1.6788239479064941,0.23847213685681617,obse,soup_scene3,70,old
372,1.6831672191619873,0.23847213685681617,obse,soup_scene3,70,old
373,1.687760353088379,0.23665853839618536,obse,soup_scene3,70,old
374,1.6922581195831299,0.23665853839618536,obse,soup_scene3,70,old
375,1.6974239349365234,0.23451546307719082,obse,soup_scene3,70,old
376,1.702244758605957,0.23456452917515044,obse,soup_scene3,70,old
377,1.7071340084075928,0.23270008388894187,obse,soup_scene3,70,old
378,1.7122726440429688,0.23046337536438602,obse,soup_scene3,70,old
379,1.7169220447540283,0.23046337536438602,obse,soup_scene3,70,old
380,1.721785068511963,0.2367892111938931,obse,soup_scene3,70,old
381,1.7267494201660156,0.23755569165972296,obse,soup_scene3,70,old
382,1.7317004203796387,0.23294214872776195,obse,soup_scene3,70,old
383,1.7366976737976074,0.23298010843366895,obse,soup_scene3,70,old
384,1.7413465976715088,0.233003344200145,obse,soup_scene3,70,old
385,1.7455840110778809,0.22972677553041662,obse,soup_scene3,70,old
386,1.7503409385681152,0.22972677553041662,obse,soup_scene3,70,old
387,1.7552120685577393,0.22663614146497701,obse,soup_scene3,70,old
388,1.7600970268249512,0.22663614146497701,obse,soup_scene3,70,old
389,1.765268087387085,0.2231290514987151,obse,soup_scene3,70,old
390,1.769995927810669,0.2231290514987151,obse,soup_scene3,70,old
391,1.774784803390503,0.21945241766466944,obse,soup_scene3,70,old
392,1.7797234058380127,0.21936577215687555,obse,soup_scene3,70,old
393,1.784623384475708,0.21602294309618475,obse,soup_scene3,70,old
394,1.7893376350402832,0.21602294309618475,obse,soup_scene3,70,old
395,1.7941899299621582,0.2370771527249117,obse,soup_scene3,70,old
396,1.798966407775879,0.2348540265532309,obse,soup_scene3,70,old
397,1.8037149906158447,0.23638875455790087,obse,soup_scene3,70,old
398,1.8089673519134521,0.23419709042406445,obse,soup_scene3,70,old
399,1.8137593269348145,0.23419709042406445,obse,soup_scene3,70,old
400,1.818629264831543,0.23419709042406445,obse,soup_scene3,70,old
401,1.823456048965454,0.232086424627126,obse,soup_scene3,70,old
402,1.82847261428833,0.23211296673777967,obse,soup_scene3,70,old
403,1.8332164287567139,0.23211296673777967,obse,soup_scene3,70,old
404,1.8382492065429688,0.22973281705872362,obse,soup_scene3,70,old
405,1.8431546688079834,0.22521307347646566,obse,soup_scene3,70,old
406,1.8477671146392822,0.22521307347646566,obse,soup_scene3,70,old
407,1.852661371231079,0.22521307347646566,obse,soup_scene3,70,old
408,1.8574659824371338,0.22165929686182356,obse,soup_scene3,70,old
409,1.862680435180664,0.212254602124133,obse,soup_scene3,70,old
410,1.8673648834228516,0.212254602124133,obse,soup_scene3,70,old
411,1.872419834136963,0.21268247579531158,obse,soup_scene3,70,old
412,1.8773751258850098,0.20547904204884668,obse,soup_scene3,70,old
413,1.8818395137786865,0.20547904204884668,obse,soup_scene3,70,old
414,1.8863675594329834,0.1994691208145496,obse,soup_scene3,70,old
415,1.8910131454467773,0.19607589102466058,obse,soup_scene3,70,old
416,1.8952441215515137,0.19607589102466058,obse,soup_scene3,70,old
417,1.9003746509552002,0.1911831416837854,obse,soup_scene3,70,old
418,1.9054460525512695,0.19121579507933673,obse,soup_scene3,70,old
419,1.909653902053833,0.18870570334395856,obse,soup_scene3,70,old
420,1.9141995906829834,0.18444009759770616,obse,soup_scene3,70,old
421,1.9183754920959473,0.18444009759770616,obse,soup_scene3,70,old
422,1.9230170249938965,0.18122693836857612,obse,soup_scene3,70,old
423,1.927180528640747,0.18122693836857612,obse,soup_scene3,70,old
424,1.9312920570373535,0.18122693836857612,obse,soup_scene3,70,old
425,1.9360496997833252,0.17103265835146814,obse,soup_scene3,70,old
426,1.9404611587524414,0.1679473120849937,obse,soup_scene3,70,old
427,1.9447534084320068,0.16530460606175892,obse,soup_scene3,70,old
428,1.9488868713378906,0.16530460606175892,obse,soup_scene3,70,old
429,1.9530224800109863,0.1629532054152717,obse,soup_scene3,70,old
430,1.9572491645812988,0.1629532054152717,obse,soup_scene3,70,old
431,1.961474895477295,0.1629532054152717,obse,soup_scene3,70,old
432,1.9657716751098633,0.1629532054152717,obse,soup_scene3,70,old
433,1.9703176021575928,0.15806096186856755,obse,soup_scene3,70,old
434,1.9745633602142334,0.15806096186856755,obse,soup_scene3,70,old
435,1.978853702545166,0.15806096186856755,obse,soup_scene3,70,old
436,1.983386754989624,0.1556555392040903,obse,soup_scene3,70,old
437,1.9878716468811035,0.1556555392040903,obse,soup_scene3,70,old
438,1.9921400547027588,0.16562645585637858,obse,soup_scene3,70,old
439,1.9964232444763184,0.16044712460590096,obse,soup_scene3,70,old
440,2.0006790161132812,0.1607235971925133,obse,soup_scene3,70,old
441,2.005127429962158,0.15413368819984502,obse,soup_scene3,70,old
442,2.00947904586792,0.15419081034211418,obse,soup_scene3,70,old
443,2.0136284828186035,0.15419081034211418,obse,soup_scene3,70,old
444,2.0177533626556396,0.15419081034211418,obse,soup_scene3,70,old
445,2.0225963592529297,0.15193332827833655,obse,soup_scene3,70,old
446,2.0273900032043457,0.1491834714218543,obse,soup_scene3,70,old
447,2.031731128692627,0.14643770234155432,obse,soup_scene3,70,old
448,2.0359132289886475,0.1423201014987722,obse,soup_scene3,70,old
449,2.0402259826660156,0.1423201014987722,obse,soup_scene3,70,old
450,2.044933557510376,0.13970420913869785,obse,soup_scene3,70,old
451,2.0493059158325195,0.13970420913869785,obse,soup_scene3,70,old
452,2.053776502609253,0.12564317963834817,obse,soup_scene3,70,old
453,2.058138370513916,0.12541291905338164,obse,soup_scene3,70,old
454,2.062387466430664,0.1254213293469483,obse,soup_scene3,70,old
455,2.0668904781341553,0.12310908791345435,obse,soup_scene3,70,old
456,2.071113348007202,0.12310908791345435,obse,soup_scene3,70,old
457,2.0758421421051025,0.12058412166256036,obse,soup_scene3,70,old
458,2.0806691646575928,0.11842617896734423,obse,soup_scene3,70,old
459,2.0850441455841064,0.11842617896734423,obse,soup_scene3,70,old
460,2.0892996788024902,0.11617375953361556,obse,soup_scene3,70,old
461,2.0935020446777344,0.11617375953361556,obse,soup_scene3,70,old
462,2.0976600646972656,0.11617375953361556,obse,soup_scene3,70,old
463,2.1018893718719482,0.11335181291524349,obse,soup_scene3,70,old
464,2.1063311100006104,0.111170652987015,obse,soup_scene3,70,old
465,2.1104726791381836,0.1111129435759747,obse,soup_scene3,70,old
466,2.115046739578247,0.10837512961241051,obse,soup_scene3,70,old
467,2.1193771362304688,0.10837512961241051,obse,soup_scene3,70,old
468,2.1236817836761475,0.1061783807473438,obse,soup_scene3,70,old
469,2.1302521228790283,0.1032438491978815,obse,soup_scene3,70,old
470,2.1351170539855957,0.1032438491978815,obse,soup_scene3,70,old
471,2.1395294666290283,0.1032438491978815,obse,soup_scene3,70,old
472,2.1437876224517822,0.10141211570402751,obse,soup_scene3,70,old
473,2.148312568664551,0.09904839922396316,obse,soup_scene3,70,old
474,2.1524925231933594,0.09904839922396316,obse,soup_scene3,70,old
475,2.1570944786071777,0.09745886098563866,obse,soup_scene3,70,old
476,2.161494255065918,0.09628383423109461,obse,soup_scene3,70,old
477,2.1658260822296143,0.10180515803378837,obse,soup_scene3,70,old
478,2.1703155040740967,0.10203605111632764,obse,soup_scene3,70,old
479,2.1748321056365967,0.10203605111632764,obse,soup_scene3,70,old
480,2.179027557373047,0.10183410871512538,obse,soup_scene3,70,old
481,2.1831843852996826,0.10183410871512538,obse,soup_scene3,70,old
482,2.187577724456787,0.10032492575163991,obse,soup_scene3,70,old
483,2.192253828048706,0.09912162668371459,obse,soup_scene3,70,old
484,2.1969711780548096,0.09744550221629099,obse,soup_scene3,70,old
485,2.201158046722412,0.09744550221629099,obse,soup_scene3,70,old
486,2.205488443374634,0.09679956732927843,obse,soup_scene3,70,old
487,2.2101120948791504,0.09622433214689999,obse,soup_scene3,70,old
488,2.214409589767456,0.09434982807821052,obse,soup_scene3,70,old
489,2.2186412811279297,0.09434982807821052,obse,soup_scene3,70,old
490,2.222909450531006,0.09434982807821052,obse,soup_scene3,70,old
491,2.2272846698760986,0.09120369879910575,obse,soup_scene3,70,old
492,2.2316410541534424,0.08946702916835253,obse,soup_scene3,70,old
493,2.2360823154449463,0.0889833822684008,obse,soup_scene3,70,old
494,2.2408862113952637,0.10686190229785211,obse,soup_scene3,70,old
495,2.245169162750244,0.10686190229785211,obse,soup_scene3,70,old
496,2.249685049057007,0.10508377112297768,obse,soup_scene3,70,old
497,2.254434108734131,0.10349761943220749,obse,soup_scene3,70,old
498,2.258908748626709,0.10354393485168589,obse,soup_scene3,70,old
499,2.2632410526275635,0.10123834403895574,obse,soup_scene3,70,old
500,2.2674200534820557,0.10123834403895574,obse,soup_scene3,70,old
501,2.2721924781799316,0.1001264895609066,obse,soup_scene3,70,old
502,2.2764272689819336,0.1001264895609066,obse,soup_scene3,70,old
503,2.281020402908325,0.09869381655495921,obse,soup_scene3,70,old
504,2.285480260848999,0.09869381655495921,obse,soup_scene3,70,old
505,2.2901222705841064,0.0968760613395948,obse,soup_scene3,70,old
506,2.294482946395874,0.09687417093136282,obse,soup_scene3,70,old
507,2.299128293991089,0.10176558611501223,obse,soup_scene3,70,old
508,2.303452730178833,0.10180922979970879,obse,soup_scene3,70,old
509,2.3082542419433594,0.10040306119373046,obse,soup_scene3,70,old
510,2.3127973079681396,0.10040041331923742,obse,soup_scene3,70,old
511,2.3171157836914062,0.098391863002527,obse,soup_scene3,70,old
512,2.3215818405151367,0.09638373245037435,obse,soup_scene3,70,old
513,2.325965642929077,0.09693080202445084,obse,soup_scene3,70,old
514,2.331223487854004,0.09526555675787901,obse,soup_scene3,70,old
515,2.335527181625366,0.095464336923923,obse,soup_scene3,70,old
516,2.339966297149658,0.09367971992880764,obse,soup_scene3,70,old
517,2.344581127166748,0.09267357660927743,obse,soup_scene3,70,old
518,2.348956823348999,0.09267357660927743,obse,soup_scene3,70,old
519,2.3534345626831055,0.09267357660927743,obse,soup_scene3,70,old
520,2.357896327972412,0.14277898339564107,obse,soup_scene3,70,old
521,2.362473249435425,0.1432756176433121,obse,soup_scene3,70,old
522,2.366766929626465,0.1432756176433121,obse,soup_scene3,70,old
523,2.372373342514038,0.15225442962144642,obse,soup_scene3,70,old
524,2.37658429145813,0.15225442962144642,obse,soup_scene3,70,old
525,2.3810384273529053,0.1521828973435244,obse,soup_scene3,70,old
526,2.38554048538208,0.15210742557904927,obse,soup_scene3,70,old
527,2.3898398876190186,0.1513027431898124,obse,soup_scene3,70,old
528,2.3944144248962402,0.15029979492636586,obse,soup_scene3,70,old
529,2.3987841606140137,0.15029979492636586,obse,soup_scene3,70,old
530,2.4032485485076904,0.1494600910267358,obse,soup_scene3,70,old
531,2.407647132873535,0.1494600910267358,obse,soup_scene3,70,old
532,2.4124369621276855,0.14840863114214303,obse,soup_scene3,70,old
533,2.4168174266815186,0.1477623636661709,obse,soup_scene3,70,old
534,2.42116641998291,0.16125316249797358,obse,soup_scene3,70,old
535,2.425199508666992,0.16125316249797358,obse,soup_scene3,70,old
536,2.4297006130218506,0.16189275058047886,obse,soup_scene3,70,old
537,2.4340436458587646,0.16355552718794888,obse,soup_scene3,70,old
538,2.438483476638794,0.1616286111301982,obse,soup_scene3,70,old
539,2.4428679943084717,0.1616286111301982,obse,soup_scene3,70,old
540,2.4472765922546387,0.16080550006051655,obse,soup_scene3,70,old
541,2.45156192779541,0.15982906342420614,obse,soup_scene3,70,old
542,2.455841541290283,0.15982906342420614,obse,soup_scene3,70,old
543,2.4600627422332764,0.15982906342420614,obse,soup_scene3,70,old
544,2.4645657539367676,0.1583720974092115,obse,soup_scene3,70,old
545,2.4688332080841064,0.15846173106879305,obse,soup_scene3,70,old
546,2.4732842445373535,0.15675690400797676,obse,soup_scene3,70,old
547,2.477785587310791,0.15964028492910362,obse,soup_scene3,70,old
548,2.4819893836975098,0.1599346725554485,obse,soup_scene3,70,old
549,2.486384868621826,0.1595750849951684,obse,soup_scene3,70,old
550,2.490671396255493,0.1595750849951684,obse,soup_scene3,70,old
551,2.495055675506592,0.15868494818903786,obse,soup_scene3,70,old
552,2.4992928504943848,0.15867903890183918,obse,soup_scene3,70,old
553,2.503654956817627,0.15867903890183918,obse,soup_scene3,70,old
554,2.5080630779266357,0.15822575085521517,obse,soup_scene3,70,old
555,2.512758255004883,0.15820840831919586,obse,soup_scene3,70,old
556,2.517040491104126,0.15820840831919586,obse,soup_scene3,70,old
557,2.5220022201538086,0.15729560318387312,obse,soup_scene3,70,old
558,2.5263023376464844,0.15729560318387312,obse,soup_scene3,70,old
559,2.5308098793029785,0.1561771525573661,obse,soup_scene3,70,old
560,2.5349056720733643,1.7123252827176025,obse,soup_scene3,70,old
561,2.539260149002075,1.7123609744453294,obse,soup_scene3,70,old
562,2.543766975402832,1.7137753423595186,obse,soup_scene3,70,old
563,2.548053741455078,1.8348783723722832,obse,soup_scene3,70,old
564,2.5522453784942627,1.836915925786281,obse,soup_scene3,70,old
565,2.5564916133880615,1.836915925786281,obse,soup_scene3,70,old
566,2.5609130859375,1.836915925786281,obse,soup_scene3,70,old
567,2.5653059482574463,1.8399741622466805,obse,soup_scene3,70,old
568,2.569615125656128,1.8399741622466805,obse,soup_scene3,70,old
569,2.5750207901000977,1.8436459784742691,obse,soup_scene3,70,old
570,2.5798280239105225,1.8436459784742691,obse,soup_scene3,70,old
571,2.584602117538452,1.8478263882160024,obse,soup_scene3,70,old
572,2.589444637298584,1.8478263882160024,obse,soup_scene3,70,old
573,2.5943870544433594,1.8672906174259811,obse,soup_scene3,70,old
574,2.599179267883301,1.8705669687737532,obse,soup_scene3,70,old
575,2.6040427684783936,1.8752852148736683,obse,soup_scene3,70,old
576,2.608792543411255,1.8752852148736683,obse,soup_scene3,70,old
577,2.61362886428833,1.8752507605582982,obse,soup_scene3,70,old
578,2.617910861968994,1.8814511033486792,obse,soup_scene3,70,old
579,2.622377395629883,1.8814511033486792,obse,soup_scene3,70,old
580,2.6268558502197266,1.8866927252091725,obse,soup_scene3,70,old
581,2.631359100341797,1.8866927252091725,obse,soup_scene3,70,old
582,2.6356170177459717,1.8865583487281128,obse,soup_scene3,70,old
583,2.639971971511841,1.8910192123642289,obse,soup_scene3,70,old
584,2.6443028450012207,1.8910192123642289,obse,soup_scene3,70,old
585,2.6487135887145996,1.8959433385358826,obse,soup_scene3,70,old
586,2.652971029281616,1.8959433385358826,obse,soup_scene3,70,old
587,2.6573941707611084,1.9146545247660711,obse,soup_scene3,70,old
588,2.6615731716156006,1.9146545247660711,obse,soup_scene3,70,old
589,2.666149854660034,1.9226412220219615,obse,soup_scene3,70,old
590,2.670766592025757,1.9273751540874693,obse,soup_scene3,70,old
591,2.6752777099609375,1.930904950335002,obse,soup_scene3,70,old
592,2.6798171997070312,1.9350298863099924,obse,soup_scene3,70,old
593,2.684326648712158,1.9389255805161187,obse,soup_scene3,70,old
594,2.6891231536865234,1.9433657778858946,obse,soup_scene3,70,old
595,2.6940155029296875,1.9500058839160512,obse,soup_scene3,70,old
596,2.6984758377075195,1.9500058839160512,obse,soup_scene3,70,old
597,2.7030763626098633,1.9530229289982133,obse,soup_scene3,70,old
598,2.707742214202881,1.9562636433503549,obse,soup_scene3,70,old
599,2.712264060974121,1.9598976698947972,obse,soup_scene3,70,old
600,2.7164127826690674,1.9598976698947972,obse,soup_scene3,70,old
601,2.7211196422576904,1.963515590767665,obse,soup_scene3,70,old
602,2.7254159450531006,1.9639244650735426,obse,soup_scene3,70,old
603,2.7299411296844482,1.967154753277931,obse,soup_scene3,70,old
604,2.734752893447876,1.9667452462814647,obse,soup_scene3,70,old
605,2.739149332046509,1.9710004688097789,obse,soup_scene3,70,old
606,2.7436652183532715,1.9760621072808777,obse,soup_scene3,70,old
607,2.7478647232055664,1.9760621072808777,obse,soup_scene3,70,old
608,2.7522590160369873,1.9760993443181336,obse,soup_scene3,70,old
609,2.756516456604004,1.9779747556759757,obse,soup_scene3,70,old
610,2.7607181072235107,1.9779747556759757,obse,soup_scene3,70,old
611,2.7651009559631348,1.9825029240949807,obse,soup_scene3,70,old
612,2.7694897651672363,1.982535954794661,obse,soup_scene3,70,old
613,2.7739431858062744,1.9858263052361491,obse,soup_scene3,70,old
614,2.7787797451019287,1.988808837946628,obse,soup_scene3,70,old
615,2.782886266708374,1.988808837946628,obse,soup_scene3,70,old
616,2.7873082160949707,1.989343608764364,obse,soup_scene3,70,old
617,2.791543960571289,1.989343608764364,obse,soup_scene3,70,old
618,2.796567916870117,1.9914113901790185,obse,soup_scene3,70,old
619,2.800839900970459,1.9832431830293968,obse,soup_scene3,70,old
620,2.805366039276123,1.9850685542881688,obse,soup_scene3,70,old
621,2.8095836639404297,1.9850685542881688,obse,soup_scene3,70,old
622,2.8139219284057617,1.9865833231418648,obse,soup_scene3,70,old
623,2.818150520324707,1.9863837953337478,obse,soup_scene3,70,old
624,2.822695732116699,1.987562855824113,obse,soup_scene3,70,old
625,2.826852321624756,1.988477334510357,obse,soup_scene3,70,old
626,2.8309502601623535,1.988477334510357,obse,soup_scene3,70,old
627,2.835245132446289,1.988477334510357,obse,soup_scene3,70,old
628,2.8396952152252197,1.9894599844331788,obse,soup_scene3,70,old
629,2.8439531326293945,1.9894599844331788,obse,soup_scene3,70,old
630,2.848299741744995,1.9907946405729073,obse,soup_scene3,70,old
631,2.852487087249756,1.9907946405729073,obse,soup_scene3,70,old
632,2.8573477268218994,1.9688364259251139,obse,soup_scene3,70,old
633,2.861557960510254,1.9688795297729138,obse,soup_scene3,70,old
634,2.865809917449951,1.9692700191884063,obse,soup_scene3,70,old
635,2.870452642440796,1.9704314779145295,obse,soup_scene3,70,old
636,2.8746285438537598,1.9704314779145295,obse,soup_scene3,70,old
637,2.879155397415161,1.971557214267347,obse,soup_scene3,70,old
638,2.883300542831421,1.971557214267347,obse,soup_scene3,70,old
639,2.887659788131714,1.9735068339833381,obse,soup_scene3,70,old
640,2.891932487487793,1.9735068339833381,obse,soup_scene3,70,old
641,2.8963725566864014,1.9748211294653994,obse,soup_scene3,70,old
642,2.901066303253174,1.9748211294653994,obse,soup_scene3,70,old
643,2.905555009841919,1.97565511929176,obse,soup_scene3,70,old
644,2.909940242767334,1.9757082352929618,obse,soup_scene3,70,old
645,2.914311647415161,1.977122247796317,obse,soup_scene3,70,old
646,2.918522357940674,1.977122247796317,obse,soup_scene3,70,old
647,2.922982931137085,1.9503524126227645,obse,soup_scene3,70,old
648,2.9271914958953857,1.9463652639826512,obse,soup_scene3,70,old
649,2.9316041469573975,1.9466611625498682,obse,soup_scene3,70,old
650,2.9354805946350098,1.9466611625498682,obse,soup_scene3,70,old
651,2.9397904872894287,1.9466611625498682,obse,soup_scene3,70,old
652,2.94401216506958,1.9473143427198216,obse,soup_scene3,70,old
653,2.9479267597198486,1.9473143427198216,obse,soup_scene3,70,old
654,2.952150583267212,1.9473143427198216,obse,soup_scene3,70,old
655,2.956624746322632,1.9477437420329535,obse,soup_scene3,70,old
656,2.9608333110809326,1.9477437420329535,obse,soup_scene3,70,old
657,2.9651882648468018,1.9477437420329535,obse,soup_scene3,70,old
658,2.9695518016815186,1.9474720709057378,obse,soup_scene3,70,old
659,2.97387433052063,1.9474720709057378,obse,soup_scene3,70,old
660,2.9782156944274902,1.948279922160401,obse,soup_scene3,70,old
661,2.982656955718994,1.948279922160401,obse,soup_scene3,70,old
662,2.987006902694702,1.9245271308458034,obse,soup_scene3,70,old
663,2.9912025928497314,1.9245271308458034,obse,soup_scene3,70,old
664,2.995469093322754,1.9203427142111544,obse,soup_scene3,70,old
665,2.9999423027038574,1.92025330985042,obse,soup_scene3,70,old
666,3.0042531490325928,1.92025330985042,obse,soup_scene3,70,old
667,3.008490800857544,1.9206765114974285,obse,soup_scene3,70,old
668,3.0125739574432373,1.9206765114974285,obse,soup_scene3,70,old
669,3.0165905952453613,1.9202694725180416,obse,soup_scene3,70,old
670,3.0208489894866943,1.92022945340076,obse,soup_scene3,70,old
671,3.0248959064483643,1.92022945340076,obse,soup_scene3,70,old
672,3.029130697250366,1.9202122642179373,obse,soup_scene3,70,old
673,3.033768892288208,1.9203751421982427,obse,soup_scene3,70,old
674,3.0385537147521973,1.9203751421982427,obse,soup_scene3,70,old
675,3.04301381111145,1.9201457124814298,obse,soup_scene3,70,old
676,3.046996593475342,1.9201457124814298,obse,soup_scene3,70,old
677,3.051584243774414,1.9201457124814298,obse,soup_scene3,70,old
678,3.0580859184265137,1.9202407564329336,obse,soup_scene3,70,old
679,3.0645763874053955,1.924874069876212,obse,soup_scene3,70,old
680,3.0704495906829834,1.9248706805634639,obse,soup_scene3,70,old
681,3.07531476020813,1.9251444963733473,obse,soup_scene3,70,old
682,3.0796561241149902,1.9249569376958815,obse,soup_scene3,70,old
683,3.0840117931365967,1.9253058502945664,obse,soup_scene3,70,old
684,3.0884058475494385,1.9251098756380993,obse,soup_scene3,70,old
685,3.094974994659424,1.9253680936467514,obse,soup_scene3,70,old
686,3.1008989810943604,1.9249778978236833,obse,soup_scene3,70,old
687,3.1061465740203857,1.9251420908779557,obse,soup_scene3,70,old
688,3.1104557514190674,1.9251098830101319,obse,soup_scene3,70,old
689,3.11492657661438,1.925210706211449,obse,soup_scene3,70,old
690,3.1193177700042725,1.8899503083771427,obse,soup_scene3,70,old
691,3.1237268447875977,1.8867581950302958,obse,soup_scene3,70,old
692,3.128148078918457,1.885656343172281,obse,soup_scene3,70,old
693,3.132509708404541,1.8858000305455795,obse,soup_scene3,70,old
694,3.1368112564086914,1.8857144986997956,obse,soup_scene3,70,old
695,3.1412599086761475,1.8856551557330348,obse,soup_scene3,70,old
696,3.1454591751098633,1.8855066666254685,obse,soup_scene3,70,old
697,3.149631977081299,1.8855066666254685,obse,soup_scene3,70,old
698,3.154033660888672,1.8856657549985187,obse,soup_scene3,70,old
699,3.158038854598999,1.8856657549985187,obse,soup_scene3,70,old
700,3.162381649017334,1.8855255788619392,obse,soup_scene3,70,old
701,3.1663761138916016,1.8855255788619392,obse,soup_scene3,70,old
702,3.1707053184509277,1.8858756862949144,obse,soup_scene3,70,old
703,3.1749696731567383,1.8858756862949144,obse,soup_scene3,70,old
704,3.1793174743652344,1.88566145851849,obse,soup_scene3,70,old
705,3.1833431720733643,1.88566145851849,obse,soup_scene3,70,old
706,3.1875836849212646,1.8858521341347811,obse,soup_scene3,70,old
707,3.1917331218719482,1.8858521341347811,obse,soup_scene3,70,old
708,3.196103811264038,1.8855982817079293,obse,soup_scene3,70,old
709,3.2002665996551514,1.8855982817079293,obse,soup_scene3,70,old
710,3.2047741413116455,1.8855606043157782,obse,soup_scene3,70,old
711,3.2089571952819824,1.8764590138845754,obse,soup_scene3,70,old
712,3.2133054733276367,1.876193889741604,obse,soup_scene3,70,old
713,3.217454433441162,1.8762052531482194,obse,soup_scene3,70,old
714,3.221754550933838,1.8763977639112361,obse,soup_scene3,70,old
715,3.2258288860321045,1.8763977639112361,obse,soup_scene3,70,old
716,3.23012375831604,1.876389607332597,obse,soup_scene3,70,old
717,3.2343027591705322,1.876389607332597,obse,soup_scene3,70,old
718,3.238565683364868,1.8765507124319123,obse,soup_scene3,70,old
719,3.242885112762451,1.876517095810992,obse,soup_scene3,70,old
720,3.2471320629119873,1.876299877026467,obse,soup_scene3,70,old
721,3.2519891262054443,1.8767500500789076,obse,soup_scene3,70,old
722,3.258500576019287,1.877006536885281,obse,soup_scene3,70,old
723,3.263375997543335,1.876819678029542,obse,soup_scene3,70,old
724,3.267723321914673,1.8764383244538418,obse,soup_scene3,70,old
725,3.2721288204193115,1.906159545946417,obse,soup_scene3,70,old
726,3.2765727043151855,1.906159545946417,obse,soup_scene3,70,old
727,3.281102418899536,1.9116264558789118,obse,soup_scene3,70,old
728,3.2854433059692383,1.911922883810468,obse,soup_scene3,70,old
729,3.289926528930664,1.91212980619134,obse,soup_scene3,70,old
730,3.294633388519287,1.9115574605894676,obse,soup_scene3,70,old
731,3.2991552352905273,1.9115574605894676,obse,soup_scene3,70,old
732,3.3035075664520264,1.9115445994044737,obse,soup_scene3,70,old
733,3.308032512664795,1.9114879010380472,obse,soup_scene3,70,old
734,3.3125860691070557,1.9118494271166837,obse,soup_scene3,70,old
735,3.316539764404297,1.9118494271166837,obse,soup_scene3,70,old
736,3.3210153579711914,1.9119230963646743,obse,soup_scene3,70,old
737,3.325333595275879,1.9119230963646743,obse,soup_scene3,70,old
738,3.3298230171203613,1.9117899214983802,obse,soup_scene3,70,old
739,3.3341455459594727,1.9122686517529088,obse,soup_scene3,70,old
740,3.3388006687164307,1.8790122694870748,obse,soup_scene3,70,old
741,3.343482255935669,1.876467599919536,obse,soup_scene3,70,old
742,3.347834348678589,1.8757660675057632,obse,soup_scene3,70,old
743,3.3520965576171875,1.8757660675057632,obse,soup_scene3,70,old
744,3.3565685749053955,1.8760919851856106,obse,soup_scene3,70,old
745,3.360807180404663,1.8764305741719487,obse,soup_scene3,70,old
746,3.3654541969299316,1.8765999543395437,obse,soup_scene3,70,old
747,3.369884967803955,1.8764498290288925,obse,soup_scene3,70,old
748,3.3743176460266113,1.8764498290288925,obse,soup_scene3,70,old
749,3.3786046504974365,1.8769028832757049,obse,soup_scene3,70,old
750,3.382844924926758,1.8830762330545827,obse,soup_scene3,70,old
751,3.3871188163757324,1.8847652809962265,obse,soup_scene3,70,old
752,3.3911292552948,1.8847652809962265,obse,soup_scene3,70,old
753,3.395360231399536,1.8855725696798986,obse,soup_scene3,70,old
754,3.399453639984131,1.8855725696798986,obse,soup_scene3,70,old
755,3.4038329124450684,1.8863123864726639,obse,soup_scene3,70,old
756,3.4083030223846436,1.8863123864726639,obse,soup_scene3,70,old
757,3.41266131401062,1.8872577416591199,obse,soup_scene3,70,old
758,3.4167709350585938,1.8872577416591199,obse,soup_scene3,70,old
759,3.421017646789551,1.888508847497834,obse,soup_scene3,70,old
760,3.425081729888916,1.888508847497834,obse,soup_scene3,70,old
761,3.4294140338897705,1.889358252154427,obse,soup_scene3,70,old
762,3.4334425926208496,1.8893966651056093,obse,soup_scene3,70,old
763,3.4376609325408936,1.8907821325176646,obse,soup_scene3,70,old
764,3.4418301582336426,1.8907821325176646,obse,soup_scene3,70,old
765,3.446230411529541,1.891711197253629,obse,soup_scene3,70,old
766,3.4502065181732178,1.884884175606488,obse,soup_scene3,70,old
767,3.4546778202056885,1.8853750721751692,obse,soup_scene3,70,old
768,3.4586076736450195,1.8853750721751692,obse,soup_scene3,70,old
769,3.462905168533325,1.8864011207352267,obse,soup_scene3,70,old
770,3.467071771621704,1.8868209101553344,obse,soup_scene3,70,old
771,3.4712791442871094,1.8886676706857037,obse,soup_scene3,70,old
772,3.4766576290130615,1.8881647551255785,obse,soup_scene3,70,old
773,3.4810984134674072,1.8898355209129496,obse,soup_scene3,70,old
774,3.4853625297546387,1.8898967053000795,obse,soup_scene3,70,old
775,3.4897520542144775,1.8914659453510303,obse,soup_scene3,70,old
776,3.494101047515869,1.8928920710015373,obse,soup_scene3,70,old
777,3.4983108043670654,1.8928920710015373,obse,soup_scene3,70,old
778,3.5026614665985107,1.894786407971582,obse,soup_scene3,70,old
779,3.5070688724517822,1.894786407971582,obse,soup_scene3,70,old
780,3.5118558406829834,1.8968251582368338,obse,soup_scene3,70,old
781,3.516258716583252,1.8968251582368338,obse,soup_scene3,70,old
782,3.5205063819885254,1.5136123071716592,obse,soup_scene3,70,old
783,3.5246434211730957,1.4584590678839018,obse,soup_scene3,70,old
784,3.5290093421936035,1.4605234025209652,obse,soup_scene3,70,old
785,3.5330491065979004,1.4605234025209652,obse,soup_scene3,70,old
786,3.537338972091675,1.4629115811973366,obse,soup_scene3,70,old
787,3.541402816772461,1.4629115811973366,obse,soup_scene3,70,old
788,3.545628309249878,1.4652508130021404,obse,soup_scene3,70,old
789,3.549684762954712,1.4652508130021404,obse,soup_scene3,70,old
790,3.554001808166504,1.4672982193093353,obse,soup_scene3,70,old
791,3.558042287826538,1.4672982193093353,obse,soup_scene3,70,old
792,3.562333583831787,1.4704654056330415,obse,soup_scene3,70,old
793,3.5664236545562744,1.4704654056330415,obse,soup_scene3,70,old
794,3.5708374977111816,1.4730473635071037,obse,soup_scene3,70,old
795,3.5748658180236816,1.4730473635071037,obse,soup_scene3,70,old
796,3.5792157649993896,1.4756457656936506,obse,soup_scene3,70,old
797,3.583564043045044,1.4756457656936506,obse,soup_scene3,70,old
798,3.5879926681518555,0.3385738000152805,obse,soup_scene3,70,old
799,3.5920159816741943,0.22332769243336217,obse,soup_scene3,70,old
800,3.5965218544006348,0.2250449464818554,obse,soup_scene3,70,old
801,3.6006851196289062,0.2250449464818554,obse,soup_scene3,70,old
802,3.605161190032959,0.22695787991246205,obse,soup_scene3,70,old
803,3.60908842086792,0.22695787991246205,obse,soup_scene3,70,old
804,3.613607168197632,0.22932483442018,obse,soup_scene3,70,old
805,3.6176228523254395,0.22952538594552221,obse,soup_scene3,70,old
806,3.6219401359558105,0.23182472993142214,obse,soup_scene3,70,old
807,3.6260323524475098,0.23177285962005345,obse,soup_scene3,70,old
808,3.6303277015686035,0.23433352555057652,obse,soup_scene3,70,old
809,3.634465217590332,0.23412575367459493,obse,soup_scene3,70,old
810,3.638962507247925,0.23667905913277987,obse,soup_scene3,70,old
811,3.6430599689483643,0.23674421947514573,obse,soup_scene3,70,old
812,3.647355794906616,0.23943345748371392,obse,soup_scene3,70,old
813,3.6513688564300537,1.717985111782702,obse,soup_scene3,70,old
814,3.655811309814453,1.92657394842514,obse,soup_scene3,70,old
815,3.6597795486450195,1.92657394842514,obse,soup_scene3,70,old
816,3.6641578674316406,1.9301655153491972,obse,soup_scene3,70,old
817,3.668520450592041,1.934403198933334,obse,soup_scene3,70,old
818,3.672731876373291,1.934403198933334,obse,soup_scene3,70,old
819,3.677151679992676,1.938652242379833,obse,soup_scene3,70,old
820,3.681330919265747,1.938652242379833,obse,soup_scene3,70,old
821,3.6856071949005127,1.9444773650459368,obse,soup_scene3,70,old
822,3.6898653507232666,1.9444773650459368,obse,soup_scene3,70,old
823,3.6945815086364746,1.9492747404152904,obse,soup_scene3,70,old
824,3.69867205619812,1.9492747404152904,obse,soup_scene3,70,old
825,3.702932357788086,1.953219507977069,obse,soup_scene3,70,old
826,3.707252264022827,1.953219507977069,obse,soup_scene3,70,old
827,3.7116153240203857,1.9574035136087033,obse,soup_scene3,70,old
828,3.7158541679382324,1.9574035136087033,obse,soup_scene3,70,old
829,3.720197916030884,1.9617101322310295,obse,soup_scene3,70,old
830,3.7243812084198,0.3296457663833769,obse,soup_scene3,70,old
831,3.728672742843628,0.19321692042310282,obse,soup_scene3,70,old
832,3.732832193374634,0.19321692042310282,obse,soup_scene3,70,old
833,3.736938953399658,0.19322578840269844,obse,soup_scene3,70,old
834,3.7411091327667236,0.19601589975324457,obse,soup_scene3,70,old
835,3.7454023361206055,0.19601589975324457,obse,soup_scene3,70,old
836,3.749786853790283,0.19598917085619885,obse,soup_scene3,70,old
837,3.7539546489715576,0.19916771190959118,obse,soup_scene3,70,old
838,3.758812189102173,0.19916771190959118,obse,soup_scene3,70,old
839,3.7630629539489746,0.19992627938097457,obse,soup_scene3,70,old
840,3.7673206329345703,0.19992627938097457,obse,soup_scene3,70,old
841,3.7717244625091553,0.2045708636664898,obse,soup_scene3,70,old
842,3.7759063243865967,0.2045708636664898,obse,soup_scene3,70,old
843,3.7800941467285156,0.20821492641162453,obse,soup_scene3,70,old
844,3.7842891216278076,0.20821492641162453,obse,soup_scene3,70,old
845,3.788452386856079,0.21134973009381688,obse,soup_scene3,70,old
846,3.792552947998047,0.2114508414830434,obse,soup_scene3,70,old
847,3.7969088554382324,0.21486292411386745,obse,soup_scene3,70,old
848,3.801009178161621,0.21503281285425158,obse,soup_scene3,70,old
849,3.805325984954834,0.2201807673049612,obse,soup_scene3,70,old
850,3.8094353675842285,0.2201807673049612,obse,soup_scene3,70,old
851,3.8136026859283447,0.22005117078874253,obse,soup_scene3,70,old
852,3.8178791999816895,0.2238544901337619,obse,soup_scene3,70,old
853,3.8218324184417725,0.2238544901337619,obse,soup_scene3,70,old
854,3.8261566162109375,0.2259108893785396,obse,soup_scene3,70,old
855,3.8303568363189697,0.2259108893785396,obse,soup_scene3,70,old
856,3.834707498550415,0.22954347289941435,obse,soup_scene3,70,old
857,3.8390650749206543,0.22954347289941435,obse,soup_scene3,70,old
858,3.8433382511138916,0.23298253827074672,obse,soup_scene3,70,old
859,3.847536325454712,0.23298253827074672,obse,soup_scene3,70,old
860,3.8519489765167236,0.23298253827074672,obse,soup_scene3,70,old
861,3.856656789779663,0.22457561496609998,obse,soup_scene3,70,old
862,3.8610479831695557,0.22932813637596333,obse,soup_scene3,70,old
863,3.865232229232788,0.22932813637596333,obse,soup_scene3,70,old
864,3.8699307441711426,0.23337113980759105,obse,soup_scene3,70,old
865,3.8745036125183105,0.2378033090467445,obse,soup_scene3,70,old
866,3.8791706562042236,0.2429329515110324,obse,soup_scene3,70,old
867,3.8837201595306396,0.24719268889421941,obse,soup_scene3,70,old
868,3.888425827026367,0.25437504389047283,obse,soup_scene3,70,old
869,3.8933448791503906,0.25444702100397143,obse,soup_scene3,70,old
870,3.8981540203094482,0.26328225507134845,obse,soup_scene3,70,old
871,3.902665138244629,0.26718171048878475,obse,soup_scene3,70,old
872,3.9070847034454346,0.26718171048878475,obse,soup_scene3,70,old
873,3.9115326404571533,0.27158245755634924,obse,soup_scene3,70,old
874,3.915741443634033,0.27158245755634924,obse,soup_scene3,70,old
875,3.9201107025146484,0.2757458358153248,obse,soup_scene3,70,old
876,3.9247124195098877,0.3066713018837173,obse,soup_scene3,70,old
877,3.9296751022338867,0.31308618450312725,obse,soup_scene3,70,old
878,3.934487819671631,0.31308618450312725,obse,soup_scene3,70,old
879,3.9396567344665527,0.3182176166888316,obse,soup_scene3,70,old
880,3.9444169998168945,0.31839189364965326,obse,soup_scene3,70,old
881,3.9493160247802734,0.32280494466110354,obse,soup_scene3,70,old
882,3.95430588722229,0.32707905286085404,obse,soup_scene3,70,old
883,3.959019899368286,0.32707905286085404,obse,soup_scene3,70,old
884,3.9635651111602783,0.3315560890345503,obse,soup_scene3,70,old
885,3.967747211456299,0.3315560890345503,obse,soup_scene3,70,old
886,3.972285509109497,0.33662450606949273,obse,soup_scene3,70,old
887,3.976775646209717,0.33662450606949273,obse,soup_scene3,70,old
888,3.9812490940093994,0.3417743144746181,obse,soup_scene3,70,old
889,3.9855871200561523,0.3459039308021605,obse,soup_scene3,70,old
890,3.989975690841675,0.3459039308021605,obse,soup_scene3,70,old
891,3.9942965507507324,0.35041236741419923,obse,soup_scene3,70,old
892,3.9986798763275146,0.41655375867513744,obse,soup_scene3,70,old
893,4.003022193908691,0.42095294498982566,obse,soup_scene3,70,old
894,4.00736141204834,0.42387836692977565,obse,soup_scene3,70,old
895,4.011815547943115,0.42751711632278555,obse,soup_scene3,70,old
896,4.016485214233398,0.42751711632278555,obse,soup_scene3,70,old
897,4.020900011062622,0.4318863559624623,obse,soup_scene3,70,old
898,4.025053262710571,0.4318863559624623,obse,soup_scene3,70,old
899,4.029554843902588,0.4355411346415312,obse,soup_scene3,70,old
900,4.033689498901367,0.4355411346415312,obse,soup_scene3,70,old
901,4.03808069229126,0.4405814451392359,obse,soup_scene3,70,old
902,4.04234504699707,0.4405814451392359,obse,soup_scene3,70,old
903,4.046785831451416,0.44436615573078325,obse,soup_scene3,70,old
904,4.050888538360596,0.44476477013638427,obse,soup_scene3,70,old
905,4.055586099624634,0.4494521187861702,obse,soup_scene3,70,old
906,4.059801340103149,0.4529238112052866,obse,soup_scene3,70,old
907,4.064024925231934,0.4529238112052866,obse,soup_scene3,70,old
908,4.068392515182495,0.6976466461191274,obse,soup_scene3,70,old
909,4.072793245315552,0.7134735299420635,obse,soup_scene3,70,old
910,4.077033996582031,0.7139330376225879,obse,soup_scene3,70,old
911,4.081299304962158,0.7173269823576934,obse,soup_scene3,70,old
912,4.0857744216918945,0.7206502661237546,obse,soup_scene3,70,old
913,4.090102434158325,0.7206502661237546,obse,soup_scene3,70,old
914,4.094493865966797,0.7235674977040877,obse,soup_scene3,70,old
915,4.09874415397644,0.7235674977040877,obse,soup_scene3,70,old
916,4.1032092571258545,0.7338879761970416,obse,soup_scene3,70,old
917,4.107580661773682,0.7338879761970416,obse,soup_scene3,70,old
918,4.112049341201782,0.7359468846102336,obse,soup_scene3,70,old
919,4.116432428359985,0.7353587581428105,obse,soup_scene3,70,old
920,4.120890140533447,0.7380390086303874,obse,soup_scene3,70,old
921,4.125184774398804,0.7380390086303874,obse,soup_scene3,70,old
922,4.129696846008301,0.7393070658116605,obse,soup_scene3,70,old
923,4.133762836456299,0.7393070658116605,obse,soup_scene3,70,old
924,4.138295650482178,1.2642183125848692,obse,soup_scene3,70,old
925,4.142286777496338,1.2642183125848692,obse,soup_scene3,70,old
926,4.146544456481934,1.2661191151541225,obse,soup_scene3,70,old
927,4.151031970977783,1.3426793741375143,obse,soup_scene3,70,old
928,4.15511679649353,1.3426793741375143,obse,soup_scene3,70,old
929,4.159446954727173,1.3711305380039172,obse,soup_scene3,70,old
930,4.163688898086548,1.3729604639246127,obse,soup_scene3,70,old
931,4.168085336685181,1.3729604639246127,obse,soup_scene3,70,old
932,4.17265248298645,1.3735629740721593,obse,soup_scene3,70,old
933,4.177478551864624,1.3755181568454249,obse,soup_scene3,70,old
934,4.181560516357422,1.3755181568454249,obse,soup_scene3,70,old
935,4.18583869934082,1.3771409628949227,obse,soup_scene3,70,old
936,4.190007925033569,1.3771409628949227,obse,soup_scene3,70,old
937,4.1943442821502686,1.57072144632815,obse,soup_scene3,70,old
938,4.20045018196106,1.6034533873435257,obse,soup_scene3,70,old
939,4.205340147018433,1.6034533873435257,obse,soup_scene3,70,old
940,4.209465742111206,1.6033591785149661,obse,soup_scene3,70,old
941,4.2136945724487305,1.6049516939109383,obse,soup_scene3,70,old
942,4.218053340911865,1.6057436138453833,obse,soup_scene3,70,old
943,4.222402811050415,1.6081119376609652,obse,soup_scene3,70,old
944,4.226507902145386,1.6081119376609652,obse,soup_scene3,70,old
945,4.230932235717773,1.60921328620536,obse,soup_scene3,70,old
946,4.235085725784302,1.60921328620536,obse,soup_scene3,70,old
947,4.23941445350647,1.6092691713242213,obse,soup_scene3,70,old
948,4.243505954742432,1.610800537007101,obse,soup_scene3,70,old
949,4.2476911544799805,1.610800537007101,obse,soup_scene3,70,old
950,4.2517430782318115,1.610800537007101,obse,soup_scene3,70,old
951,4.256026268005371,1.6276399642596406,obse,soup_scene3,70,old
952,4.260387182235718,1.633316246378524,obse,soup_scene3,70,old
953,4.264681339263916,1.6333747269000798,obse,soup_scene3,70,old
954,4.268752813339233,1.6333747269000798,obse,soup_scene3,70,old
955,4.272870063781738,1.6350277099993462,obse,soup_scene3,70,old
956,4.277394533157349,1.6360022952204958,obse,soup_scene3,70,old
957,4.282089948654175,1.6373181082836037,obse,soup_scene3,70,old
958,4.2865211963653564,1.6388007531001334,obse,soup_scene3,70,old
959,4.290837049484253,1.639170177108686,obse,soup_scene3,70,old
960,4.295411109924316,1.6401490552885725,obse,soup_scene3,70,old
961,4.299933433532715,1.6416815018671236,obse,soup_scene3,70,old
962,4.304625988006592,1.6442494415685818,obse,soup_scene3,70,old
963,4.309392213821411,1.6449326676464489,obse,soup_scene3,70,old
964,4.314016342163086,1.6465693735804363,obse,soup_scene3,70,old
965,4.318626642227173,1.6471527510990616,obse,soup_scene3,70,old
966,4.323094367980957,1.5184215295343662,obse,soup_scene3,70,old
967,4.32763409614563,1.508342962608325,obse,soup_scene3,70,old
968,4.332158088684082,1.5071818182922994,obse,soup_scene3,70,old
969,4.337001800537109,1.5082284077625252,obse,soup_scene3,70,old
970,4.341246128082275,1.5082284077625252,obse,soup_scene3,70,old
971,4.345883846282959,1.5091436020510411,obse,soup_scene3,70,old
972,4.35047721862793,1.5091436020510411,obse,soup_scene3,70,old
973,4.354795455932617,1.5102333633629483,obse,soup_scene3,70,old
974,4.3590545654296875,1.5102333633629483,obse,soup_scene3,70,old
975,4.363525867462158,1.5105236451324477,obse,soup_scene3,70,old
976,4.367722272872925,1.5105236451324477,obse,soup_scene3,70,old
977,4.372291326522827,1.5103132325891466,obse,soup_scene3,70,old
978,4.376471281051636,1.510778085864797,obse,soup_scene3,70,old
979,4.3809332847595215,1.5111759994386638,obse,soup_scene3,70,old
980,4.385180711746216,1.5111759994386638,obse,soup_scene3,70,old
981,4.389663219451904,1.5111304541420512,obse,soup_scene3,70,old
982,4.393851041793823,1.5111304541420512,obse,soup_scene3,70,old
983,4.398310899734497,1.5117313428532344,obse,soup_scene3,70,old
984,4.402726888656616,1.5084625106534804,obse,soup_scene3,70,old
985,4.407022714614868,1.5079733852976067,obse,soup_scene3,70,old
986,4.411391019821167,1.5082272715777079,obse,soup_scene3,70,old
987,4.415576457977295,1.5082272715777079,obse,soup_scene3,70,old
988,4.420072793960571,1.508894282321743,obse,soup_scene3,70,old
989,4.424306154251099,1.508894282321743,obse,soup_scene3,70,old
990,4.428668022155762,1.517229400702891,obse,soup_scene3,70,old
991,4.432909965515137,1.517229400702891,obse,soup_scene3,70,old
992,4.437567234039307,1.5174181052807159,obse,soup_scene3,70,old
993,4.441801309585571,1.5174181052807159,obse,soup_scene3,70,old
994,4.446207523345947,1.5175963539893655,obse,soup_scene3,70,old
995,4.450462818145752,1.5175963539893655,obse,soup_scene3,70,old
996,4.455042600631714,1.5174368579811983,obse,soup_scene3,70,old
997,4.4595701694488525,1.5047913828997728,obse,soup_scene3,70,old
998,4.464468240737915,1.503753994676459,obse,soup_scene3,70,old
999,4.46893310546875,1.5050928487182196,obse,soup_scene3,70,old
1000,4.473382949829102,1.5052304444387508,obse,soup_scene3,70,old
1001,4.477954149246216,1.505503120298258,obse,soup_scene3,70,old
1002,4.482548236846924,1.505503120298258,obse,soup_scene3,70,old
1003,4.487130165100098,1.5052788956290681,obse,soup_scene3,70,old
1004,4.491600513458252,1.5052788956290681,obse,soup_scene3,70,old
1005,4.496385097503662,1.5053863412260984,obse,soup_scene3,70,old
1006,4.500866413116455,1.5056900811946248,obse,soup_scene3,70,old
1007,4.505798578262329,1.5054526641325041,obse,soup_scene3,70,old
1008,4.510455846786499,1.50526954434733,obse,soup_scene3,70,old
1009,4.516111612319946,1.50526954434733,obse,soup_scene3,70,old
1010,4.520871877670288,1.504757732886284,obse,soup_scene3,70,old
1011,4.524939775466919,1.504757732886284,obse,soup_scene3,70,old
1012,4.530083179473877,1.388947786385446,obse,soup_scene3,70,old
1013,4.534723997116089,1.388924703918968,obse,soup_scene3,70,old
1014,4.539597988128662,1.3880155288200484,obse,soup_scene3,70,old
1015,4.544014930725098,1.3878402751431782,obse,soup_scene3,70,old
1016,4.5484230518341064,1.3878402751431782,obse,soup_scene3,70,old
1017,4.553138732910156,1.3867814170170718,obse,soup_scene3,70,old
1018,4.557563543319702,1.3867814170170718,obse,soup_scene3,70,old
1019,4.562092065811157,1.3867834296558115,obse,soup_scene3,70,old
1020,4.566307306289673,1.3867834296558115,obse,soup_scene3,70,old
1021,4.570844411849976,1.3864379328026026,obse,soup_scene3,70,old
1022,4.574985980987549,1.3864379328026026,obse,soup_scene3,70,old
1023,4.579576253890991,1.367157351009582,obse,soup_scene3,70,old
1024,4.583675146102905,1.3669735554999398,obse,soup_scene3,70,old
1025,4.588045120239258,1.3669584639863428,obse,soup_scene3,70,old
1026,4.5921630859375,1.3669584639863428,obse,soup_scene3,70,old
1027,4.596751689910889,1.3574015201067935,obse,soup_scene3,70,old
1028,4.601038932800293,1.353672266179287,obse,soup_scene3,70,old
1029,4.605584383010864,1.3539650830460443,obse,soup_scene3,70,old
1030,4.609764575958252,1.357541594338275,obse,soup_scene3,70,old
1031,4.614107370376587,1.3574521946750036,obse,soup_scene3,70,old
1032,4.618370056152344,1.3570230804760062,obse,soup_scene3,70,old
1033,4.622753620147705,1.3588765928646716,obse,soup_scene3,70,old
1034,4.626999855041504,1.3593821138756024,obse,soup_scene3,70,old
1035,4.631257057189941,1.3593821138756024,obse,soup_scene3,70,old
1036,4.635602951049805,1.355708159049125,obse,soup_scene3,70,old
1037,4.639939069747925,1.355708159049125,obse,soup_scene3,70,old
1038,4.6443188190460205,1.3559773132940345,obse,soup_scene3,70,old
1039,4.648528814315796,1.3559773132940345,obse,soup_scene3,70,old
1040,4.6527838706970215,1.354442284929549,obse,soup_scene3,70,old
1041,4.656923532485962,1.354442284929549,obse,soup_scene3,70,old
1042,4.661333084106445,1.3544551824251405,obse,soup_scene3,70,old
1043,4.665719032287598,1.3658096003246385,obse,soup_scene3,70,old
1044,4.670619010925293,1.3659152151731035,obse,soup_scene3,70,old
1045,4.674703121185303,1.366159755576457,obse,soup_scene3,70,old
1046,4.679176330566406,1.3661734939680477,obse,soup_scene3,70,old
1047,4.683332443237305,1.3661734939680477,obse,soup_scene3,70,old
1048,4.687736749649048,1.3658409826667839,obse,soup_scene3,70,old
1049,4.6918628215789795,1.3658409826667839,obse,soup_scene3,70,old
1050,4.696421146392822,1.3661195978668346,obse,soup_scene3,70,old
1051,4.700525283813477,1.3661195978668346,obse,soup_scene3,70,old
1052,4.705062389373779,1.366125054419558,obse,soup_scene3,70,old
1053,4.709280967712402,1.366125054419558,obse,soup_scene3,70,old
1054,4.713632345199585,1.3657627492962412,obse,soup_scene3,70,old
1055,4.7176971435546875,1.3657627492962412,obse,soup_scene3,70,old
1056,4.722273349761963,1.0764331631073143,obse,soup_scene3,70,old
1057,4.726475954055786,1.0764821143018153,obse,soup_scene3,70,old
1058,4.730927467346191,1.0544774632701315,obse,soup_scene3,70,old
1059,4.735208034515381,1.0540106572059018,obse,soup_scene3,70,old
1060,4.739859104156494,1.05381563208694,obse,soup_scene3,70,old
1061,4.744058132171631,1.0822931414142223,obse,soup_scene3,70,old
1062,4.748293876647949,1.0822931414142223,obse,soup_scene3,70,old
1063,4.752702474594116,1.0844493069589403,obse,soup_scene3,70,old
1064,4.7569191455841064,1.0844493069589403,obse,soup_scene3,70,old
1065,4.761308670043945,1.0880250910626805,obse,soup_scene3,70,old
1066,4.765537261962891,1.0880250910626805,obse,soup_scene3,70,old
1067,4.769993543624878,1.089966090127199,obse,soup_scene3,70,old
1068,4.774266242980957,1.089966090127199,obse,soup_scene3,70,old
1069,4.778849840164185,1.09305912733275,obse,soup_scene3,70,old
1070,4.782923460006714,1.09305912733275,obse,soup_scene3,70,old
1071,4.787436485290527,1.095904175501683,obse,soup_scene3,70,old
1072,4.791404724121094,1.095904175501683,obse,soup_scene3,70,old
1073,4.795923233032227,1.09941962473157,obse,soup_scene3,70,old
1074,4.800010919570923,1.09941962473157,obse,soup_scene3,70,old
1075,4.804619312286377,0.8722739106924757,obse,soup_scene3,70,old
1076,4.8092546463012695,0.846340225326728,obse,soup_scene3,70,old
1077,4.814061641693115,0.844283943565132,obse,soup_scene3,70,old
1078,4.818540096282959,0.8442943367105449,obse,soup_scene3,70,old
1079,4.8229265213012695,0.8485404370142846,obse,soup_scene3,70,old
1080,4.827368974685669,0.8482074777820026,obse,soup_scene3,70,old
1081,4.831689119338989,0.8525543469996288,obse,soup_scene3,70,old
1082,4.836025714874268,0.8562219870973008,obse,soup_scene3,70,old
1083,4.840324640274048,0.8562219870973008,obse,soup_scene3,70,old
1084,4.8447253704071045,0.8599335548545352,obse,soup_scene3,70,old
1085,4.84892201423645,0.8599335548545352,obse,soup_scene3,70,old
1086,4.853494882583618,0.8633734711980721,obse,soup_scene3,70,old
1087,4.8576390743255615,0.8469331649053345,obse,soup_scene3,70,old
1088,4.861979246139526,0.8490879707436427,obse,soup_scene3,70,old
1089,4.866047620773315,0.8490879707436427,obse,soup_scene3,70,old
1090,4.870228052139282,0.8527300983412536,obse,soup_scene3,70,old
1091,4.874574184417725,0.8527300983412536,obse,soup_scene3,70,old
1092,4.878853797912598,0.8563312052586961,obse,soup_scene3,70,old
1093,4.882979869842529,0.8563312052586961,obse,soup_scene3,70,old
1094,4.887326240539551,0.8554636740947165,obse,soup_scene3,70,old
1095,4.891544342041016,0.8554636740947165,obse,soup_scene3,70,old
1096,4.896130800247192,0.8557157914811475,obse,soup_scene3,70,old
1097,4.900909900665283,0.8557157914811475,obse,soup_scene3,70,old
1098,4.9059600830078125,0.8560313344080926,obse,soup_scene3,70,old
1099,4.910825967788696,0.854631550955961,obse,soup_scene3,70,old
1100,4.915065288543701,0.854631550955961,obse,soup_scene3,70,old
1101,4.919568061828613,0.8561889702656831,obse,soup_scene3,70,old
1102,4.923932075500488,0.8561889702656831,obse,soup_scene3,70,old
1103,4.928386688232422,1.055886609056282,obse,soup_scene3,70,old
1104,4.932751417160034,1.0797681326499549,obse,soup_scene3,70,old
1105,4.937247037887573,1.0796178847415216,obse,soup_scene3,70,old
1106,4.941412925720215,1.0796178847415216,obse,soup_scene3,70,old
1107,4.945793390274048,1.0798042045874714,obse,soup_scene3,70,old
1108,4.950023412704468,1.0801318842601315,obse,soup_scene3,70,old
1109,4.95434045791626,1.0801318842601315,obse,soup_scene3,70,old
1110,4.958411455154419,1.0796979109766902,obse,soup_scene3,70,old
1111,4.962797403335571,1.0802837840280404,obse,soup_scene3,70,old
1112,4.966975688934326,1.0803199025582593,obse,soup_scene3,70,old
1113,4.9716267585754395,1.0808481847465063,obse,soup_scene3,70,old
1114,4.97589111328125,1.0808526914518004,obse,soup_scene3,70,old
1115,4.980316638946533,1.0805644693483845,obse,soup_scene3,70,old
1116,4.984467029571533,1.0810015881442914,obse,soup_scene3,70,old
1117,4.988433122634888,1.0810015881442914,obse,soup_scene3,70,old
1118,4.99247407913208,1.0810015881442914,obse,soup_scene3,70,old
1119,4.99661660194397,1.0802758265234047,obse,soup_scene3,70,old
1120,5.00092625617981,1.0802758265234047,obse,soup_scene3,70,old
1121,5.005208969116211,1.2097419633180495,obse,soup_scene3,70,old
1122,5.009565353393555,1.2102817440800209,obse,soup_scene3,70,old
1123,5.013814687728882,1.2097032091597326,obse,soup_scene3,70,old
1124,5.0181238651275635,1.210807447899772,obse,soup_scene3,70,old
1125,5.0225348472595215,1.210807447899772,obse,soup_scene3,70,old
1126,5.0267250537872314,1.211297539350104,obse,soup_scene3,70,old
1127,5.031096935272217,1.211297539350104,obse,soup_scene3,70,old
1128,5.035340070724487,1.2113074245242406,obse,soup_scene3,70,old
1129,5.03962254524231,1.211089147725185,obse,soup_scene3,70,old
1130,5.043853282928467,1.211089147725185,obse,soup_scene3,70,old
1131,5.048122406005859,1.2106841865517826,obse,soup_scene3,70,old
1132,5.052269697189331,1.2107123237571036,obse,soup_scene3,70,old
1133,5.056640386581421,1.2107123237571036,obse,soup_scene3,70,old
1134,5.06092095375061,1.2106376853401628,obse,soup_scene3,70,old
1135,5.065166711807251,1.2106376853401628,obse,soup_scene3,70,old
1136,5.069288015365601,1.3148595627219544,obse,soup_scene3,70,old
1137,5.073383808135986,1.3148595627219544,obse,soup_scene3,70,old
1138,5.078049182891846,1.314802448004839,obse,soup_scene3,70,old
1139,5.082799434661865,1.3293351345714104,obse,soup_scene3,70,old
1140,5.08737587928772,1.3286378778042107,obse,soup_scene3,70,old
1141,5.091825246810913,1.3297196148813575,obse,soup_scene3,70,old
1142,5.096308469772339,1.3298645577831762,obse,soup_scene3,70,old
1143,5.100741147994995,1.3297083781187176,obse,soup_scene3,70,old
1144,5.10549521446228,1.3298304723290415,obse,soup_scene3,70,old
1145,5.11052131652832,1.328849661084447,obse,soup_scene3,70,old
1146,5.115047216415405,1.3290968734799051,obse,soup_scene3,70,old
1147,5.119412899017334,1.3290968734799051,obse,soup_scene3,70,old
1148,5.124128818511963,1.328868641629899,obse,soup_scene3,70,old
1149,5.129350423812866,0.8314600365721231,obse,soup_scene3,70,old
1150,5.1372222900390625,0.7666281543851438,obse,soup_scene3,70,old
1151,5.14219069480896,0.7593577915211173,obse,soup_scene3,70,old
1152,5.149223566055298,0.76011592943135,obse,soup_scene3,70,old
1153,5.153980493545532,0.759824544967303,obse,soup_scene3,70,old
1154,5.158140182495117,0.759824544967303,obse,soup_scene3,70,old
1155,5.162942886352539,0.7582958984073965,obse,soup_scene3,70,old
1156,5.16701602935791,0.7582958984073965,obse,soup_scene3,70,old
1157,5.171785354614258,0.7569448538241114,obse,soup_scene3,70,old
1158,5.176095247268677,0.7570033672094619,obse,soup_scene3,70,old
1159,5.180675506591797,0.7573175620713232,obse,soup_scene3,70,old
1160,5.185057640075684,0.7577501900588528,obse,soup_scene3,70,old
1161,5.189397811889648,0.7577501900588528,obse,soup_scene3,70,old
1162,5.193784236907959,0.7574674938849592,obse,soup_scene3,70,old
1163,5.198174715042114,0.6913039101830802,obse,soup_scene3,70,old
1164,5.202605485916138,0.6917412901242891,obse,soup_scene3,70,old
1165,5.207051753997803,0.6893564824619519,obse,soup_scene3,70,old
1166,5.211589574813843,0.6901045502778826,obse,soup_scene3,70,old
1167,5.215727806091309,0.6901045502778826,obse,soup_scene3,70,old
1168,5.220228910446167,0.6896139026846012,obse,soup_scene3,70,old
1169,5.2244038581848145,0.6896139026846012,obse,soup_scene3,70,old
1170,5.228848695755005,0.6876317080345663,obse,soup_scene3,70,old
1171,5.2332000732421875,0.6876317080345663,obse,soup_scene3,70,old
1172,5.237847089767456,0.6881513926871687,obse,soup_scene3,70,old
1173,5.242149829864502,0.6881513926871687,obse,soup_scene3,70,old
1174,5.2466881275177,0.6890892920666064,obse,soup_scene3,70,old
1175,5.25086236000061,0.6886794793914972,obse,soup_scene3,70,old
1176,5.255353689193726,0.6884827199200758,obse,soup_scene3,70,old
1177,5.259625196456909,0.6884413918143747,obse,soup_scene3,70,old
1178,5.264104604721069,0.6904006641783811,obse,soup_scene3,70,old
1179,5.268437147140503,0.8416916141603367,obse,soup_scene3,70,old
1180,5.272993087768555,0.8530119070995228,obse,soup_scene3,70,old
1181,5.27741265296936,0.8529543855912051,obse,soup_scene3,70,old
1182,5.281868934631348,0.8529543855912051,obse,soup_scene3,70,old
1183,5.286295413970947,0.8533261120523594,obse,soup_scene3,70,old
1184,5.290393590927124,0.8533261120523594,obse,soup_scene3,70,old
1185,5.294909477233887,0.8551542674923592,obse,soup_scene3,70,old
1186,5.299054145812988,0.8551542674923592,obse,soup_scene3,70,old
1187,5.303850412368774,0.8532882641842748,obse,soup_scene3,70,old
1188,5.307990550994873,0.8532882641842748,obse,soup_scene3,70,old
1189,5.312497138977051,0.8522706487102636,obse,soup_scene3,70,old
1190,5.31669545173645,0.8522706487102636,obse,soup_scene3,70,old
1191,5.321023941040039,0.8527599802843192,obse,soup_scene3,70,old
1192,5.325189828872681,0.8527599802843192,obse,soup_scene3,70,old
1193,5.329802989959717,0.6938223831674307,obse,soup_scene3,70,old
1194,5.33418083190918,0.6938223831674307,obse,soup_scene3,70,old
1195,5.339149713516235,0.6939315391361333,obse,soup_scene3,70,old
1196,5.34337306022644,0.6939315391361333,obse,soup_scene3,70,old
1197,5.347823143005371,0.6952790340280596,obse,soup_scene3,70,old
1198,5.352026700973511,0.6952790340280596,obse,soup_scene3,70,old
1199,5.356326580047607,0.6952790340280596,obse,soup_scene3,70,old
1200,5.360513210296631,0.6947402474062606,obse,soup_scene3,70,old
1201,5.364819288253784,0.6947402474062606,obse,soup_scene3,70,old
1202,5.369036674499512,0.6947402474062606,obse,soup_scene3,70,old
1203,5.373399496078491,0.6950890865786401,obse,soup_scene3,70,old
1204,5.3776280879974365,0.6950890865786401,obse,soup_scene3,70,old
1205,5.381896495819092,0.6950890865786401,obse,soup_scene3,70,old
1206,5.386166334152222,0.6958636965970948,obse,soup_scene3,70,old
1207,5.3903772830963135,0.4844213719240412,obse,soup_scene3,70,old
1208,5.394604921340942,0.4844213719240412,obse,soup_scene3,70,old
1209,5.398796319961548,0.4830963857714913,obse,soup_scene3,70,old
1210,5.403806209564209,0.4830963857714913,obse,soup_scene3,70,old
1211,5.408512830734253,0.46463391752214234,obse,soup_scene3,70,old
1212,5.412790775299072,0.46588383537074785,obse,soup_scene3,70,old
1213,5.417232513427734,0.46502186411499596,obse,soup_scene3,70,old
1214,5.421576976776123,0.4647998106041414,obse,soup_scene3,70,old
1215,5.4258904457092285,0.46427151062198885,obse,soup_scene3,70,old
1216,5.4302592277526855,0.46427151062198885,obse,soup_scene3,70,old
1217,5.434491395950317,0.46474534278360086,obse,soup_scene3,70,old
1218,5.438983201980591,0.46591714936001943,obse,soup_scene3,70,old
1219,5.443396806716919,0.4659425751927873,obse,soup_scene3,70,old
1220,5.447611331939697,0.46638154929862724,obse,soup_scene3,70,old
1221,5.452199220657349,0.46638154929862724,obse,soup_scene3,70,old
1222,5.456586599349976,0.4659722721703952,obse,soup_scene3,70,old
1223,5.461038589477539,0.8183920875224743,obse,soup_scene3,70,old
1224,5.465541124343872,0.8182991193622251,obse,soup_scene3,70,old
1225,5.469715356826782,0.8182991193622251,obse,soup_scene3,70,old
1226,5.474169731140137,0.8219598613236062,obse,soup_scene3,70,old
1227,5.478697299957275,0.8229687553491702,obse,soup_scene3,70,old
1228,5.483377933502197,0.8225549383145087,obse,soup_scene3,70,old
1229,5.4880170822143555,0.8211689715181523,obse,soup_scene3,70,old
1230,5.492917060852051,0.8210934558001365,obse,soup_scene3,70,old
1231,5.497758626937866,0.8207089724923751,obse,soup_scene3,70,old
1232,5.502489328384399,0.8218867999508559,obse,soup_scene3,70,old
1233,5.507367849349976,0.8224434579716116,obse,soup_scene3,70,old
1234,5.512587785720825,0.8217603591021353,obse,soup_scene3,70,old
1235,5.517700910568237,0.8212637470359121,obse,soup_scene3,70,old
1236,5.522729873657227,0.8210888890445375,obse,soup_scene3,70,old
1237,5.527841567993164,0.8209686764030798,obse,soup_scene3,70,old
1238,5.532856702804565,0.8209686764030798,obse,soup_scene3,70,old
1239,5.537954330444336,0.8219435420173309,obse,soup_scene3,70,old
1240,5.54292631149292,0.6698424852667005,obse,soup_scene3,70,old
1241,5.547962665557861,0.664014861889017,obse,soup_scene3,70,old
1242,5.552807807922363,0.6650276798948254,obse,soup_scene3,70,old
1243,5.557686805725098,0.6650276798948254,obse,soup_scene3,70,old
1244,5.562828540802002,0.6648325338475094,obse,soup_scene3,70,old
1245,5.567697048187256,0.664721400731843,obse,soup_scene3,70,old
1246,5.572333574295044,0.6642470883362587,obse,soup_scene3,70,old
1247,5.576539993286133,0.664233559697043,obse,soup_scene3,70,old
1248,5.580872297286987,0.6633987405171448,obse,soup_scene3,70,old
1249,5.585509777069092,0.6634069589987327,obse,soup_scene3,70,old
1250,5.5903730392456055,0.6639344356558461,obse,soup_scene3,70,old
1251,5.595245599746704,0.6632059098192108,obse,soup_scene3,70,old
1252,5.600138425827026,0.6334935239570485,obse,soup_scene3,70,old
1253,5.605299472808838,0.6319728884392913,obse,soup_scene3,70,old
1254,5.610167026519775,0.6318874009004587,obse,soup_scene3,70,old
1255,5.61507511138916,0.6320773367503056,obse,soup_scene3,70,old
1256,5.619972229003906,0.6317341507515212,obse,soup_scene3,70,old
1257,5.624161005020142,0.6319383369585927,obse,soup_scene3,70,old
1258,5.628840684890747,0.6318292278505001,obse,soup_scene3,70,old
1259,5.633690595626831,0.6321177065169477,obse,soup_scene3,70,old
1260,5.6388068199157715,0.6315618309935052,obse,soup_scene3,70,old
1261,5.643681764602661,0.6327625550631938,obse,soup_scene3,70,old
1262,5.648376703262329,0.6327625550631938,obse,soup_scene3,70,old
1263,5.6534264087677,0.6342272479577362,obse,soup_scene3,70,old
1264,5.658153533935547,0.6342272479577362,obse,soup_scene3,70,old
1265,5.663235664367676,0.5942514413887263,obse,soup_scene3,70,old
1266,5.668249607086182,0.5887599666574865,obse,soup_scene3,70,old
1267,5.673102855682373,0.5854339487125741,obse,soup_scene3,70,old
1268,5.678301811218262,0.5838915358492822,obse,soup_scene3,70,old
1269,5.683103799819946,0.5838915358492822,obse,soup_scene3,70,old
1270,5.687970399856567,0.5845993608634926,obse,soup_scene3,70,old
1271,5.692125082015991,0.5845993608634926,obse,soup_scene3,70,old
1272,5.696703672409058,0.585601921447337,obse,soup_scene3,70,old
1273,5.700969696044922,0.5856993035197376,obse,soup_scene3,70,old
1274,5.705595254898071,0.5864334005027082,obse,soup_scene3,70,old
1275,5.709849834442139,0.5863842835951553,obse,soup_scene3,70,old
1276,5.714194297790527,0.5864811752709113,obse,soup_scene3,70,old
1277,5.718562364578247,0.5861169432949316,obse,soup_scene3,70,old
1278,5.723107576370239,0.5636871702705963,obse,soup_scene3,70,old
1279,5.727564573287964,0.5616877896716097,obse,soup_scene3,70,old
1280,5.731815814971924,0.5616877896716097,obse,soup_scene3,70,old
1281,5.736492395401001,0.5603843384257592,obse,soup_scene3,70,old
1282,5.7409210205078125,0.5603843384257592,obse,soup_scene3,70,old
1283,5.745476007461548,0.560378326429695,obse,soup_scene3,70,old
1284,5.749820232391357,0.560378326429695,obse,soup_scene3,70,old
1285,5.754339933395386,0.5600156486086426,obse,soup_scene3,70,old
1286,5.7586588859558105,0.5600156486086426,obse,soup_scene3,70,old
1287,5.7631752490997314,0.5594702022947191,obse,soup_scene3,70,old
1288,5.767514705657959,0.5594702022947191,obse,soup_scene3,70,old
1289,5.772116661071777,0.5618306559222327,obse,soup_scene3,70,old
1290,5.777028322219849,0.5613956422292652,obse,soup_scene3,70,old
1291,5.781401634216309,0.5613467682692136,obse,soup_scene3,70,old
1292,5.785728693008423,0.5613066538588758,obse,soup_scene3,70,old
1293,5.790009498596191,0.5613066538588758,obse,soup_scene3,70,old
1294,5.794407367706299,0.5610110999436871,obse,soup_scene3,70,old
1295,5.798759460449219,0.4563095058782228,obse,soup_scene3,70,old
1296,5.803085565567017,0.45751419204845595,obse,soup_scene3,70,old
1297,5.8075690269470215,0.4534814881767958,obse,soup_scene3,70,old
1298,5.812142610549927,0.4528341084282731,obse,soup_scene3,70,old
1299,5.816586494445801,0.4528341084282731,obse,soup_scene3,70,old
1300,5.821019172668457,0.45247584255890416,obse,soup_scene3,70,old
1301,5.8252928256988525,0.45247584255890416,obse,soup_scene3,70,old
1302,5.829775094985962,0.4513833440181992,obse,soup_scene3,70,old
1303,5.833957195281982,0.4513833440181992,obse,soup_scene3,70,old
1304,5.838535785675049,0.4500958311956387,obse,soup_scene3,70,old
1305,5.8431079387664795,0.4500958311956387,obse,soup_scene3,70,old
1306,5.848572731018066,0.4513571365940806,obse,soup_scene3,70,old
1307,5.852957248687744,0.4528883061753369,obse,soup_scene3,70,old
1308,5.857154846191406,0.4528883061753369,obse,soup_scene3,70,old
1309,5.86137318611145,0.45396277614417935,obse,soup_scene3,70,old
1310,5.865612030029297,0.46876474213245856,obse,soup_scene3,70,old
1311,5.870282888412476,0.46839100830270103,obse,soup_scene3,70,old
1312,5.875309467315674,0.4696039336683713,obse,soup_scene3,70,old
1313,5.879658460617065,0.4686863900145919,obse,soup_scene3,70,old
1314,5.88364577293396,0.4686863900145919,obse,soup_scene3,70,old
1315,5.888004779815674,0.46816106569851706,obse,soup_scene3,70,old
1316,5.8922224044799805,0.46816106569851706,obse,soup_scene3,70,old
1317,5.896670341491699,0.46739670726351307,obse,soup_scene3,70,old
1318,5.900832891464233,0.46730872144986846,obse,soup_scene3,70,old
1319,5.905452013015747,0.4674580752102707,obse,soup_scene3,70,old
1320,5.909623861312866,0.46751107100347905,obse,soup_scene3,70,old
1321,5.914853096008301,0.4669035014960596,obse,soup_scene3,70,old
1322,5.919460296630859,0.46807489864468627,obse,soup_scene3,70,old
1323,5.923622369766235,0.46807489864468627,obse,soup_scene3,70,old
1324,5.930105924606323,0.7210428840745827,obse,soup_scene3,70,old
1325,5.936656713485718,0.7608688249203964,obse,soup_scene3,70,old
1326,5.943020820617676,0.7608252169761067,obse,soup_scene3,70,old
1327,5.947790861129761,0.7610123637084846,obse,soup_scene3,70,old
1328,5.951834678649902,0.7610123637084846,obse,soup_scene3,70,old
1329,5.956186771392822,0.7602925425853215,obse,soup_scene3,70,old
1330,5.9604105949401855,0.7592323849538303,obse,soup_scene3,70,old
1331,5.964866638183594,0.7592323849538303,obse,soup_scene3,70,old
1332,5.971328020095825,0.7591194522366734,obse,soup_scene3,70,old
1333,5.97612738609314,0.7590577975223182,obse,soup_scene3,70,old
1334,5.980499505996704,0.759183847497252,obse,soup_scene3,70,old
1335,5.984823703765869,0.7591347443171911,obse,soup_scene3,70,old
1336,5.989161968231201,0.5605838122704,obse,soup_scene3,70,old
1337,5.993545055389404,0.5255880949676293,obse,soup_scene3,70,old
1338,5.997985363006592,0.521218932195688,obse,soup_scene3,70,old
1339,6.002229928970337,0.5215611023788387,obse,soup_scene3,70,old
1340,6.007230758666992,0.5215611023788387,obse,soup_scene3,70,old
1341,6.0120038986206055,0.5216026850134805,obse,soup_scene3,70,old
1342,6.01691460609436,0.5198771308257651,obse,soup_scene3,70,old
1343,6.021417140960693,0.5189988055400273,obse,soup_scene3,70,old
1344,6.025681018829346,0.5189988055400273,obse,soup_scene3,70,old
1345,6.030076026916504,0.5205193949935931,obse,soup_scene3,70,old
1346,6.034262657165527,0.5203956872026501,obse,soup_scene3,70,old
1347,6.03865385055542,0.519287697577557,obse,soup_scene3,70,old
1348,6.042922019958496,0.5195770136438137,obse,soup_scene3,70,old
1349,6.047280311584473,0.5195770136438137,obse,soup_scene3,70,old
1350,6.052522420883179,0.5197703610888758,obse,soup_scene3,70,old
1351,6.057560920715332,0.5491175621532766,obse,soup_scene3,70,old
1352,6.062464237213135,0.5497743825832654,obse,soup_scene3,70,old
1353,6.067126035690308,0.5523969510048171,obse,soup_scene3,70,old
1354,6.071832180023193,0.5533840618404654,obse,soup_scene3,70,old
1355,6.076171636581421,0.5534155025963847,obse,soup_scene3,70,old
1356,6.080510139465332,0.5535357468674239,obse,soup_scene3,70,old
1357,6.084737062454224,0.5534806332491878,obse,soup_scene3,70,old
1358,6.089035749435425,0.5534806332491878,obse,soup_scene3,70,old
1359,6.0932838916778564,0.5531335990379806,obse,soup_scene3,70,old
1360,6.097726583480835,0.5531335990379806,obse,soup_scene3,70,old
1361,6.101984739303589,0.5536154083279021,obse,soup_scene3,70,old
1362,6.1065661907196045,0.5536154083279021,obse,soup_scene3,70,old
1363,6.110918760299683,0.5522791089805125,obse,soup_scene3,70,old
1364,6.115670919418335,0.5522791089805125,obse,soup_scene3,70,old
1365,6.120019435882568,0.5529673749853794,obse,soup_scene3,70,old
1366,6.124077081680298,0.5529673749853794,obse,soup_scene3,70,old
1367,6.128688812255859,0.6045102426425318,obse,soup_scene3,70,old
1368,6.133230924606323,0.6119190336839861,obse,soup_scene3,70,old
1369,6.13804817199707,0.6112790928748618,obse,soup_scene3,70,old
1370,6.142624616622925,0.6125372868677084,obse,soup_scene3,70,old
1371,6.147137641906738,0.6144739550650523,obse,soup_scene3,70,old
1372,6.151663780212402,0.6144739550650523,obse,soup_scene3,70,old
1373,6.156102418899536,0.6149505161122887,obse,soup_scene3,70,old
1374,6.1605544090271,0.6149505161122887,obse,soup_scene3,70,old
1375,6.164793968200684,0.6154058019781483,obse,soup_scene3,70,old
1376,6.169397830963135,0.6171216993830632,obse,soup_scene3,70,old
1377,6.174561023712158,0.6171216993830632,obse,soup_scene3,70,old
1378,6.178666114807129,0.6171216993830632,obse,soup_scene3,70,old
1379,6.183132648468018,0.6166135096738848,obse,soup_scene3,70,old
1380,6.187494993209839,0.6167316134340772,obse,soup_scene3,70,old
1381,6.191615104675293,0.6167316134340772,obse,soup_scene3,70,old
1382,6.19600510597229,0.616155904004739,obse,soup_scene3,70,old
1383,6.20038104057312,0.44869855892255983,obse,soup_scene3,70,old
1384,6.204779386520386,0.4475511218080588,obse,soup_scene3,70,old
1385,6.209080219268799,0.4385684957409524,obse,soup_scene3,70,old
1386,6.213248014450073,0.4385684957409524,obse,soup_scene3,70,old
1387,6.21765398979187,0.4385684957409524,obse,soup_scene3,70,old
1388,6.22212028503418,0.43942538367547096,obse,soup_scene3,70,old
1389,6.22636079788208,0.43942538367547096,obse,soup_scene3,70,old
1390,6.230538606643677,0.4406388793592137,obse,soup_scene3,70,old
1391,6.234839677810669,0.4406388793592137,obse,soup_scene3,70,old
1392,6.239180326461792,0.44081906417362754,obse,soup_scene3,70,old
1393,6.243399620056152,0.44072579210467444,obse,soup_scene3,70,old
1394,6.24784255027771,0.44072579210467444,obse,soup_scene3,70,old
1395,6.252298831939697,0.4406935632361213,obse,soup_scene3,70,old
1396,6.256681442260742,0.4406935632361213,obse,soup_scene3,70,old
1397,6.261557340621948,0.40259950219967144,obse,soup_scene3,70,old
1398,6.266100168228149,0.4022024032872958,obse,soup_scene3,70,old
1399,6.270450115203857,0.39354587129836227,obse,soup_scene3,70,old
1400,6.2745630741119385,0.3931959433050364,obse,soup_scene3,70,old
1401,6.279146671295166,0.39147349525519864,obse,soup_scene3,70,old
1402,6.283672571182251,0.39135521893960634,obse,soup_scene3,70,old
1403,6.288274765014648,0.39232195720784374,obse,soup_scene3,70,old
1404,6.2930519580841064,0.3909620502798351,obse,soup_scene3,70,old
1405,6.297594785690308,0.3930791121277856,obse,soup_scene3,70,old
1406,6.302225828170776,0.3934212433021517,obse,soup_scene3,70,old
1407,6.3070290088653564,0.3933575110239582,obse,soup_scene3,70,old
1408,6.31168007850647,0.3934290330395494,obse,soup_scene3,70,old
1409,6.3161468505859375,0.3930670549298909,obse,soup_scene3,70,old
1410,6.3205955028533936,0.3943443263166422,obse,soup_scene3,70,old
1411,6.324699401855469,0.3943443263166422,obse,soup_scene3,70,old
1412,6.329224109649658,0.42974552144192535,obse,soup_scene3,70,old
1413,6.333463430404663,0.43498378000237686,obse,soup_scene3,70,old
1414,6.338338136672974,0.4350037672565095,obse,soup_scene3,70,old
1415,6.342586517333984,0.4342161096319209,obse,soup_scene3,70,old
1416,6.347184181213379,0.43344540550588107,obse,soup_scene3,70,old
1417,6.351606130599976,0.4341966412057759,obse,soup_scene3,70,old
1418,6.356459856033325,0.4341966412057759,obse,soup_scene3,70,old
1419,6.360663890838623,0.43583083640302483,obse,soup_scene3,70,old
1420,6.364912271499634,0.43583083640302483,obse,soup_scene3,70,old
1421,6.369364023208618,0.43629055340407874,obse,soup_scene3,70,old
1422,6.3738977909088135,0.43629055340407874,obse,soup_scene3,70,old
1423,6.378353118896484,0.4358579865591691,obse,soup_scene3,70,old
1424,6.382513761520386,0.4358579865591691,obse,soup_scene3,70,old
1425,6.387037754058838,0.4363462266280616,obse,soup_scene3,70,old
1426,6.391191482543945,0.4363462266280616,obse,soup_scene3,70,old
1427,6.395550966262817,0.649177866828975,obse,soup_scene3,70,old
1428,6.399987697601318,0.649177866828975,obse,soup_scene3,70,old
1429,6.4046666622161865,0.6477784940737931,obse,soup_scene3,70,old
1430,6.408956289291382,0.6477784940737931,obse,soup_scene3,70,old
1431,6.413459539413452,0.646832060924776,obse,soup_scene3,70,old
1432,6.417854309082031,0.6460721429059464,obse,soup_scene3,70,old
1433,6.422775745391846,0.6462735679048075,obse,soup_scene3,70,old
1434,6.427031993865967,0.6461971139434964,obse,soup_scene3,70,old
1435,6.431426286697388,0.6469473600499366,obse,soup_scene3,70,old
1436,6.435531377792358,0.646887580635888,obse,soup_scene3,70,old
1437,6.440060138702393,0.6492647972759809,obse,soup_scene3,70,old
1438,6.44431471824646,0.6493146318940428,obse,soup_scene3,70,old
1439,6.448860168457031,0.6486064343933735,obse,soup_scene3,70,old
1440,6.453142166137695,0.6478870894748313,obse,soup_scene3,70,old
1441,6.45741605758667,0.6478870894748313,obse,soup_scene3,70,old
1442,6.462067365646362,0.6100266118973953,obse,soup_scene3,70,old
1443,6.46621298789978,0.6050149264619256,obse,soup_scene3,70,old
1444,6.471026659011841,0.604561280500721,obse,soup_scene3,70,old
1445,6.475330591201782,0.604561280500721,obse,soup_scene3,70,old
1446,6.479901552200317,0.6035978538426294,obse,soup_scene3,70,old
1447,6.484008073806763,0.6036375208763873,obse,soup_scene3,70,old
1448,6.488290309906006,0.6039780075643384,obse,soup_scene3,70,old
1449,6.492619752883911,0.6039780075643384,obse,soup_scene3,70,old
1450,6.497107982635498,0.6039596191802582,obse,soup_scene3,70,old
1451,6.501483201980591,0.6039492047568251,obse,soup_scene3,70,old
1452,6.505841493606567,0.6047330962826141,obse,soup_scene3,70,old
1453,6.510281085968018,0.6066028434233304,obse,soup_scene3,70,old
1454,6.514615058898926,0.6066028434233304,obse,soup_scene3,70,old
1455,6.518954753875732,0.6083825983972948,obse,soup_scene3,70,old
1456,6.523294448852539,0.7775148230095315,obse,soup_scene3,70,old
1457,6.527632474899292,0.7762440267885885,obse,soup_scene3,70,old
1458,6.531965255737305,0.7886843264334001,obse,soup_scene3,70,old
1459,6.536381721496582,0.7870135475758149,obse,soup_scene3,70,old
1460,6.5408923625946045,0.7870135475758149,obse,soup_scene3,70,old
1461,6.54487681388855,0.7870135475758149,obse,soup_scene3,70,old
1462,6.5493364334106445,0.7856783906908323,obse,soup_scene3,70,old
1463,6.5535197257995605,0.7856783906908323,obse,soup_scene3,70,old
1464,6.557721853256226,0.7858120931327144,obse,soup_scene3,70,old
1465,6.562037944793701,0.7858120931327144,obse,soup_scene3,70,old
1466,6.566081285476685,0.7858120931327144,obse,soup_scene3,70,old
1467,6.570539712905884,0.785557900813916,obse,soup_scene3,70,old
1468,6.575011730194092,0.785557900813916,obse,soup_scene3,70,old
1469,6.579520225524902,0.7836663357103252,obse,soup_scene3,70,old
1470,6.584105968475342,0.7836703859603584,obse,soup_scene3,70,old
1471,6.588298797607422,0.7851111012200221,obse,soup_scene3,70,old
1472,6.592526912689209,0.7099683082803342,obse,soup_scene3,70,old
1473,6.596467733383179,0.7099683082803342,obse,soup_scene3,70,old
1474,6.600850343704224,0.7097383899000739,obse,soup_scene3,70,old
1475,6.60520076751709,0.7029370055144999,obse,soup_scene3,70,old
1476,6.609721899032593,0.705307897339884,obse,soup_scene3,70,old
1477,6.6139068603515625,0.705303814087966,obse,soup_scene3,70,old
1478,6.6182544231414795,0.7053004963308082,obse,soup_scene3,70,old
1479,6.62227201461792,0.7053004963308082,obse,soup_scene3,70,old
1480,6.626591682434082,0.7052519439167697,obse,soup_scene3,70,old
1481,6.630777835845947,0.7089527571523303,obse,soup_scene3,70,old
1482,6.635021924972534,0.7089527571523303,obse,soup_scene3,70,old
1483,6.639523983001709,0.7089021263529233,obse,soup_scene3,70,old
1484,6.6437461376190186,0.70797968429051,obse,soup_scene3,70,old
1485,6.648024797439575,0.70797968429051,obse,soup_scene3,70,old
1486,6.652341365814209,0.7053075770096288,obse,soup_scene3,70,old
1487,6.656965017318726,0.7053075770096288,obse,soup_scene3,70,old
1488,6.661653995513916,0.48777744156685976,obse,soup_scene3,70,old
1489,6.665809631347656,0.4873095130749421,obse,soup_scene3,70,old
1490,6.670231342315674,0.48704369839680284,obse,soup_scene3,70,old
1491,6.674720525741577,0.4466303197140294,obse,soup_scene3,70,old
1492,6.679330825805664,0.4474839172056507,obse,soup_scene3,70,old
1493,6.684130430221558,0.4492320538091536,obse,soup_scene3,70,old
1494,6.689241886138916,0.4502875251316397,obse,soup_scene3,70,old
1495,6.693629503250122,0.45036617294974646,obse,soup_scene3,70,old
1496,6.698339939117432,0.44762668305272924,obse,soup_scene3,70,old
1497,6.703444480895996,0.4488780200294936,obse,soup_scene3,70,old
1498,6.708575010299683,0.4488543602233361,obse,soup_scene3,70,old
1499,6.713563442230225,0.44995332450778946,obse,soup_scene3,70,old
1500,6.7185218334198,0.45041724452298154,obse,soup_scene3,70,old
1501,6.723448038101196,0.4520471038894328,obse,soup_scene3,70,old
1502,6.728523254394531,0.4527706250725063,obse,soup_scene3,70,old
1503,6.733331680297852,0.4527706250725063,obse,soup_scene3,70,old
1504,6.738135576248169,0.45217004902703445,obse,soup_scene3,70,old
1505,6.742617845535278,0.45230177970180907,obse,soup_scene3,70,old
1506,6.747024774551392,0.615505930325425,obse,soup_scene3,70,old
1507,6.751212120056152,0.6158155115901452,obse,soup_scene3,70,old
1508,6.75551700592041,0.6178065965130449,obse,soup_scene3,70,old
1509,6.759639024734497,0.6175057399373077,obse,soup_scene3,70,old
1510,6.7638654708862305,0.6191522071837162,obse,soup_scene3,70,old
1511,6.7678515911102295,0.6182101849239673,obse,soup_scene3,70,old
1512,6.77266526222229,0.6205791321381823,obse,soup_scene3,70,old
1513,6.777673244476318,0.6231690411425295,obse,soup_scene3,70,old
1514,6.782560586929321,0.6231690411425295,obse,soup_scene3,70,old
1515,6.787102460861206,0.6231090194045263,obse,soup_scene3,70,old
1516,6.792200565338135,0.6231090194045263,obse,soup_scene3,70,old
1517,6.796880483627319,0.6215400543861704,obse,soup_scene3,70,old
1518,6.802069425582886,0.7530450806352268,obse,soup_scene3,70,old
1519,6.807058095932007,0.7601921984436004,obse,soup_scene3,70,old
1520,6.811859846115112,0.7597642718680254,obse,soup_scene3,70,old
1521,6.81649923324585,0.7597642718680254,obse,soup_scene3,70,old
1522,6.82150936126709,0.7592559875833421,obse,soup_scene3,70,old
1523,6.826203107833862,0.7588896121595706,obse,soup_scene3,70,old
1524,6.830983877182007,0.7623182440478178,obse,soup_scene3,70,old
1525,6.835744857788086,0.7616853552420649,obse,soup_scene3,70,old
1526,6.840784549713135,0.7616853552420649,obse,soup_scene3,70,old
1527,6.84570050239563,0.7627604173541849,obse,soup_scene3,70,old
1528,6.8504462242126465,0.7627604173541849,obse,soup_scene3,70,old
1529,6.8550896644592285,0.7622252031561516,obse,soup_scene3,70,old
1530,6.860030889511108,0.7621418900952006,obse,soup_scene3,70,old
1531,6.864947319030762,1.0171535517205919,obse,soup_scene3,70,old
1532,6.869880199432373,1.0171201479255003,obse,soup_scene3,70,old
1533,6.874730825424194,1.0269502471799128,obse,soup_scene3,70,old
1534,6.879245758056641,1.0260287279232998,obse,soup_scene3,70,old
1535,6.884261131286621,1.0260239806844547,obse,soup_scene3,70,old
1536,6.88921594619751,1.0266700828653605,obse,soup_scene3,70,old
1537,6.893936634063721,1.0266100399465048,obse,soup_scene3,70,old
1538,6.8989479541778564,1.027347983939019,obse,soup_scene3,70,old
1539,6.903703927993774,1.0272201545416115,obse,soup_scene3,70,old
1540,6.9085657596588135,1.0279642890317076,obse,soup_scene3,70,old
1541,6.913543462753296,1.0279199933859737,obse,soup_scene3,70,old
1542,6.918371200561523,1.027653552989141,obse,soup_scene3,70,old
1543,6.92328667640686,1.027653552989141,obse,soup_scene3,70,old
1544,6.927823543548584,0.8179493849192716,obse,soup_scene3,70,old
1545,6.932727098464966,0.7877197202681534,obse,soup_scene3,70,old
1546,6.9377453327178955,0.7842977313538482,obse,soup_scene3,70,old
1547,6.942500114440918,0.7842977313538482,obse,soup_scene3,70,old
1548,6.947674751281738,0.7863799217647223,obse,soup_scene3,70,old
1549,6.952609062194824,0.7867199275249706,obse,soup_scene3,70,old
1550,6.957381010055542,0.7867199275249706,obse,soup_scene3,70,old
1551,6.962169408798218,0.7875336225079753,obse,soup_scene3,70,old
1552,6.9670023918151855,0.7875336225079753,obse,soup_scene3,70,old
1553,6.972149848937988,0.7876878076299041,obse,soup_scene3,70,old
1554,6.976834297180176,0.7882742244171764,obse,soup_scene3,70,old
1555,6.981730699539185,0.7882742244171764,obse,soup_scene3,70,old
1556,6.986627101898193,0.7882517338599392,obse,soup_scene3,70,old
1557,6.9914870262146,0.7868773740973082,obse,soup_scene3,70,old
1558,6.996488094329834,0.7869493878283648,obse,soup_scene3,70,old
1559,7.001350164413452,0.5050097188919687,obse,soup_scene3,70,old
1560,7.006462812423706,0.4824946341400204,obse,soup_scene3,70,old
1561,7.011415004730225,0.4825585094631284,obse,soup_scene3,70,old
1562,7.016314744949341,0.4825585094631284,obse,soup_scene3,70,old
1563,7.021308660507202,0.48238605296655007,obse,soup_scene3,70,old
1564,7.026131868362427,0.48238605296655007,obse,soup_scene3,70,old
1565,7.031160831451416,0.48348889746067214,obse,soup_scene3,70,old
1566,7.036155462265015,0.48350040529348826,obse,soup_scene3,70,old
1567,7.041092395782471,0.48350040529348826,obse,soup_scene3,70,old
1568,7.0460426807403564,0.4853706496549893,obse,soup_scene3,70,old
1569,7.050764083862305,0.4855106049839995,obse,soup_scene3,70,old
1570,7.055552005767822,0.4858720914636204,obse,soup_scene3,70,old
1571,7.0603907108306885,0.4863038502295931,obse,soup_scene3,70,old
1572,7.065857172012329,0.4787362828948983,obse,soup_scene3,70,old
1573,7.070708751678467,0.47778768941050703,obse,soup_scene3,70,old
1574,7.07569146156311,0.47755086579433015,obse,soup_scene3,70,old
1575,7.080434560775757,0.47788938220853794,obse,soup_scene3,70,old
1576,7.085315465927124,0.47870390337295715,obse,soup_scene3,70,old
1577,7.0901806354522705,0.47870390337295715,obse,soup_scene3,70,old
1578,7.094935655593872,0.4793342944490804,obse,soup_scene3,70,old
1579,7.09907603263855,0.4793342944490804,obse,soup_scene3,70,old
1580,7.103503942489624,0.47869049853892726,obse,soup_scene3,70,old
1581,7.107795476913452,0.47869049853892726,obse,soup_scene3,70,old
1582,7.112257957458496,0.4782863296270999,obse,soup_scene3,70,old
1583,7.116670846939087,0.4782863296270999,obse,soup_scene3,70,old
1584,7.121191740036011,0.4783231498387284,obse,soup_scene3,70,old
1585,7.125667333602905,0.6314380401643487,obse,soup_scene3,70,old
1586,7.130082130432129,0.6498109211373072,obse,soup_scene3,70,old
1587,7.134191274642944,0.6501164575877454,obse,soup_scene3,70,old
1588,7.138617992401123,0.6494952902948607,obse,soup_scene3,70,old
1589,7.143226385116577,0.6494952902948607,obse,soup_scene3,70,old
1590,7.147628307342529,0.6508202860763791,obse,soup_scene3,70,old
1591,7.151975393295288,0.6524418267727498,obse,soup_scene3,70,old
1592,7.1562981605529785,0.6524418267727498,obse,soup_scene3,70,old
1593,7.160690546035767,0.6527183726288075,obse,soup_scene3,70,old
1594,7.1650779247283936,0.6527183726288075,obse,soup_scene3,70,old
1595,7.169382810592651,0.651927278019972,obse,soup_scene3,70,old
1596,7.173686265945435,0.651927278019972,obse,soup_scene3,70,old
1597,7.178078889846802,0.6531287831018293,obse,soup_scene3,70,old
1598,7.182275772094727,0.6531287831018293,obse,soup_scene3,70,old
1599,7.18667459487915,0.6526520246421124,obse,soup_scene3,70,old
1600,7.190857887268066,0.6526520246421124,obse,soup_scene3,70,old
1601,7.1953723430633545,0.6528857793445991,obse,soup_scene3,70,old
1602,7.199693441390991,0.8775621226998692,obse,soup_scene3,70,old
1603,7.204415321350098,0.8769067944129078,obse,soup_scene3,70,old
1604,7.208725929260254,0.8852168463904616,obse,soup_scene3,70,old
1605,7.213326454162598,0.886313674808493,obse,soup_scene3,70,old
1606,7.217473268508911,0.886313674808493,obse,soup_scene3,70,old
1607,7.2217981815338135,0.8854975444935651,obse,soup_scene3,70,old
1608,7.226004362106323,0.8854975444935651,obse,soup_scene3,70,old
1609,7.2307960987091064,0.8863400111642068,obse,soup_scene3,70,old
1610,7.235340118408203,0.8851029385068329,obse,soup_scene3,70,old
1611,7.239600896835327,0.8851029385068329,obse,soup_scene3,70,old
1612,7.2441253662109375,0.888341698117823,obse,soup_scene3,70,old
1613,7.248404264450073,0.888341698117823,obse,soup_scene3,70,old
1614,7.252718925476074,0.8855092551276733,obse,soup_scene3,70,old
1615,7.257034540176392,0.8855092551276733,obse,soup_scene3,70,old
1616,7.261355638504028,0.8878616460031087,obse,soup_scene3,70,old
1617,7.265676259994507,0.6986206772439755,obse,soup_scene3,70,old
1618,7.270107984542847,0.6986930773791953,obse,soup_scene3,70,old
1619,7.274503946304321,0.6865050057826217,obse,soup_scene3,70,old
1620,7.2789671421051025,0.6847762875598954,obse,soup_scene3,70,old
1621,7.283202886581421,0.6847762875598954,obse,soup_scene3,70,old
1622,7.288037538528442,0.686733393236559,obse,soup_scene3,70,old
1623,7.292310953140259,0.686733393236559,obse,soup_scene3,70,old
1624,7.296670436859131,0.6868217415500493,obse,soup_scene3,70,old
1625,7.300760746002197,0.6867260894425417,obse,soup_scene3,70,old
1626,7.305327415466309,0.68704735162589,obse,soup_scene3,70,old
1627,7.3093907833099365,0.6870216730151131,obse,soup_scene3,70,old
1628,7.313801050186157,0.6868299560265348,obse,soup_scene3,70,old
1629,7.317892789840698,0.6868299560265348,obse,soup_scene3,70,old
1630,7.322238922119141,0.6842943821599567,obse,soup_scene3,70,old
1631,7.326659202575684,0.8606914234232275,obse,soup_scene3,70,old
1632,7.330960035324097,0.8818204110187213,obse,soup_scene3,70,old
1633,7.335197925567627,0.8797033777396094,obse,soup_scene3,70,old
1634,7.339519023895264,0.8797033777396094,obse,soup_scene3,70,old
1635,7.34351921081543,0.8797033777396094,obse,soup_scene3,70,old
1636,7.347795486450195,0.8821282421413387,obse,soup_scene3,70,old
1637,7.35204553604126,0.8821282421413387,obse,soup_scene3,70,old
1638,7.356268882751465,0.8821282421413387,obse,soup_scene3,70,old
1639,7.3605687618255615,0.8820976470339862,obse,soup_scene3,70,old
1640,7.364833831787109,0.882503908662148,obse,soup_scene3,70,old
1641,7.369027137756348,0.882503908662148,obse,soup_scene3,70,old
1642,7.373506307601929,0.8799199136338226,obse,soup_scene3,70,old
1643,7.377647638320923,0.8799199136338226,obse,soup_scene3,70,old
1644,7.381964683532715,0.8802680144088246,obse,soup_scene3,70,old
1645,7.386093616485596,0.8802680144088246,obse,soup_scene3,70,old
1646,7.390411376953125,0.8802752260457277,obse,soup_scene3,70,old
1647,7.394844055175781,0.8361199321684286,obse,soup_scene3,70,old
1648,7.398924112319946,0.8361199321684286,obse,soup_scene3,70,old
1649,7.403448820114136,0.8289073069681454,obse,soup_scene3,70,old
1650,7.407749176025391,0.8290827749372086,obse,soup_scene3,70,old
1651,7.412049293518066,0.8274512809184995,obse,soup_scene3,70,old
1652,7.416402816772461,0.8272491070898976,obse,soup_scene3,70,old
1653,7.420646667480469,0.8272491070898976,obse,soup_scene3,70,old
1654,7.424707889556885,0.8272491070898976,obse,soup_scene3,70,old
1655,7.428880453109741,0.8272491070898976,obse,soup_scene3,70,old
1656,7.433472633361816,0.8274117788121412,obse,soup_scene3,70,old
1657,7.438011169433594,0.8250784760238673,obse,soup_scene3,70,old
1658,7.442422151565552,0.8250784760238673,obse,soup_scene3,70,old
1659,7.446721792221069,0.8252009685024891,obse,soup_scene3,70,old
1660,7.45102071762085,0.8252009685024891,obse,soup_scene3,70,old
1661,7.455332517623901,0.8252009685024891,obse,soup_scene3,70,old
1662,7.459726333618164,0.8256230636250768,obse,soup_scene3,70,old
1663,7.464025497436523,0.8256230636250768,obse,soup_scene3,70,old
1664,7.4684059619903564,0.8178225329745727,obse,soup_scene3,70,old
1665,7.473058700561523,0.8173332798690431,obse,soup_scene3,70,old
1666,7.477077960968018,0.8173332798690431,obse,soup_scene3,70,old
1667,7.481175899505615,0.8173332798690431,obse,soup_scene3,70,old
1668,7.485524892807007,0.8180981156939628,obse,soup_scene3,70,old
1669,7.489858388900757,0.8169802394195887,obse,soup_scene3,70,old
1670,7.494792222976685,0.8158267000303933,obse,soup_scene3,70,old
1671,7.4994237422943115,0.8163491334136916,obse,soup_scene3,70,old
1672,7.504007816314697,0.818567425031131,obse,soup_scene3,70,old
1673,7.508764266967773,0.8163499462898679,obse,soup_scene3,70,old
1674,7.5131824016571045,0.8190632463336893,obse,soup_scene3,70,old
1675,7.517699241638184,0.8163783500223861,obse,soup_scene3,70,old
1676,7.522227764129639,0.8190923134251094,obse,soup_scene3,70,old
1677,7.526684045791626,0.8189075543132707,obse,soup_scene3,70,old
1678,7.531354665756226,0.8297502199469203,obse,soup_scene3,70,old
1679,7.535918474197388,0.8288794354221313,obse,soup_scene3,70,old
1680,7.540633678436279,0.8311097746417929,obse,soup_scene3,70,old
1681,7.545384168624878,0.8311097746417929,obse,soup_scene3,70,old
1682,7.549820184707642,0.8279933330352035,obse,soup_scene3,70,old
1683,7.554308176040649,0.8285515039170299,obse,soup_scene3,70,old
1684,7.5584869384765625,0.8285515039170299,obse,soup_scene3,70,old
1685,7.562945604324341,0.8282047482634965,obse,soup_scene3,70,old
1686,7.567244529724121,0.8282047482634965,obse,soup_scene3,70,old
1687,7.571753978729248,0.828550117146175,obse,soup_scene3,70,old
1688,7.576203107833862,0.8311084076967129,obse,soup_scene3,70,old
1689,7.580555438995361,0.8311084076967129,obse,soup_scene3,70,old
1690,7.584848880767822,0.8311084076967129,obse,soup_scene3,70,old
1691,7.589381694793701,0.8283128655900849,obse,soup_scene3,70,old
1692,7.593621492385864,0.879918312454454,obse,soup_scene3,70,old
1693,7.597981929779053,0.884470674840884,obse,soup_scene3,70,old
1694,7.602159261703491,0.883588927527356,obse,soup_scene3,70,old
1695,7.606631755828857,0.883588927527356,obse,soup_scene3,70,old
1696,7.6108927726745605,0.8835288374211375,obse,soup_scene3,70,old
1697,7.6151392459869385,0.8835288374211375,obse,soup_scene3,70,old
1698,7.619450807571411,0.8867002281301831,obse,soup_scene3,70,old
1699,7.62371301651001,0.8867002281301831,obse,soup_scene3,70,old
1700,7.6281657218933105,0.8835745976874819,obse,soup_scene3,70,old
1701,7.632505178451538,0.8835745976874819,obse,soup_scene3,70,old
1702,7.637021064758301,0.883034025069855,obse,soup_scene3,70,old
1703,7.64130973815918,0.883034025069855,obse,soup_scene3,70,old
1704,7.645726442337036,0.8851095727660776,obse,soup_scene3,70,old
1705,7.649853706359863,0.8851095727660776,obse,soup_scene3,70,old
1706,7.654245853424072,0.8822157962709986,obse,soup_scene3,70,old
1707,7.658287286758423,0.8822157962709986,obse,soup_scene3,70,old
1708,7.662698984146118,0.8713733495715884,obse,soup_scene3,70,old
1709,7.667123794555664,0.8694317516914121,obse,soup_scene3,70,old
1710,7.671744346618652,0.8691928445780782,obse,soup_scene3,70,old
1711,7.676244735717773,0.8680953203280067,obse,soup_scene3,70,old
1712,7.680586338043213,0.8680705417447591,obse,soup_scene3,70,old
1713,7.6849684715271,0.8677140477663432,obse,soup_scene3,70,old
1714,7.689492464065552,0.8677140477663432,obse,soup_scene3,70,old
1715,7.693823575973511,0.8671151916196298,obse,soup_scene3,70,old
1716,7.69854736328125,0.8671151916196298,obse,soup_scene3,70,old
1717,7.703214645385742,0.8662710198836225,obse,soup_scene3,70,old
1718,7.7075934410095215,0.8662710198836225,obse,soup_scene3,70,old
1719,7.712261438369751,0.8662225853480043,obse,soup_scene3,70,old
1720,7.716328859329224,0.8662225853480043,obse,soup_scene3,70,old
1721,7.7206785678863525,0.8655238792432807,obse,soup_scene3,70,old
1722,7.725058078765869,0.877515862791719,obse,soup_scene3,70,old
1723,7.729611158370972,0.8759276256439722,obse,soup_scene3,70,old
1724,7.734014511108398,0.8775505629796799,obse,soup_scene3,70,old
1725,7.738619804382324,0.8870836334273386,obse,soup_scene3,70,old
1726,7.742771625518799,0.8870836334273386,obse,soup_scene3,70,old
1727,7.7470152378082275,0.8870836334273386,obse,soup_scene3,70,old
1728,7.7512969970703125,0.886974919488305,obse,soup_scene3,70,old
1729,7.755637168884277,0.886974919488305,obse,soup_scene3,70,old
1730,7.759702920913696,0.886974919488305,obse,soup_scene3,70,old
1731,7.764142751693726,0.8870480863843015,obse,soup_scene3,70,old
1732,7.768401861190796,0.8870480863843015,obse,soup_scene3,70,old
1733,7.772732734680176,0.8865617215041702,obse,soup_scene3,70,old
1734,7.777045726776123,0.8865617215041702,obse,soup_scene3,70,old
1735,7.781381607055664,0.8863448669159063,obse,soup_scene3,70,old
1736,7.78596043586731,0.8863448669159063,obse,soup_scene3,70,old
1737,7.790054559707642,0.9738252897676725,obse,soup_scene3,70,old
1738,7.7944655418396,0.9744294526070779,obse,soup_scene3,70,old
1739,7.7987282276153564,0.9739800398503683,obse,soup_scene3,70,old
1740,7.80322527885437,0.988028595633917,obse,soup_scene3,70,old
1741,7.807571172714233,0.9869521182038514,obse,soup_scene3,70,old
1742,7.811826705932617,0.9869521182038514,obse,soup_scene3,70,old
1743,7.816184043884277,0.9862928595429734,obse,soup_scene3,70,old
1744,7.820362091064453,0.9862928595429734,obse,soup_scene3,70,old
1745,7.824630498886108,0.9862928595429734,obse,soup_scene3,70,old
1746,7.828722238540649,0.9868363947633632,obse,soup_scene3,70,old
1747,7.833176851272583,0.986948795408537,obse,soup_scene3,70,old
1748,7.837550163269043,0.986948795408537,obse,soup_scene3,70,old
1749,7.841986894607544,0.9869801796420657,obse,soup_scene3,70,old
1750,7.8467161655426025,0.9869801796420657,obse,soup_scene3,70,old
1751,7.850951910018921,0.9869801796420657,obse,soup_scene3,70,old
1752,7.855478525161743,0.8276492752568023,obse,soup_scene3,70,old
1753,7.859686851501465,0.7910944023153749,obse,soup_scene3,70,old
1754,7.86417818069458,0.7909079328740353,obse,soup_scene3,70,old
1755,7.8684117794036865,0.7843120737002313,obse,soup_scene3,70,old
1756,7.872815847396851,0.7843120737002313,obse,soup_scene3,70,old
1757,7.877178907394409,0.7836391593254405,obse,soup_scene3,70,old
1758,7.881452560424805,0.7836391593254405,obse,soup_scene3,70,old
1759,7.886129140853882,0.782145642166121,obse,soup_scene3,70,old
1760,7.89052939414978,0.7813304955627074,obse,soup_scene3,70,old
1761,7.89514422416687,0.7808392257964043,obse,soup_scene3,70,old
1762,7.899878263473511,0.7788955420939713,obse,soup_scene3,70,old
1763,7.904527425765991,0.780359502769658,obse,soup_scene3,70,old
1764,7.909297466278076,0.7798328239352446,obse,soup_scene3,70,old
1765,7.913958787918091,0.7786173296140789,obse,soup_scene3,70,old
1766,7.9186296463012695,0.7780030826165124,obse,soup_scene3,70,old
1767,7.923326253890991,0.778655727348617,obse,soup_scene3,70,old
1768,7.928133726119995,0.7769541254757284,obse,soup_scene3,70,old
1769,7.932830572128296,0.6272688047977768,obse,soup_scene3,70,old
1770,7.937793254852295,0.6162987240164381,obse,soup_scene3,70,old
1771,7.942183494567871,0.6167508004708598,obse,soup_scene3,70,old
1772,7.946865081787109,0.6162112008153278,obse,soup_scene3,70,old
1773,7.951373338699341,0.614886514266663,obse,soup_scene3,70,old
1774,7.9558093547821045,0.614886514266663,obse,soup_scene3,70,old
1775,7.960067987442017,0.6154131890494692,obse,soup_scene3,70,old
1776,7.964543104171753,0.6186537368862883,obse,soup_scene3,70,old
1777,7.969044923782349,0.6171591710254817,obse,soup_scene3,70,old
1778,7.973389387130737,0.6171591710254817,obse,soup_scene3,70,old
1779,7.977960824966431,0.6145481964467991,obse,soup_scene3,70,old
1780,7.9822916984558105,0.6145481964467991,obse,soup_scene3,70,old
1781,7.987051486968994,0.614698670093287,obse,soup_scene3,70,old
1782,7.99134373664856,0.5447904566893801,obse,soup_scene3,70,old
1783,7.9959142208099365,0.5380821538619748,obse,soup_scene3,70,old
1784,8.00011658668518,0.5381223878262413,obse,soup_scene3,70,old
1785,8.004540920257568,0.536530764960078,obse,soup_scene3,70,old
1786,8.008920669555664,0.536530764960078,obse,soup_scene3,70,old
1787,8.013285875320435,0.5349057671955691,obse,soup_scene3,70,old
1788,8.017603158950806,0.5349423430170778,obse,soup_scene3,70,old
1789,8.022248268127441,0.5356390389276664,obse,soup_scene3,70,old
1790,8.026815414428711,0.536402883212027,obse,soup_scene3,70,old
1791,8.031691312789917,0.5361461462421556,obse,soup_scene3,70,old
1792,8.035947322845459,0.5363581495226082,obse,soup_scene3,70,old
1793,8.04030442237854,0.5363581495226082,obse,soup_scene3,70,old
1794,8.044605731964111,0.5344044620840109,obse,soup_scene3,70,old
1795,8.048790693283081,0.5344044620840109,obse,soup_scene3,70,old
1796,8.053114175796509,0.5343990985934065,obse,soup_scene3,70,old
1797,8.057405233383179,0.4244186335948335,obse,soup_scene3,70,old
1798,8.06183385848999,0.4180198186804554,obse,soup_scene3,70,old
1799,8.066028118133545,0.4180198186804554,obse,soup_scene3,70,old
1800,8.070489406585693,0.4184134642483719,obse,soup_scene3,70,old
1801,8.074973821640015,0.4184134642483719,obse,soup_scene3,70,old
1802,8.079606056213379,0.41702385787267643,obse,soup_scene3,70,old
1803,8.083721399307251,0.41702385787267643,obse,soup_scene3,70,old
1804,8.088306665420532,0.4176273385231481,obse,soup_scene3,70,old
1805,8.092457056045532,0.4176273385231481,obse,soup_scene3,70,old
1806,8.097015380859375,0.417260549111038,obse,soup_scene3,70,old
1807,8.101118087768555,0.4172850996003459,obse,soup_scene3,70,old
1808,8.105590581893921,0.416693212664801,obse,soup_scene3,70,old
1809,8.110262870788574,0.41582311182344806,obse,soup_scene3,70,old
1810,8.114644527435303,0.41582311182344806,obse,soup_scene3,70,old
1811,8.119102239608765,0.41506198188022503,obse,soup_scene3,70,old
1812,8.123472929000854,0.4824753677361152,obse,soup_scene3,70,old
1813,8.127975940704346,0.48315000402869057,obse,soup_scene3,70,old
1814,8.132195234298706,0.4869591896957389,obse,soup_scene3,70,old
1815,8.136573076248169,0.4887413103290578,obse,soup_scene3,70,old
1816,8.141230583190918,0.4887413103290578,obse,soup_scene3,70,old
1817,8.145890712738037,0.48905894323023524,obse,soup_scene3,70,old
1818,8.150201082229614,0.48905894323023524,obse,soup_scene3,70,old
1819,8.15477967262268,0.4879929355824487,obse,soup_scene3,70,old
1820,8.15929889678955,0.4881020466354593,obse,soup_scene3,70,old
1821,8.163631916046143,0.4866646715477573,obse,soup_scene3,70,old
1822,8.168085098266602,0.48640895025054276,obse,soup_scene3,70,old
1823,8.172660112380981,0.48640895025054276,obse,soup_scene3,70,old
1824,8.177280902862549,0.4867322639595039,obse,soup_scene3,70,old
1825,8.182065725326538,0.4867322639595039,obse,soup_scene3,70,old
1826,8.18674898147583,0.4889856675298457,obse,soup_scene3,70,old
1827,8.191001415252686,0.5314336776531778,obse,soup_scene3,70,old
1828,8.195503234863281,0.5340388713591818,obse,soup_scene3,70,old
1829,8.19985294342041,0.5340388713591818,obse,soup_scene3,70,old
1830,8.20445728302002,0.5338440466391823,obse,soup_scene3,70,old
1831,8.208827257156372,0.5338440466391823,obse,soup_scene3,70,old
1832,8.213464975357056,0.5332573432734568,obse,soup_scene3,70,old
1833,8.2178373336792,0.5323409706653767,obse,soup_scene3,70,old
1834,8.22232437133789,0.5323409706653767,obse,soup_scene3,70,old
1835,8.226703882217407,0.5310700046064204,obse,soup_scene3,70,old
1836,8.23124384880066,0.531397081858061,obse,soup_scene3,70,old
1837,8.235718250274658,0.5312563097400534,obse,soup_scene3,70,old
1838,8.24021029472351,0.5312563097400534,obse,soup_scene3,70,old
1839,8.244714260101318,0.5317807606186279,obse,soup_scene3,70,old
1840,8.249059677124023,0.5317807606186279,obse,soup_scene3,70,old
1841,8.25363826751709,0.5328221120734895,obse,soup_scene3,70,old
1842,8.257938861846924,0.5328221120734895,obse,soup_scene3,70,old
1843,8.262554407119751,0.532016551417129,obse,soup_scene3,70,old
1844,8.266866445541382,0.5682290126251203,obse,soup_scene3,70,old
1845,8.271733522415161,0.5697792642577666,obse,soup_scene3,70,old
1846,8.27599549293518,0.5697792642577666,obse,soup_scene3,70,old
1847,8.28067135810852,0.5691222836871913,obse,soup_scene3,70,old
1848,8.28501558303833,0.569029661407366,obse,soup_scene3,70,old
1849,8.289631605148315,0.5685560656389327,obse,soup_scene3,70,old
1850,8.294079303741455,0.5695193171305202,obse,soup_scene3,70,old
1851,8.298510313034058,0.5695193171305202,obse,soup_scene3,70,old
1852,8.302996635437012,0.5698338851740481,obse,soup_scene3,70,old
1853,8.307549238204956,0.5698338851740481,obse,soup_scene3,70,old
1854,8.312150955200195,0.5698597621543051,obse,soup_scene3,70,old
1855,8.31644582748413,0.5698597621543051,obse,soup_scene3,70,old
1856,8.321156024932861,0.5686957618636451,obse,soup_scene3,70,old
1857,8.325322151184082,0.5003322375555751,obse,soup_scene3,70,old
1858,8.32984185218811,0.49899299445436796,obse,soup_scene3,70,old
1859,8.334203958511353,0.49314509176795507,obse,soup_scene3,70,old
1860,8.339205026626587,0.4929515221701948,obse,soup_scene3,70,old
1861,8.34386157989502,0.4944478048208536,obse,soup_scene3,70,old
1862,8.348157405853271,0.4944478048208536,obse,soup_scene3,70,old
1863,8.352703094482422,0.49536277320391225,obse,soup_scene3,70,old
1864,8.357094287872314,0.49536277320391225,obse,soup_scene3,70,old
1865,8.361664772033691,0.4957486511571267,obse,soup_scene3,70,old
1866,8.365904092788696,0.4957486511571267,obse,soup_scene3,70,old
1867,8.37054967880249,0.49625071035000784,obse,soup_scene3,70,old
1868,8.375020742416382,0.49625071035000784,obse,soup_scene3,70,old
1869,8.379581689834595,0.49408460822526856,obse,soup_scene3,70,old
1870,8.383742332458496,0.4942332089623998,obse,soup_scene3,70,old
1871,8.38891053199768,0.4936469180762199,obse,soup_scene3,70,old
1872,8.394163370132446,0.4939791302687025,obse,soup_scene3,70,old
1873,8.399001836776733,0.4939791302687025,obse,soup_scene3,70,old
1874,8.404051780700684,0.3430364765255946,obse,soup_scene3,70,old
1875,8.40880274772644,0.331783155004212,obse,soup_scene3,70,old
1876,8.413755178451538,0.33256929083611764,obse,soup_scene3,70,old
1877,8.417898654937744,0.33293254509726283,obse,soup_scene3,70,old
1878,8.422345161437988,0.33293254509726283,obse,soup_scene3,70,old
1879,8.426523923873901,0.3314085814466871,obse,soup_scene3,70,old
1880,8.430910587310791,0.3314085814466871,obse,soup_scene3,70,old
1881,8.435157299041748,0.3312809996946347,obse,soup_scene3,70,old
1882,8.43958592414856,0.3312809996946347,obse,soup_scene3,70,old
1883,8.444702863693237,0.3316988915289263,obse,soup_scene3,70,old
1884,8.44910979270935,0.3316988915289263,obse,soup_scene3,70,old
1885,8.453516006469727,0.3316420381449362,obse,soup_scene3,70,old
1886,8.457848072052002,0.4345517861024894,obse,soup_scene3,70,old
1887,8.462326526641846,0.44551474389010737,obse,soup_scene3,70,old
1888,8.466547727584839,0.44551474389010737,obse,soup_scene3,70,old
1889,8.471033334732056,0.44561489049966335,obse,soup_scene3,70,old
1890,8.474991798400879,0.44561489049966335,obse,soup_scene3,70,old
1891,8.479422330856323,0.44621923428899235,obse,soup_scene3,70,old
1892,8.483681201934814,0.44621923428899235,obse,soup_scene3,70,old
1893,8.488056659698486,0.4460190363097089,obse,soup_scene3,70,old
1894,8.492213249206543,0.44579560620993,obse,soup_scene3,70,old
1895,8.496530055999756,0.44651635998613937,obse,soup_scene3,70,old
1896,8.500857591629028,0.446547972510426,obse,soup_scene3,70,old
1897,8.50533151626587,0.4456349881500501,obse,soup_scene3,70,old
1898,8.51011872291565,0.4468352480643812,obse,soup_scene3,70,old
1899,8.51531982421875,0.4468352480643812,obse,soup_scene3,70,old
1900,8.519618034362793,0.44655769406396095,obse,soup_scene3,70,old
1901,8.523559331893921,0.44655769406396095,obse,soup_scene3,70,old
1902,8.527685642242432,0.44674239796946663,obse,soup_scene3,70,old
1903,8.532266616821289,0.4617074535304313,obse,soup_scene3,70,old
1904,8.536587715148926,0.4610413194793157,obse,soup_scene3,70,old
1905,8.540912628173828,0.4610413194793157,obse,soup_scene3,70,old
1906,8.545281648635864,0.4600762087355083,obse,soup_scene3,70,old
1907,8.549542427062988,0.4600762087355083,obse,soup_scene3,70,old
1908,8.553837299346924,0.4600762087355083,obse,soup_scene3,70,old
1909,8.55881142616272,0.46031853515470894,obse,soup_scene3,70,old
1910,8.56327772140503,0.46031853515470894,obse,soup_scene3,70,old
1911,8.56738567352295,0.46031853515470894,obse,soup_scene3,70,old
1912,8.571904182434082,0.4608493315088428,obse,soup_scene3,70,old
1913,8.576226472854614,0.4608493315088428,obse,soup_scene3,70,old
1914,8.580556392669678,0.4606517327953118,obse,soup_scene3,70,old
1915,8.584939002990723,0.4606517327953118,obse,soup_scene3,70,old
1916,8.589169979095459,0.4606517327953118,obse,soup_scene3,70,old
1917,8.594273805618286,0.39366341623692824,obse,soup_scene3,70,old
1918,8.598711967468262,0.38084651772690786,obse,soup_scene3,70,old
1919,8.60404634475708,0.38084651772690786,obse,soup_scene3,70,old
1920,8.608360767364502,0.38162618072737814,obse,soup_scene3,70,old
1921,8.61268663406372,0.38162618072737814,obse,soup_scene3,70,old
1922,8.616910457611084,0.3815391838262965,obse,soup_scene3,70,old
1923,8.621399402618408,0.3815391838262965,obse,soup_scene3,70,old
1924,8.625601768493652,0.38153333284885926,obse,soup_scene3,70,old
1925,8.629959106445312,0.38150418428104604,obse,soup_scene3,70,old
1926,8.634265184402466,0.38150418428104604,obse,soup_scene3,70,old
1927,8.638404607772827,0.38150418428104604,obse,soup_scene3,70,old
1928,8.642825841903687,0.38133241849214017,obse,soup_scene3,70,old
1929,8.646983623504639,0.38133241849214017,obse,soup_scene3,70,old
1930,8.651407241821289,0.38171863471774525,obse,soup_scene3,70,old
1931,8.655778169631958,0.38098044255545216,obse,soup_scene3,70,old
1932,8.660358667373657,0.38086474060150827,obse,soup_scene3,70,old
1933,8.66509199142456,0.38141734876661954,obse,soup_scene3,70,old
1934,8.669331312179565,0.3813786263562309,obse,soup_scene3,70,old
1935,8.673910856246948,0.38148082783946957,obse,soup_scene3,70,old
1936,8.678186416625977,0.38164663292985374,obse,soup_scene3,70,old
1937,8.682498931884766,0.38162957481250404,obse,soup_scene3,70,old
1938,8.686867713928223,0.3822395102684579,obse,soup_scene3,70,old
1939,8.691136598587036,0.3812158734211376,obse,soup_scene3,70,old
1940,8.695488452911377,0.38169011570713457,obse,soup_scene3,70,old
1941,8.700061798095703,0.38187206970336635,obse,soup_scene3,70,old
1942,8.704849481582642,0.3811059058132061,obse,soup_scene3,70,old
1943,8.709654092788696,0.3810949228579774,obse,soup_scene3,70,old
1944,8.714377403259277,0.3808981966068253,obse,soup_scene3,70,old
1945,8.719362735748291,0.38139522497428796,obse,soup_scene3,70,old
1946,8.724022626876831,0.44981386115847877,obse,soup_scene3,70,old
1947,8.728708267211914,0.4543038495494805,obse,soup_scene3,70,old
1948,8.733458042144775,0.4547265907510086,obse,soup_scene3,70,old
1949,8.738806009292603,0.4554803016090919,obse,soup_scene3,70,old
1950,8.743580341339111,0.4553639125438412,obse,soup_scene3,70,old
1951,8.748173236846924,0.4550885362042706,obse,soup_scene3,70,old
1952,8.752803325653076,0.45561974638051794,obse,soup_scene3,70,old
1953,8.757177352905273,0.45561974638051794,obse,soup_scene3,70,old
1954,8.761874437332153,0.45527621553664394,obse,soup_scene3,70,old
1955,8.766824960708618,0.45527621553664394,obse,soup_scene3,70,old
1956,8.771979808807373,0.4568082453651122,obse,soup_scene3,70,old
1957,8.776827573776245,0.455121893515904,obse,soup_scene3,70,old
1958,8.78182601928711,0.455121893515904,obse,soup_scene3,70,old
1959,8.786808252334595,0.4542810871504847,obse,soup_scene3,70,old
1960,8.79166316986084,0.4542810871504847,obse,soup_scene3,70,old
1961,8.796713590621948,0.45450277787837523,obse,soup_scene3,70,old
1962,8.80141544342041,0.25460227368413285,obse,soup_scene3,70,old
1963,8.80654239654541,0.2404237979936452,obse,soup_scene3,70,old
1964,8.811408996582031,0.2404237979936452,obse,soup_scene3,70,old
1965,8.815981149673462,0.24140351665690907,obse,soup_scene3,70,old
1966,8.820744514465332,0.2410053468268368,obse,soup_scene3,70,old
1967,8.825024127960205,0.2410053468268368,obse,soup_scene3,70,old
1968,8.8299720287323,0.24044527976800353,obse,soup_scene3,70,old
1969,8.834305047988892,0.23987103925986095,obse,soup_scene3,70,old
1970,8.838925838470459,0.23922815068516073,obse,soup_scene3,70,old
1971,8.843234539031982,0.23917195270019384,obse,soup_scene3,70,old
1972,8.84759783744812,0.23873784180243174,obse,soup_scene3,70,old
1973,8.851956367492676,0.2396847832133192,obse,soup_scene3,70,old
1974,8.856361150741577,0.2396847832133192,obse,soup_scene3,70,old
1975,8.861215829849243,0.24007364754862606,obse,soup_scene3,70,old
1976,8.865410089492798,0.2404213518520736,obse,soup_scene3,70,old
1977,8.869953393936157,0.24057693768119476,obse,soup_scene3,70,old
1978,8.874242067337036,0.24064463020144117,obse,soup_scene3,70,old
1979,8.87876558303833,0.24042324998717388,obse,soup_scene3,70,old
1980,8.88308835029602,0.2407078204838386,obse,soup_scene3,70,old
1981,8.887591361999512,0.24198629965483456,obse,soup_scene3,70,old
1982,8.892089366912842,0.24179670209545695,obse,soup_scene3,70,old
1983,8.896560907363892,0.24110897515663457,obse,soup_scene3,70,old
1984,8.900863647460938,0.24125681873955923,obse,soup_scene3,70,old
1985,8.905456781387329,0.2403653750447945,obse,soup_scene3,70,old
1986,8.909812211990356,0.23951737416748514,obse,soup_scene3,70,old
1987,8.914281845092773,0.23951737416748514,obse,soup_scene3,70,old
1988,8.918639659881592,0.2404727237223604,obse,soup_scene3,70,old
1989,8.923128604888916,0.2404727237223604,obse,soup_scene3,70,old
1990,8.927593469619751,0.24149140538179206,obse,soup_scene3,70,old
1991,8.93192720413208,0.24149140538179206,obse,soup_scene3,70,old
1992,8.936325550079346,0.2414339286938954,obse,soup_scene3,70,old
1993,8.940765380859375,0.2414339286938954,obse,soup_scene3,70,old
1994,8.945471048355103,0.35161194677587193,obse,soup_scene3,70,old
1995,8.949865579605103,0.35161194677587193,obse,soup_scene3,70,old
1996,8.954482793807983,0.368434108911575,obse,soup_scene3,70,old
1997,8.958709478378296,0.36847498940945267,obse,soup_scene3,70,old
1998,8.963174819946289,0.3704248608737408,obse,soup_scene3,70,old
1999,8.967355966567993,0.37015073821949424,obse,soup_scene3,70,old
2000,8.97197675704956,0.3700738999353003,obse,soup_scene3,70,old
2001,8.976538181304932,0.37014941486936603,obse,soup_scene3,70,old
2002,8.980667114257812,0.37014941486936603,obse,soup_scene3,70,old
2003,8.984922885894775,0.37014941486936603,obse,soup_scene3,70,old
2004,8.989307165145874,0.3704896782825703,obse,soup_scene3,70,old
2005,8.993725776672363,0.36991378437319006,obse,soup_scene3,70,old
2006,8.998477935791016,0.33208388212897205,obse,soup_scene3,70,old
2007,9.002934217453003,0.32508733505133963,obse,soup_scene3,70,old
2008,9.007489919662476,0.32552272701104346,obse,soup_scene3,70,old
2009,9.011937856674194,0.3218749278966216,obse,soup_scene3,70,old
2010,9.016242027282715,0.3226401794734013,obse,soup_scene3,70,old
2011,9.020833969116211,0.3232667599591651,obse,soup_scene3,70,old
2012,9.025092363357544,0.3232667599591651,obse,soup_scene3,70,old
2013,9.029719591140747,0.32413416162514713,obse,soup_scene3,70,old
2014,9.033964157104492,0.32413416162514713,obse,soup_scene3,70,old
2015,9.038495779037476,0.3244041182743417,obse,soup_scene3,70,old
2016,9.042746782302856,0.32303030289726886,obse,soup_scene3,70,old
2017,9.047534227371216,0.3228309167323225,obse,soup_scene3,70,old
2018,9.05199146270752,0.3228309167323225,obse,soup_scene3,70,old
2019,9.056395292282104,0.3223027881882043,obse,soup_scene3,70,old
2020,9.060720920562744,0.3223027881882043,obse,soup_scene3,70,old
2021,9.065236806869507,0.3224875391940307,obse,soup_scene3,70,old
2022,9.069654703140259,0.29863572484879225,obse,soup_scene3,70,old
2023,9.074146270751953,0.29497584673548316,obse,soup_scene3,70,old
2024,9.078905582427979,0.2948788186289341,obse,soup_scene3,70,old
2025,9.083473205566406,0.29445834970540524,obse,soup_scene3,70,old
2026,9.088102340698242,0.29393208911805074,obse,soup_scene3,70,old
2027,9.093001365661621,0.2944126774610634,obse,soup_scene3,70,old
2028,9.097744941711426,0.2941235579597339,obse,soup_scene3,70,old
2029,9.102380990982056,0.29394946291689056,obse,soup_scene3,70,old
2030,9.1070876121521,0.2940572609191685,obse,soup_scene3,70,old
2031,9.111671924591064,0.2935342097124354,obse,soup_scene3,70,old
2032,9.116131067276001,0.2934302005500167,obse,soup_scene3,70,old
2033,9.120628595352173,0.2943238118792123,obse,soup_scene3,70,old
2034,9.125062465667725,0.2943238118792123,obse,soup_scene3,70,old
2035,9.129613161087036,0.3894081450984528,obse,soup_scene3,70,old
2036,9.134855031967163,0.4054781173441368,obse,soup_scene3,70,old
2037,9.139996767044067,0.40883589163337897,obse,soup_scene3,70,old
2038,9.144574642181396,0.4084207836941432,obse,soup_scene3,70,old
2039,9.148822546005249,0.4084207836941432,obse,soup_scene3,70,old
2040,9.153804540634155,0.4086601420361563,obse,soup_scene3,70,old
2041,9.158096313476562,0.4086601420361563,obse,soup_scene3,70,old
2042,9.16263723373413,0.4096680481401276,obse,soup_scene3,70,old
2043,9.167147159576416,0.4096680481401276,obse,soup_scene3,70,old
2044,9.171960830688477,0.4105225582439095,obse,soup_scene3,70,old
2045,9.176410675048828,0.4105225582439095,obse,soup_scene3,70,old
2046,9.180994272232056,0.409987305323992,obse,soup_scene3,70,old
2047,9.18533706665039,0.4088734360027954,obse,soup_scene3,70,old
2048,9.1897873878479,0.4088734360027954,obse,soup_scene3,70,old
2049,9.194334268569946,0.40762442982518643,obse,soup_scene3,70,old
2050,9.19861912727356,0.40762442982518643,obse,soup_scene3,70,old
2051,9.203265905380249,0.2845494546451047,obse,soup_scene3,70,old
2052,9.207740306854248,0.2686946891374048,obse,soup_scene3,70,old
2053,9.212357997894287,0.2655635560143877,obse,soup_scene3,70,old
2054,9.216587781906128,0.2655635560143877,obse,soup_scene3,70,old
2055,9.221176385879517,0.26615124442913396,obse,soup_scene3,70,old
2056,9.225384712219238,0.26615124442913396,obse,soup_scene3,70,old
2057,9.230053186416626,0.26632688582341485,obse,soup_scene3,70,old
2058,9.234630346298218,0.26819159036853996,obse,soup_scene3,70,old
2059,9.239306211471558,0.26819159036853996,obse,soup_scene3,70,old
2060,9.243693828582764,0.26800760293627496,obse,soup_scene3,70,old
2061,9.248178005218506,0.2679116347306391,obse,soup_scene3,70,old
2062,9.252565383911133,0.2675170340256013,obse,soup_scene3,70,old
2063,9.257140636444092,0.2675170340256013,obse,soup_scene3,70,old
2064,9.261830806732178,0.26573826690308466,obse,soup_scene3,70,old
2065,9.266252040863037,0.16631854023099063,obse,soup_scene3,70,old
2066,9.270879030227661,0.15898441482440065,obse,soup_scene3,70,old
2067,9.27532434463501,0.15898441482440065,obse,soup_scene3,70,old
2068,9.279867887496948,0.15760811850722975,obse,soup_scene3,70,old
2069,9.284267663955688,0.1576140285651183,obse,soup_scene3,70,old
2070,9.289747714996338,0.1583066366478136,obse,soup_scene3,70,old
2071,9.296602249145508,0.15942998390618016,obse,soup_scene3,70,old
2072,9.303082942962646,0.15767229025967067,obse,soup_scene3,70,old
2073,9.308329582214355,0.15767229025967067,obse,soup_scene3,70,old
2074,9.313301086425781,0.1588680793922641,obse,soup_scene3,70,old
2075,9.317567586898804,0.15865045455660853,obse,soup_scene3,70,old
2076,9.322195768356323,0.15877380352983267,obse,soup_scene3,70,old
2077,9.32875370979309,0.1608119508572965,obse,soup_scene3,70,old
2078,9.33361005783081,0.1608119508572965,obse,soup_scene3,70,old
2079,9.338984251022339,0.16128599963000229,obse,soup_scene3,70,old
2080,9.34341025352478,0.1522314926415241,obse,soup_scene3,70,old
2081,9.347830295562744,0.1497746842786017,obse,soup_scene3,70,old
2082,9.352420091629028,0.1446038735153691,obse,soup_scene3,70,old
2083,9.35692834854126,0.1446038735153691,obse,soup_scene3,70,old
2084,9.361575603485107,0.14425727540668953,obse,soup_scene3,70,old
2085,9.365898132324219,0.14425727540668953,obse,soup_scene3,70,old
2086,9.370505094528198,0.1435745537088532,obse,soup_scene3,70,old
2087,9.37506365776062,0.1435745537088532,obse,soup_scene3,70,old
2088,9.379560232162476,0.14408696454199832,obse,soup_scene3,70,old
2089,9.383959531784058,0.14408696454199832,obse,soup_scene3,70,old
2090,9.388586521148682,0.14437614084087175,obse,soup_scene3,70,old
2091,9.393057346343994,0.2307009292089399,obse,soup_scene3,70,old
2092,9.397586345672607,0.24753876945962042,obse,soup_scene3,70,old
2093,9.402020692825317,0.24857404901355054,obse,soup_scene3,70,old
2094,9.406680345535278,0.2502830679009719,obse,soup_scene3,70,old
2095,9.41130018234253,0.25016072965037006,obse,soup_scene3,70,old
2096,9.415569067001343,0.25016072965037006,obse,soup_scene3,70,old
2097,9.420040369033813,0.25068715674509284,obse,soup_scene3,70,old
2098,9.424292087554932,0.25068715674509284,obse,soup_scene3,70,old
2099,9.428903102874756,0.24973440383090945,obse,soup_scene3,70,old
2100,9.434213399887085,0.2493594345408197,obse,soup_scene3,70,old
2101,9.438657760620117,0.2493594345408197,obse,soup_scene3,70,old
2102,9.443387508392334,0.2495983992571203,obse,soup_scene3,70,old
2103,9.448404788970947,0.2499688550528274,obse,soup_scene3,70,old
2104,9.453411340713501,0.25032553421496023,obse,soup_scene3,70,old
2105,9.458230972290039,0.25032553421496023,obse,soup_scene3,70,old
2106,9.463613271713257,0.2745313949902425,obse,soup_scene3,70,old
2107,9.468699932098389,0.27428697180532197,obse,soup_scene3,70,old
2108,9.473577976226807,0.2744576776609353,obse,soup_scene3,70,old
2109,9.47823691368103,0.2743793540933735,obse,soup_scene3,70,old
2110,9.482380628585815,0.2746563783819774,obse,soup_scene3,70,old
2111,9.486835718154907,0.274769232865406,obse,soup_scene3,70,old
2112,9.491169214248657,0.27548814656427084,obse,soup_scene3,70,old
2113,9.495689153671265,0.27479120366191684,obse,soup_scene3,70,old
2114,9.500008583068848,0.27479120366191684,obse,soup_scene3,70,old
2115,9.504645109176636,0.27489432037898354,obse,soup_scene3,70,old
2116,9.508686304092407,0.27489432037898354,obse,soup_scene3,70,old
2117,9.513356924057007,0.2746064426988187,obse,soup_scene3,70,old
2118,9.517707109451294,0.2745238432106387,obse,soup_scene3,70,old
2119,9.522186994552612,0.3052753318179545,obse,soup_scene3,70,old
2120,9.526392459869385,0.30551484938868906,obse,soup_scene3,70,old
2121,9.531007766723633,0.3077891648588784,obse,soup_scene3,70,old
2122,9.535768747329712,0.30717390456863103,obse,soup_scene3,70,old
2123,9.540781736373901,0.30717390456863103,obse,soup_scene3,70,old
2124,9.545958995819092,0.3080273291935627,obse,soup_scene3,70,old
2125,9.550195217132568,0.3080273291935627,obse,soup_scene3,70,old
2126,9.55503249168396,0.3076924753498323,obse,soup_scene3,70,old
2127,9.559203624725342,0.3077864686111487,obse,soup_scene3,70,old
2128,9.563861608505249,0.3075385020375718,obse,soup_scene3,70,old
2129,9.568469762802124,0.3079678912470303,obse,soup_scene3,70,old
2130,9.57330584526062,0.3079678912470303,obse,soup_scene3,70,old
2131,9.577744483947754,0.3086391909908818,obse,soup_scene3,70,old
2132,9.582132577896118,0.3086391909908818,obse,soup_scene3,70,old
2133,9.58657956123352,0.3082267121559361,obse,soup_scene3,70,old
2134,9.591101169586182,0.3786556515637579,obse,soup_scene3,70,old
2135,9.595741510391235,0.3787089310109921,obse,soup_scene3,70,old
2136,9.600066661834717,0.3862453758146173,obse,soup_scene3,70,old
2137,9.604705095291138,0.3857302551176741,obse,soup_scene3,70,old
2138,9.608760118484497,0.3857302551176741,obse,soup_scene3,70,old
2139,9.612842321395874,0.3857302551176741,obse,soup_scene3,70,old
2140,9.617456197738647,0.38575890613517194,obse,soup_scene3,70,old
2141,9.621988534927368,0.3859542294050513,obse,soup_scene3,70,old
2142,9.626189708709717,0.3859542294050513,obse,soup_scene3,70,old
2143,9.630829811096191,0.38554538656003384,obse,soup_scene3,70,old
2144,9.635375261306763,0.38554538656003384,obse,soup_scene3,70,old
2145,9.64014744758606,0.3863333344413671,obse,soup_scene3,70,old
2146,9.644531965255737,0.385630673803683,obse,soup_scene3,70,old
2147,9.648901462554932,0.385630673803683,obse,soup_scene3,70,old
2148,9.653407573699951,0.3851611207942822,obse,soup_scene3,70,old
2149,9.65795636177063,0.22238485537700728,obse,soup_scene3,70,old
2150,9.662503957748413,0.22285989788960744,obse,soup_scene3,70,old
2151,9.666879177093506,0.20625492860458988,obse,soup_scene3,70,old
2152,9.671727657318115,0.20587039783006925,obse,soup_scene3,70,old
2153,9.675905466079712,0.20587039783006925,obse,soup_scene3,70,old
2154,9.680653810501099,0.2060056461137974,obse,soup_scene3,70,old
2155,9.685109376907349,0.2066355648405676,obse,soup_scene3,70,old
2156,9.689700603485107,0.2066355648405676,obse,soup_scene3,70,old
2157,9.694087266921997,0.20619308611026851,obse,soup_scene3,70,old
2158,9.698614358901978,0.20619308611026851,obse,soup_scene3,70,old
2159,9.703237771987915,0.20739932006923603,obse,soup_scene3,70,old
2160,9.707836389541626,0.20739932006923603,obse,soup_scene3,70,old
2161,9.712614297866821,0.20636033014740335,obse,soup_scene3,70,old
2162,9.71672797203064,0.20636033014740335,obse,soup_scene3,70,old
2163,9.721461772918701,0.20574993153821572,obse,soup_scene3,70,old
2164,9.726089239120483,0.13062394239223624,obse,soup_scene3,70,old
2165,9.730674982070923,0.12363334349245815,obse,soup_scene3,70,old
2166,9.734978437423706,0.12370374472324841,obse,soup_scene3,70,old
2167,9.739646196365356,0.12370374472324841,obse,soup_scene3,70,old
2168,9.744088411331177,0.12340349977523156,obse,soup_scene3,70,old
2169,9.748567819595337,0.12340349977523156,obse,soup_scene3,70,old
2170,9.752700805664062,0.12340349977523156,obse,soup_scene3,70,old
2171,9.75710916519165,0.12292409297334123,obse,soup_scene3,70,old
2172,9.76150918006897,0.12292409297334123,obse,soup_scene3,70,old
2173,9.766113042831421,0.12312551191830569,obse,soup_scene3,70,old
2174,9.770635843276978,0.12352176630033804,obse,soup_scene3,70,old
2175,9.775353908538818,0.12339541315842537,obse,soup_scene3,70,old
2176,9.780151605606079,0.12339541315842537,obse,soup_scene3,70,old
2177,9.784427404403687,0.12418301854308945,obse,soup_scene3,70,old
2178,9.788769006729126,0.12411677861798631,obse,soup_scene3,70,old
2179,9.792964220046997,0.12411677861798631,obse,soup_scene3,70,old
2180,9.797096252441406,0.12379572453999377,obse,soup_scene3,70,old
2181,9.801457166671753,0.12361651188395249,obse,soup_scene3,70,old
2182,9.806209564208984,0.12366021517651744,obse,soup_scene3,70,old
2183,9.810261726379395,0.12260012852666777,obse,soup_scene3,70,old
2184,9.814272165298462,0.12260012852666777,obse,soup_scene3,70,old
2185,9.818325281143188,0.12260012852666777,obse,soup_scene3,70,old
2186,9.82262921333313,0.12287327356902908,obse,soup_scene3,70,old
2187,9.826686382293701,0.12287327356902908,obse,soup_scene3,70,old
2188,9.83091926574707,0.12302649635427383,obse,soup_scene3,70,old
2189,9.83545732498169,0.12144261319993149,obse,soup_scene3,70,old
2190,9.84067702293396,0.12161433852556454,obse,soup_scene3,70,old
2191,9.845564842224121,0.1215686406807678,obse,soup_scene3,70,old
2192,9.850450038909912,0.1215686406807678,obse,soup_scene3,70,old
2193,9.855200290679932,0.1215686406807678,obse,soup_scene3,70,old
2194,9.859672546386719,0.12142140715264681,obse,soup_scene3,70,old
2195,9.863890886306763,0.12142140715264681,obse,soup_scene3,70,old
2196,9.868628740310669,0.20684572475101332,obse,soup_scene3,70,old
2197,9.873781681060791,0.22601220542704117,obse,soup_scene3,70,old
2198,9.878570079803467,0.2260708827916659,obse,soup_scene3,70,old
2199,9.883416652679443,0.22543563641237727,obse,soup_scene3,70,old
2200,9.888708591461182,0.2253769900157342,obse,soup_scene3,70,old
2201,9.893862247467041,0.22570355206735418,obse,soup_scene3,70,old
2202,9.899206161499023,0.22585011559216847,obse,soup_scene3,70,old
2203,9.904168128967285,0.2251465584887137,obse,soup_scene3,70,old
2204,9.909387350082397,0.22522102839752775,obse,soup_scene3,70,old
2205,9.914588689804077,0.22557240552175828,obse,soup_scene3,70,old
2206,9.91950273513794,0.22533136288999356,obse,soup_scene3,70,old
2207,9.924138307571411,0.2253936577953015,obse,soup_scene3,70,old
2208,9.92861294746399,0.2255634412115224,obse,soup_scene3,70,old
2209,9.933403491973877,0.22581576092549377,obse,soup_scene3,70,old
2210,9.938482522964478,0.2252520621619844,obse,soup_scene3,70,old
2211,9.94283151626587,0.2252520621619844,obse,soup_scene3,70,old
2212,9.947339296340942,0.27048603647565944,obse,soup_scene3,70,old
2213,9.9517662525177,0.27118841382480835,obse,soup_scene3,70,old
2214,9.956035614013672,0.27118841382480835,obse,soup_scene3,70,old
2215,9.960500001907349,0.27319302775961485,obse,soup_scene3,70,old
2216,9.965222597122192,0.27319302775961485,obse,soup_scene3,70,old
2217,9.96975564956665,0.2733649954377427,obse,soup_scene3,70,old
2218,9.9741370677948,0.2733649954377427,obse,soup_scene3,70,old
2219,9.978814840316772,0.27124805867685753,obse,soup_scene3,70,old
2220,9.982953548431396,0.27124805867685753,obse,soup_scene3,70,old
2221,9.987500429153442,0.2721096952887106,obse,soup_scene3,70,old
2222,9.99168586730957,0.2721096952887106,obse,soup_scene3,70,old
2223,9.996316194534302,0.2715339132073073,obse,soup_scene3,70,old
2224,10.00051498413086,0.2715339132073073,obse,soup_scene3,70,old
2225,10.005073070526123,0.2720564829716748,obse,soup_scene3,70,old
2226,10.00948977470398,0.2720564829716748,obse,soup_scene3,70,old
2227,10.013953924179077,0.2712563040959103,obse,soup_scene3,70,old
2228,10.018561601638794,0.36426537176886936,obse,soup_scene3,70,old
2229,10.022890329360962,0.3727051375254396,obse,soup_scene3,70,old
2230,10.027334213256836,0.37263732188944065,obse,soup_scene3,70,old
2231,10.031587362289429,0.37263732188944065,obse,soup_scene3,70,old
2232,10.036044836044312,0.37391718156528914,obse,soup_scene3,70,old
2233,10.040704488754272,0.37391718156528914,obse,soup_scene3,70,old
2234,10.045251607894897,0.3750156815493579,obse,soup_scene3,70,old
2235,10.049576997756958,0.3750156815493579,obse,soup_scene3,70,old
2236,10.054117918014526,0.37451134552916304,obse,soup_scene3,70,old
2237,10.058664560317993,0.37451134552916304,obse,soup_scene3,70,old
2238,10.06324315071106,0.3734651994257536,obse,soup_scene3,70,old
2239,10.067516565322876,0.3734651994257536,obse,soup_scene3,70,old
2240,10.073061227798462,0.3185997305120301,obse,soup_scene3,70,old
2241,10.078476667404175,0.3147097500940248,obse,soup_scene3,70,old
2242,10.083493947982788,0.3147097500940248,obse,soup_scene3,70,old
2243,10.08823037147522,0.3153433584678227,obse,soup_scene3,70,old
2244,10.09348464012146,0.3155673221376214,obse,soup_scene3,70,old
2245,10.098047733306885,0.3155673221376214,obse,soup_scene3,70,old
2246,10.10258936882019,0.31454837287500287,obse,soup_scene3,70,old
2247,10.108404159545898,0.31454837287500287,obse,soup_scene3,70,old
2248,10.113158226013184,0.3152311202328042,obse,soup_scene3,70,old
2249,10.117531776428223,0.31483798188414736,obse,soup_scene3,70,old
2250,10.121865510940552,0.3149623286710853,obse,soup_scene3,70,old
2251,10.12600064277649,0.1944842713111748,obse,soup_scene3,70,old
2252,10.132587909698486,0.17247485010600205,obse,soup_scene3,70,old
2253,10.137648105621338,0.17317572933639117,obse,soup_scene3,70,old
2254,10.14214825630188,0.17317572933639117,obse,soup_scene3,70,old
2255,10.14685583114624,0.17421582759235155,obse,soup_scene3,70,old
2256,10.151132583618164,0.17421582759235155,obse,soup_scene3,70,old
2257,10.155342102050781,0.17421582759235155,obse,soup_scene3,70,old
2258,10.159682750701904,0.17417574962808502,obse,soup_scene3,70,old
2259,10.163961410522461,0.17417574962808502,obse,soup_scene3,70,old
2260,10.16820740699768,0.174133729790232,obse,soup_scene3,70,old
2261,10.17257308959961,0.17411529184585114,obse,soup_scene3,70,old
2262,10.176771640777588,0.17411529184585114,obse,soup_scene3,70,old
2263,10.18117642402649,0.1732510698737801,obse,soup_scene3,70,old
2264,10.18540620803833,0.17297711547140546,obse,soup_scene3,70,old
2265,10.189799547195435,0.1737433673634218,obse,soup_scene3,70,old
2266,10.194135189056396,0.1737433673634218,obse,soup_scene3,70,old
2267,10.198652982711792,0.11427683270720854,obse,soup_scene3,70,old
2268,10.202765703201294,0.11427683270720854,obse,soup_scene3,70,old
2269,10.207334756851196,0.11061075767046753,obse,soup_scene3,70,old
2270,10.211697816848755,0.11005558625544333,obse,soup_scene3,70,old
2271,10.215999841690063,0.11005558625544333,obse,soup_scene3,70,old
2272,10.220312595367432,0.10927271571556985,obse,soup_scene3,70,old
2273,10.224475622177124,0.10927271571556985,obse,soup_scene3,70,old
2274,10.228665828704834,0.10927271571556985,obse,soup_scene3,70,old
2275,10.232983827590942,0.11001708285650115,obse,soup_scene3,70,old
2276,10.23712158203125,0.11001708285650115,obse,soup_scene3,70,old
2277,10.241456270217896,0.11001708285650115,obse,soup_scene3,70,old
2278,10.245841264724731,0.11067098383568161,obse,soup_scene3,70,old
2279,10.250089645385742,0.11067098383568161,obse,soup_scene3,70,old
2280,10.254180669784546,0.11067098383568161,obse,soup_scene3,70,old
2281,10.258610010147095,0.11135261347357585,obse,soup_scene3,70,old
2282,10.262871265411377,0.2044638891467927,obse,soup_scene3,70,old
2283,10.26722264289856,0.20420170746687571,obse,soup_scene3,70,old
2284,10.272083044052124,0.20420170746687571,obse,soup_scene3,70,old
2285,10.276335000991821,0.2116768748384994,obse,soup_scene3,70,old
2286,10.280451774597168,0.2116768748384994,obse,soup_scene3,70,old
2287,10.284864664077759,0.2114320690849098,obse,soup_scene3,70,old
2288,10.289379119873047,0.21118822041705082,obse,soup_scene3,70,old
2289,10.293945789337158,0.21230364923337763,obse,soup_scene3,70,old
2290,10.29865837097168,0.21295553147840945,obse,soup_scene3,70,old
2291,10.30309534072876,0.21274448749826771,obse,soup_scene3,70,old
2292,10.307857036590576,0.21259612118898624,obse,soup_scene3,70,old
2293,10.312397956848145,0.21256965476018483,obse,soup_scene3,70,old
2294,10.317036151885986,0.21186957641479567,obse,soup_scene3,70,old
2295,10.32183027267456,0.21184741487203781,obse,soup_scene3,70,old
2296,10.32634949684143,0.19862475580839498,obse,soup_scene3,70,old
2297,10.33092713356018,0.1980014968978465,obse,soup_scene3,70,old
2298,10.335466384887695,0.1977070155113568,obse,soup_scene3,70,old
2299,10.340177774429321,0.19951925539360105,obse,soup_scene3,70,old
2300,10.34458327293396,0.19982093188374453,obse,soup_scene3,70,old
2301,10.348847150802612,0.19982093188374453,obse,soup_scene3,70,old
2302,10.353371143341064,0.19970865205255062,obse,soup_scene3,70,old
2303,10.357632637023926,0.19970865205255062,obse,soup_scene3,70,old
2304,10.362341403961182,0.19857624707171728,obse,soup_scene3,70,old
2305,10.366579294204712,0.19857624707171728,obse,soup_scene3,70,old
2306,10.37117314338684,0.19854063740535582,obse,soup_scene3,70,old
2307,10.375335216522217,0.19854063740535582,obse,soup_scene3,70,old
2308,10.379947423934937,0.19873632682143474,obse,soup_scene3,70,old
2309,10.384192705154419,0.19857681116826975,obse,soup_scene3,70,old
2310,10.388779401779175,0.19797082806590396,obse,soup_scene3,70,old
2311,10.393128871917725,0.21955485548847198,obse,soup_scene3,70,old
2312,10.397586584091187,0.22145245556349172,obse,soup_scene3,70,old
2313,10.402069330215454,0.22117528318066018,obse,soup_scene3,70,old
2314,10.406408786773682,0.22117528318066018,obse,soup_scene3,70,old
2315,10.4107506275177,0.22213603466736498,obse,soup_scene3,70,old
2316,10.415031671524048,0.22213603466736498,obse,soup_scene3,70,old
2317,10.419448614120483,0.22195745615035323,obse,soup_scene3,70,old
2318,10.423878908157349,0.22334927517696143,obse,soup_scene3,70,old
2319,10.42898941040039,0.22330623233165517,obse,soup_scene3,70,old
2320,10.43311882019043,0.22330623233165517,obse,soup_scene3,70,old
2321,10.43756365776062,0.22441712907825503,obse,soup_scene3,70,old
2322,10.441889762878418,0.22441712907825503,obse,soup_scene3,70,old
2323,10.446407556533813,0.22377610939584072,obse,soup_scene3,70,old
2324,10.45072889328003,0.22384874605118418,obse,soup_scene3,70,old
2325,10.455289363861084,0.2238456119419242,obse,soup_scene3,70,old
2326,10.459784507751465,0.3557992771469131,obse,soup_scene3,70,old
2327,10.464119911193848,0.3706597804354258,obse,soup_scene3,70,old
2328,10.468451976776123,0.3711272843351136,obse,soup_scene3,70,old
2329,10.473129034042358,0.3711272843351136,obse,soup_scene3,70,old
2330,10.47745656967163,0.37012139938198046,obse,soup_scene3,70,old
2331,10.481921434402466,0.37012139938198046,obse,soup_scene3,70,old
2332,10.486348390579224,0.37293623831171246,obse,soup_scene3,70,old
2333,10.49077582359314,0.37293623831171246,obse,soup_scene3,70,old
2334,10.495270729064941,0.3732232594662433,obse,soup_scene3,70,old
2335,10.499574422836304,0.3732232594662433,obse,soup_scene3,70,old
2336,10.503957271575928,0.3745205396195373,obse,soup_scene3,70,old
2337,10.50829792022705,0.3745205396195373,obse,soup_scene3,70,old
2338,10.51370882987976,0.3747065776850944,obse,soup_scene3,70,old
2339,10.518006086349487,0.37472011705820873,obse,soup_scene3,70,old
2340,10.522853136062622,0.37373388259200224,obse,soup_scene3,70,old
2341,10.527200698852539,0.3734175163353207,obse,soup_scene3,70,old
2342,10.531527042388916,0.3734175163353207,obse,soup_scene3,70,old
2343,10.536168098449707,0.27561871070888055,obse,soup_scene3,70,old
2344,10.540757656097412,0.2664983452864856,obse,soup_scene3,70,old
2345,10.5456063747406,0.26693577929387147,obse,soup_scene3,70,old
2346,10.550414085388184,0.26693577929387147,obse,soup_scene3,70,old
2347,10.555084943771362,0.2669648434971188,obse,soup_scene3,70,old
2348,10.559447050094604,0.2672295762715471,obse,soup_scene3,70,old
2349,10.563925743103027,0.26726070949091163,obse,soup_scene3,70,old
2350,10.568110466003418,0.2670180206532595,obse,soup_scene3,70,old
2351,10.572771310806274,0.2677508005404253,obse,soup_scene3,70,old
2352,10.577432870864868,0.2662203074057646,obse,soup_scene3,70,old
2353,10.582377910614014,0.2662203074057646,obse,soup_scene3,70,old
2354,10.586729526519775,0.26777783631691515,obse,soup_scene3,70,old
2355,10.590984106063843,0.26777783631691515,obse,soup_scene3,70,old
2356,10.595410585403442,0.26810029727818174,obse,soup_scene3,70,old
2357,10.599506616592407,0.26810029727818174,obse,soup_scene3,70,old
2358,10.604050874710083,0.192278743204001,obse,soup_scene3,70,old
2359,10.608401775360107,0.1821277062796585,obse,soup_scene3,70,old
2360,10.613020181655884,0.18166424434603823,obse,soup_scene3,70,old
2361,10.617312908172607,0.1808751576402539,obse,soup_scene3,70,old
2362,10.621820211410522,0.1809163280034377,obse,soup_scene3,70,old
2363,10.626153469085693,0.18185264171802198,obse,soup_scene3,70,old
2364,10.630656480789185,0.18438686074325417,obse,soup_scene3,70,old
2365,10.634978532791138,0.18419986195976523,obse,soup_scene3,70,old
2366,10.6395742893219,0.1844091805216695,obse,soup_scene3,70,old
2367,10.643885135650635,0.18243017660180139,obse,soup_scene3,70,old
2368,10.64815354347229,0.18243017660180139,obse,soup_scene3,70,old
2369,10.652628660202026,0.18216940999046266,obse,soup_scene3,70,old
2370,10.657071590423584,0.18216940999046266,obse,soup_scene3,70,old
2371,10.661594867706299,0.1468864637010314,obse,soup_scene3,70,old
2372,10.665956020355225,0.1427738973675444,obse,soup_scene3,70,old
2373,10.67063021659851,0.1475767373732375,obse,soup_scene3,70,old
2374,10.674755334854126,0.1475767373732375,obse,soup_scene3,70,old
2375,10.679320812225342,0.14762690058208253,obse,soup_scene3,70,old
2376,10.683476448059082,0.14764224880524543,obse,soup_scene3,70,old
2377,10.687824249267578,0.14619720545393147,obse,soup_scene3,70,old
2378,10.692278385162354,0.14619720545393147,obse,soup_scene3,70,old
2379,10.696686744689941,0.14649140193355173,obse,soup_scene3,70,old
2380,10.700883865356445,0.14645615828265052,obse,soup_scene3,70,old
2381,10.705519676208496,0.14739025462129915,obse,soup_scene3,70,old
2382,10.709770917892456,0.1474074977137162,obse,soup_scene3,70,old
2383,10.714142560958862,0.14711087216705754,obse,soup_scene3,70,old
2384,10.718333721160889,0.1433769003814167,obse,soup_scene3,70,old
2385,10.72270941734314,0.2707145342489542,obse,soup_scene3,70,old
2386,10.727111577987671,0.27196551317188455,obse,soup_scene3,70,old
2387,10.732808351516724,0.2843829441790801,obse,soup_scene3,70,old
2388,10.739609003067017,0.2833363766017817,obse,soup_scene3,70,old
2389,10.746079921722412,0.2833108968108374,obse,soup_scene3,70,old
2390,10.751018047332764,0.28334043019094673,obse,soup_scene3,70,old
2391,10.755044221878052,0.28441608878233965,obse,soup_scene3,70,old
2392,10.759101629257202,0.28441608878233965,obse,soup_scene3,70,old
2393,10.763289451599121,0.28431330399490706,obse,soup_scene3,70,old
2394,10.767382860183716,0.2845326436173024,obse,soup_scene3,70,old
2395,10.77339243888855,0.2858381141387817,obse,soup_scene3,70,old
2396,10.77991247177124,0.28599900310597187,obse,soup_scene3,70,old
2397,10.784280061721802,0.2861787989140735,obse,soup_scene3,70,old
2398,10.78871774673462,0.2850565689667324,obse,soup_scene3,70,old
2399,10.793203592300415,0.31941292605690563,obse,soup_scene3,70,old
2400,10.7975754737854,0.3253005441662106,obse,soup_scene3,70,old
2401,10.801995754241943,0.32392636449260753,obse,soup_scene3,70,old
2402,10.806381464004517,0.32392636449260753,obse,soup_scene3,70,old
2403,10.810760498046875,0.3237140770570922,obse,soup_scene3,70,old
2404,10.816160440444946,0.3222261722447265,obse,soup_scene3,70,old
2405,10.820505857467651,0.32293333483736875,obse,soup_scene3,70,old
2406,10.824676990509033,0.32293333483736875,obse,soup_scene3,70,old
2407,10.829201698303223,0.3267599240567519,obse,soup_scene3,70,old
2408,10.833339929580688,0.3267599240567519,obse,soup_scene3,70,old
2409,10.838472604751587,0.3250333713343902,obse,soup_scene3,70,old
2410,10.842941045761108,0.325117187665302,obse,soup_scene3,70,old
2411,10.847333669662476,0.3250625580425423,obse,soup_scene3,70,old
2412,10.851690769195557,0.32431015916988215,obse,soup_scene3,70,old
2413,10.855988502502441,0.32431015916988215,obse,soup_scene3,70,old
2414,10.860288381576538,0.32669233899437533,obse,soup_scene3,70,old
2415,10.864645719528198,0.29360076545424224,obse,soup_scene3,70,old
2416,10.868922472000122,0.29061996834178294,obse,soup_scene3,70,old
2417,10.874269247055054,0.2883990616232488,obse,soup_scene3,70,old
2418,10.878657817840576,0.28769837180466773,obse,soup_scene3,70,old
2419,10.882866144180298,0.28769837180466773,obse,soup_scene3,70,old
2420,10.887256145477295,0.29118180121796833,obse,soup_scene3,70,old
2421,10.891448259353638,0.29118180121796833,obse,soup_scene3,70,old
2422,10.896068334579468,0.29405306401402803,obse,soup_scene3,70,old
2423,10.900160789489746,0.29405306401402803,obse,soup_scene3,70,old
2424,10.905994176864624,0.29261611864997766,obse,soup_scene3,70,old
2425,10.912668466567993,0.2898745208182566,obse,soup_scene3,70,old
2426,10.919341802597046,0.29076272355760385,obse,soup_scene3,70,old
2427,10.924246549606323,0.29076272355760385,obse,soup_scene3,70,old
2428,10.928625583648682,0.29269039151053855,obse,soup_scene3,70,old
2429,10.934519290924072,0.2722512111679905,obse,soup_scene3,70,old
2430,10.941075325012207,0.269704474236036,obse,soup_scene3,70,old
2431,10.94548511505127,0.2709785071477464,obse,soup_scene3,70,old
2432,10.949669122695923,0.2709785071477464,obse,soup_scene3,70,old
2433,10.953703165054321,0.2709785071477464,obse,soup_scene3,70,old
2434,10.958037614822388,0.27217867812103497,obse,soup_scene3,70,old
2435,10.962235450744629,0.27217867812103497,obse,soup_scene3,70,old
2436,10.966599225997925,0.2721707664133565,obse,soup_scene3,70,old
2437,10.970934867858887,0.27208488810543235,obse,soup_scene3,70,old
2438,10.975476741790771,0.27208488810543235,obse,soup_scene3,70,old
2439,10.979777097702026,0.2702187557583404,obse,soup_scene3,70,old
2440,10.984166383743286,0.2702187557583404,obse,soup_scene3,70,old
2441,10.988523960113525,0.2702379029481669,obse,soup_scene3,70,old
2442,10.992895126342773,0.21509198348151687,obse,soup_scene3,70,old
2443,10.997196435928345,0.21509198348151687,obse,soup_scene3,70,old
2444,11.001613855361938,0.21500824149243666,obse,soup_scene3,70,old
2445,11.006771087646484,0.21055022068322954,obse,soup_scene3,70,old
2446,11.011000394821167,0.21059220529610762,obse,soup_scene3,70,old
2447,11.015243768692017,0.211422002045082,obse,soup_scene3,70,old
2448,11.01948881149292,0.211422002045082,obse,soup_scene3,70,old
2449,11.024001359939575,0.21143293959664,obse,soup_scene3,70,old
2450,11.02840781211853,0.21143293959664,obse,soup_scene3,70,old
2451,11.032859325408936,0.2113432635656799,obse,soup_scene3,70,old
2452,11.037252426147461,0.20855064542673266,obse,soup_scene3,70,old
2453,11.041636228561401,0.20855064542673266,obse,soup_scene3,70,old
2454,11.046020269393921,0.2115995261557487,obse,soup_scene3,70,old
2455,11.050282001495361,0.2115995261557487,obse,soup_scene3,70,old
2456,11.054613828659058,0.21227917775546346,obse,soup_scene3,70,old
2457,11.06072449684143,0.21227917775546346,obse,soup_scene3,70,old
2458,11.06717562675476,0.21212300147709615,obse,soup_scene3,70,old
2459,11.07394289970398,0.20959123561656007,obse,soup_scene3,70,old
2460,11.078735589981079,0.21194628435582072,obse,soup_scene3,70,old
2461,11.084039211273193,0.269565342973382,obse,soup_scene3,70,old
2462,11.090795755386353,0.2723379595551318,obse,soup_scene3,70,old
2463,11.095640420913696,0.27003331931476615,obse,soup_scene3,70,old
2464,11.100256443023682,0.27162558257175207,obse,soup_scene3,70,old
2465,11.105510234832764,0.2731152074570574,obse,soup_scene3,70,old
2466,11.110121488571167,0.2742362761889298,obse,soup_scene3,70,old
2467,11.115909099578857,0.2740847777222778,obse,soup_scene3,70,old
2468,11.120445966720581,0.2747531365162708,obse,soup_scene3,70,old
2469,11.125094890594482,0.27493765874377846,obse,soup_scene3,70,old
2470,11.129673719406128,0.27363432470142385,obse,soup_scene3,70,old
2471,11.134240865707397,0.3253767565728353,obse,soup_scene3,70,old
2472,11.139007091522217,0.3288989101039869,obse,soup_scene3,70,old
2473,11.143432378768921,0.3278781940708832,obse,soup_scene3,70,old
2474,11.147825717926025,0.33036619739586465,obse,soup_scene3,70,old
2475,11.152080535888672,0.33009739797013204,obse,soup_scene3,70,old
2476,11.156432151794434,0.33009739797013204,obse,soup_scene3,70,old
2477,11.160810947418213,0.3308812241512395,obse,soup_scene3,70,old
2478,11.165030002593994,0.3308812241512395,obse,soup_scene3,70,old
2479,11.169410228729248,0.3280251353408079,obse,soup_scene3,70,old
2480,11.17401671409607,0.3280251353408079,obse,soup_scene3,70,old
2481,11.178422212600708,0.33039067706398734,obse,soup_scene3,70,old
2482,11.182746171951294,0.33039067706398734,obse,soup_scene3,70,old
2483,11.187155485153198,0.3303648172080531,obse,soup_scene3,70,old
2484,11.191283702850342,0.3303648172080531,obse,soup_scene3,70,old
2485,11.195859432220459,0.38204435553174176,obse,soup_scene3,70,old
2486,11.200163841247559,0.38204435553174176,obse,soup_scene3,70,old
2487,11.20479702949524,0.3822591135718758,obse,soup_scene3,70,old
2488,11.209503173828125,0.3824488828949143,obse,soup_scene3,70,old
2489,11.213959693908691,0.3836352752108925,obse,soup_scene3,70,old
2490,11.218993663787842,0.38343320708884343,obse,soup_scene3,70,old
2491,11.225501537322998,0.38437742609972697,obse,soup_scene3,70,old
2492,11.232075452804565,0.38437742609972697,obse,soup_scene3,70,old
2493,11.237861156463623,0.38405795298273077,obse,soup_scene3,70,old
2494,11.242951154708862,0.3841059650438625,obse,soup_scene3,70,old
2495,11.247596740722656,0.3808819362666733,obse,soup_scene3,70,old
2496,11.252624034881592,0.38211244469784145,obse,soup_scene3,70,old
2497,11.257325410842896,0.38211244469784145,obse,soup_scene3,70,old
2498,11.262432098388672,0.260125291560615,obse,soup_scene3,70,old
2499,11.26732087135315,0.24279027585684135,obse,soup_scene3,70,old
2500,11.272114038467407,0.24321436740262176,obse,soup_scene3,70,old
2501,11.27632188796997,0.2435572081378796,obse,soup_scene3,70,old
2502,11.280812740325928,0.2435572081378796,obse,soup_scene3,70,old
2503,11.285828590393066,0.24207986610594162,obse,soup_scene3,70,old
2504,11.290704727172852,0.24207986610594162,obse,soup_scene3,70,old
2505,11.295522928237915,0.24614260413184777,obse,soup_scene3,70,old
2506,11.300299406051636,0.2462152745792572,obse,soup_scene3,70,old
2507,11.305591821670532,0.2468095587100729,obse,soup_scene3,70,old
2508,11.310409784317017,0.24692198113112354,obse,soup_scene3,70,old
2509,11.315239906311035,0.24692198113112354,obse,soup_scene3,70,old
2510,11.320088148117065,0.24492554317957638,obse,soup_scene3,70,old
2511,11.324813604354858,0.24492554317957638,obse,soup_scene3,70,old
2512,11.329949617385864,0.24457619890563026,obse,soup_scene3,70,old
2513,11.33476710319519,0.22752108455591072,obse,soup_scene3,70,old
2514,11.339902877807617,0.22481558505317703,obse,soup_scene3,70,old
2515,11.344935655593872,0.22697329931894245,obse,soup_scene3,70,old
2516,11.34922456741333,0.22697329931894245,obse,soup_scene3,70,old
2517,11.353965044021606,0.22697329931894245,obse,soup_scene3,70,old
2518,11.358856201171875,0.2267681727656399,obse,soup_scene3,70,old
2519,11.363454580307007,0.2267681727656399,obse,soup_scene3,70,old
2520,11.368269443511963,0.2267681727656399,obse,soup_scene3,70,old
2521,11.373449563980103,0.22747137191556738,obse,soup_scene3,70,old
2522,11.378357410430908,0.22747137191556738,obse,soup_scene3,70,old
2523,11.38335633277893,0.22747559788003308,obse,soup_scene3,70,old
2524,11.388160228729248,0.22747559788003308,obse,soup_scene3,70,old
2525,11.39290165901184,0.2275586072136727,obse,soup_scene3,70,old
2526,11.397855997085571,0.2515254634632704,obse,soup_scene3,70,old
2527,11.401907682418823,0.2515254634632704,obse,soup_scene3,70,old
2528,11.406444072723389,0.25122065759953255,obse,soup_scene3,70,old
2529,11.410858869552612,0.25295446214924977,obse,soup_scene3,70,old
2530,11.415241956710815,0.25282905443667913,obse,soup_scene3,70,old
2531,11.419480800628662,0.2533967269918226,obse,soup_scene3,70,old
2532,11.424072980880737,0.25341572594458517,obse,soup_scene3,70,old
2533,11.428241729736328,0.2514883266156192,obse,soup_scene3,70,old
2534,11.432721853256226,0.2514883266156192,obse,soup_scene3,70,old
2535,11.437036514282227,0.2514883266156192,obse,soup_scene3,70,old
2536,11.44172191619873,0.2547905812959952,obse,soup_scene3,70,old
2537,11.446022510528564,0.2547905812959952,obse,soup_scene3,70,old
2538,11.450311660766602,0.2545703282752807,obse,soup_scene3,70,old
2539,11.454511404037476,0.2545703282752807,obse,soup_scene3,70,old
2540,11.459178686141968,0.2545785476550033,obse,soup_scene3,70,old
2541,11.463523626327515,0.2926554222120162,obse,soup_scene3,70,old
2542,11.46805214881897,0.3012873565323811,obse,soup_scene3,70,old
2543,11.47273302078247,0.30121402278643133,obse,soup_scene3,70,old
2544,11.477102279663086,0.3018364762948259,obse,soup_scene3,70,old
2545,11.481327772140503,0.3018364762948259,obse,soup_scene3,70,old
2546,11.486082553863525,0.30088346897352175,obse,soup_scene3,70,old
2547,11.490657806396484,0.3011893717791541,obse,soup_scene3,70,old
2548,11.495484352111816,0.3013308355563027,obse,soup_scene3,70,old
2549,11.500332117080688,0.30191445009629053,obse,soup_scene3,70,old
2550,11.505000591278076,0.30191445009629053,obse,soup_scene3,70,old
2551,11.51008939743042,0.3023016377863745,obse,soup_scene3,70,old
2552,11.515098333358765,0.3022582334734287,obse,soup_scene3,70,old
2553,11.519696235656738,0.3017331940105779,obse,soup_scene3,70,old
2554,11.524531841278076,0.30284004677369813,obse,soup_scene3,70,old
2555,11.529311656951904,0.25161583771414237,obse,soup_scene3,70,old
2556,11.53406810760498,0.24981336199881005,obse,soup_scene3,70,old
2557,11.53930377960205,0.25011642975401205,obse,soup_scene3,70,old
2558,11.544262886047363,0.250678208822742,obse,soup_scene3,70,old
2559,11.548659086227417,0.250678208822742,obse,soup_scene3,70,old
2560,11.55321455001831,0.25058307484465864,obse,soup_scene3,70,old
2561,11.557478904724121,0.25058307484465864,obse,soup_scene3,70,old
2562,11.562047004699707,0.25064430826918804,obse,soup_scene3,70,old
2563,11.566397666931152,0.25064430826918804,obse,soup_scene3,70,old
2564,11.571120262145996,0.2497012101221833,obse,soup_scene3,70,old
2565,11.57575535774231,0.2497012101221833,obse,soup_scene3,70,old
2566,11.580341815948486,0.24979401296580697,obse,soup_scene3,70,old
2567,11.584703207015991,0.24988640039925109,obse,soup_scene3,70,old
2568,11.58914566040039,0.24988640039925109,obse,soup_scene3,70,old
2569,11.593579769134521,0.324373897453708,obse,soup_scene3,70,old
2570,11.59808611869812,0.3338958908535284,obse,soup_scene3,70,old
2571,11.602612733840942,0.33421255140173106,obse,soup_scene3,70,old
2572,11.60706901550293,0.33421255140173106,obse,soup_scene3,70,old
2573,11.611719369888306,0.3339608244498826,obse,soup_scene3,70,old
2574,11.6161470413208,0.3339608244498826,obse,soup_scene3,70,old
2575,11.620657444000244,0.3339556828322751,obse,soup_scene3,70,old
2576,11.624897003173828,0.3339556828322751,obse,soup_scene3,70,old
2577,11.629443168640137,0.3339653607553584,obse,soup_scene3,70,old
2578,11.633594989776611,0.3339653607553584,obse,soup_scene3,70,old
2579,11.638191223144531,0.33391960665408793,obse,soup_scene3,70,old
2580,11.642657041549683,0.33395198210661214,obse,soup_scene3,70,old
2581,11.64727258682251,0.3341070866535981,obse,soup_scene3,70,old
2582,11.65158462524414,0.3339749118000628,obse,soup_scene3,70,old
2583,11.656057834625244,0.3339749118000628,obse,soup_scene3,70,old
2584,11.66051697731018,0.3339006848404403,obse,soup_scene3,70,old
2585,11.664948463439941,0.3339006848404403,obse,soup_scene3,70,old
2586,11.66962742805481,0.322996512230701,obse,soup_scene3,70,old
2587,11.673953294754028,0.322996512230701,obse,soup_scene3,70,old
2588,11.678572654724121,0.3230079751409648,obse,soup_scene3,70,old
2589,11.682617664337158,0.3230079751409648,obse,soup_scene3,70,old
2590,11.687182664871216,0.32275393034562944,obse,soup_scene3,70,old
2591,11.691373109817505,0.32275393034562944,obse,soup_scene3,70,old
2592,11.696005821228027,0.3228399826439693,obse,soup_scene3,70,old
2593,11.700273036956787,0.3228399826439693,obse,soup_scene3,70,old
2594,11.70504355430603,0.32306606014840006,obse,soup_scene3,70,old
2595,11.709470987319946,0.32282321112830964,obse,soup_scene3,70,old
2596,11.713919401168823,0.3225961824846867,obse,soup_scene3,70,old
2597,11.718318700790405,0.32273636074772594,obse,soup_scene3,70,old
2598,11.722658395767212,0.32273636074772594,obse,soup_scene3,70,old
2599,11.727405309677124,0.322659128334084,obse,soup_scene3,70,old
2600,11.732053995132446,0.34803517103407816,obse,soup_scene3,70,old
2601,11.736539125442505,0.3481381380360368,obse,soup_scene3,70,old
2602,11.741008758544922,0.3500746104665156,obse,soup_scene3,70,old
2603,11.745306968688965,0.3500714841604165,obse,soup_scene3,70,old
2604,11.749621868133545,0.34999131753283186,obse,soup_scene3,70,old
2605,11.754416704177856,0.35046975011477244,obse,soup_scene3,70,old
2606,11.758710861206055,0.3502252540128691,obse,soup_scene3,70,old
2607,11.763248443603516,0.3503343094065555,obse,soup_scene3,70,old
2608,11.768535375595093,0.3503531694491072,obse,soup_scene3,70,old
2609,11.77293586730957,0.3503531694491072,obse,soup_scene3,70,old
2610,11.777393817901611,0.35039582433536887,obse,soup_scene3,70,old
2611,11.78174114227295,0.35039582433536887,obse,soup_scene3,70,old
2612,11.786226749420166,0.350173046730204,obse,soup_scene3,70,old
2613,11.790584325790405,0.350173046730204,obse,soup_scene3,70,old
2614,11.795180320739746,0.35042959168919147,obse,soup_scene3,70,old
2615,11.799495220184326,0.34143873121322743,obse,soup_scene3,70,old
2616,11.804162740707397,0.3402272863354679,obse,soup_scene3,70,old
2617,11.808609008789062,0.3402272863354679,obse,soup_scene3,70,old
2618,11.813173294067383,0.34066296342875113,obse,soup_scene3,70,old
2619,11.81763744354248,0.3406634063392119,obse,soup_scene3,70,old
2620,11.822530031204224,0.3408109289148829,obse,soup_scene3,70,old
2621,11.826948404312134,0.34017998499828117,obse,soup_scene3,70,old
2622,11.831334829330444,0.34017998499828117,obse,soup_scene3,70,old
2623,11.835911273956299,0.3409065428262186,obse,soup_scene3,70,old
2624,11.840342283248901,0.3409065428262186,obse,soup_scene3,70,old
2625,11.844739437103271,0.34053384443969964,obse,soup_scene3,70,old
2626,11.849238157272339,0.34031120272480564,obse,soup_scene3,70,old
2627,11.853806972503662,0.34081032104047077,obse,soup_scene3,70,old
2628,11.857985734939575,0.34081032104047077,obse,soup_scene3,70,old
2629,11.863104343414307,0.3289481174548366,obse,soup_scene3,70,old
2630,11.867620468139648,0.32947632714269337,obse,soup_scene3,70,old
2631,11.872220039367676,0.3289964126367963,obse,soup_scene3,70,old
2632,11.876463651657104,0.32859268929658914,obse,soup_scene3,70,old
2633,11.880836725234985,0.3286982356752498,obse,soup_scene3,70,old
2634,11.885282754898071,0.328912308181147,obse,soup_scene3,70,old
2635,11.88951587677002,0.328912308181147,obse,soup_scene3,70,old
2636,11.893901824951172,0.3287931478418152,obse,soup_scene3,70,old
2637,11.898383855819702,0.3287931478418152,obse,soup_scene3,70,old
2638,11.902754068374634,0.328609915343249,obse,soup_scene3,70,old
2639,11.907222509384155,0.328609915343249,obse,soup_scene3,70,old
2640,11.911530017852783,0.3284143653281673,obse,soup_scene3,70,old
2641,11.91584062576294,0.3284143653281673,obse,soup_scene3,70,old
2642,11.920315742492676,0.328575394096548,obse,soup_scene3,70,old
2643,11.924495697021484,0.328575394096548,obse,soup_scene3,70,old
2644,11.92901873588562,0.3424790594333522,obse,soup_scene3,70,old
2645,11.933189392089844,0.34498383053575593,obse,soup_scene3,70,old
2646,11.937613725662231,0.34535859521804374,obse,soup_scene3,70,old
2647,11.942139148712158,0.34543457961203566,obse,soup_scene3,70,old
2648,11.946498394012451,0.3450337818917903,obse,soup_scene3,70,old
2649,11.950968265533447,0.34507179470804566,obse,soup_scene3,70,old
2650,11.955309629440308,0.34506432583937174,obse,soup_scene3,70,old
2651,11.95956802368164,0.34504415666509475,obse,soup_scene3,70,old
2652,11.963985681533813,0.3447635475335486,obse,soup_scene3,70,old
2653,11.968339681625366,0.3448202857312437,obse,soup_scene3,70,old
2654,11.97285795211792,0.34414673285143604,obse,soup_scene3,70,old
2655,11.97722864151001,0.3437135416424321,obse,soup_scene3,70,old
2656,11.981478929519653,0.3437135416424321,obse,soup_scene3,70,old
2657,11.986034631729126,0.3446059998739337,obse,soup_scene3,70,old
2658,11.990351438522339,0.3446059998739337,obse,soup_scene3,70,old
2659,11.994836807250977,0.33217858165723124,obse,soup_scene3,70,old
2660,11.99909257888794,0.33053685037741914,obse,soup_scene3,70,old
2661,12.003617286682129,0.3306583689119356,obse,soup_scene3,70,old
2662,12.007869958877563,0.3306583689119356,obse,soup_scene3,70,old
2663,12.012288331985474,0.3304138179161963,obse,soup_scene3,70,old
2664,12.016580581665039,0.33066317145747265,obse,soup_scene3,70,old
2665,12.021093606948853,0.327211222985991,obse,soup_scene3,70,old
2666,12.025452613830566,0.32729310442689935,obse,soup_scene3,70,old
2667,12.02991771697998,0.32819902593395184,obse,soup_scene3,70,old
2668,12.034107685089111,0.3280670253931828,obse,soup_scene3,70,old
2669,12.038655281066895,0.3292065373451956,obse,soup_scene3,70,old
2670,12.042916774749756,0.3292024090115964,obse,soup_scene3,70,old
2671,12.047363758087158,0.3292024090115964,obse,soup_scene3,70,old
2672,12.052211284637451,0.32827633426821484,obse,soup_scene3,70,old
2673,12.056710481643677,0.32168503384548913,obse,soup_scene3,70,old
2674,12.06122636795044,0.32093308203409737,obse,soup_scene3,70,old
2675,12.06546139717102,0.3199036769625062,obse,soup_scene3,70,old
2676,12.070022344589233,0.31918945734989185,obse,soup_scene3,70,old
2677,12.074281454086304,0.31918945734989185,obse,soup_scene3,70,old
2678,12.078785419464111,0.31858111637562697,obse,soup_scene3,70,old
2679,12.082836151123047,0.31858111637562697,obse,soup_scene3,70,old
2680,12.087267637252808,0.3171372910974795,obse,soup_scene3,70,old
2681,12.091566324234009,0.3171372910974795,obse,soup_scene3,70,old
2682,12.09598422050476,0.318110175987816,obse,soup_scene3,70,old
2683,12.100261211395264,0.31814567669638316,obse,soup_scene3,70,old
2684,12.104888200759888,0.31776422636953183,obse,soup_scene3,70,old
2685,12.109299182891846,0.3180409574995082,obse,soup_scene3,70,old
2686,12.11335015296936,0.3180409574995082,obse,soup_scene3,70,old
2687,12.11754322052002,0.3179772105458643,obse,soup_scene3,70,old
2688,12.1216881275177,0.3130682279367603,obse,soup_scene3,70,old
2689,12.125962495803833,0.3131214231175401,obse,soup_scene3,70,old
2690,12.130585432052612,0.22727166606697494,obse,soup_scene3,70,old
2691,12.134855031967163,0.22104458296742135,obse,soup_scene3,70,old
2692,12.139375448226929,0.22104458296742135,obse,soup_scene3,70,old
2693,12.143653631210327,0.21976133773292536,obse,soup_scene3,70,old
2694,12.14800238609314,0.21976133773292536,obse,soup_scene3,70,old
2695,12.152159214019775,0.2199069600996702,obse,soup_scene3,70,old
2696,12.156395196914673,0.21815623429407163,obse,soup_scene3,70,old
2697,12.160742044448853,0.21815623429407163,obse,soup_scene3,70,old
2698,12.164916753768921,0.2176254501972261,obse,soup_scene3,70,old
2699,12.169363498687744,0.21626217086897018,obse,soup_scene3,70,old
2700,12.173717021942139,0.21626217086897018,obse,soup_scene3,70,old
2701,12.177965641021729,0.21658813365394444,obse,soup_scene3,70,old
2702,12.182304382324219,0.21575206325810253,obse,soup_scene3,70,old
2703,12.186670780181885,0.2158381042991339,obse,soup_scene3,70,old
2704,12.191223621368408,0.33504488625097384,obse,soup_scene3,70,old
2705,12.195459365844727,0.33504488625097384,obse,soup_scene3,70,old
2706,12.19986867904663,0.33656067869309503,obse,soup_scene3,70,old
2707,12.204304218292236,0.3481971416552916,obse,soup_scene3,70,old
2708,12.208528757095337,0.3481971416552916,obse,soup_scene3,70,old
2709,12.213324308395386,0.3483606278384203,obse,soup_scene3,70,old
2710,12.217696189880371,0.348377486117462,obse,soup_scene3,70,old
2711,12.222236156463623,0.34687175235662,obse,soup_scene3,70,old
2712,12.226446628570557,0.34687175235662,obse,soup_scene3,70,old
2713,12.230811834335327,0.34694234540622676,obse,soup_scene3,70,old
2714,12.235349416732788,0.3480773128472007,obse,soup_scene3,70,old
2715,12.239808082580566,0.3480773128472007,obse,soup_scene3,70,old
2716,12.244143962860107,0.3468761979990532,obse,soup_scene3,70,old
2717,12.248619079589844,0.3468761979990532,obse,soup_scene3,70,old
2718,12.25279426574707,0.3468761979990532,obse,soup_scene3,70,old
2719,12.257582187652588,0.34763420587081184,obse,soup_scene3,70,old
2720,12.261854887008667,0.24934921484204484,obse,soup_scene3,70,old
2721,12.266484498977661,0.24907336528145663,obse,soup_scene3,70,old
2722,12.27096676826477,0.23393305905176565,obse,soup_scene3,70,old
2723,12.275315761566162,0.23393305905176565,obse,soup_scene3,70,old
2724,12.279700517654419,0.23286056499508762,obse,soup_scene3,70,old
2725,12.283862352371216,0.23286056499508762,obse,soup_scene3,70,old
2726,12.28838586807251,0.2345865415860626,obse,soup_scene3,70,old
2727,12.293000936508179,0.23293069913149617,obse,soup_scene3,70,old
2728,12.297748327255249,0.2330900103200937,obse,soup_scene3,70,old
2729,12.302348852157593,0.23301402142163594,obse,soup_scene3,70,old
2730,12.307032585144043,0.23419887446769974,obse,soup_scene3,70,old
2731,12.311697959899902,0.23277182672065494,obse,soup_scene3,70,old
2732,12.316303253173828,0.23217844391883496,obse,soup_scene3,70,old
2733,12.321069717407227,0.23187625520599725,obse,soup_scene3,70,old
2734,12.32575798034668,0.23256450467360645,obse,soup_scene3,70,old
2735,12.33029317855835,0.24528035708748885,obse,soup_scene3,70,old
2736,12.335094928741455,0.24679646911020084,obse,soup_scene3,70,old
2737,12.339859008789062,0.2471235988135119,obse,soup_scene3,70,old
2738,12.344563722610474,0.24573219030111934,obse,soup_scene3,70,old
2739,12.3487229347229,0.24573219030111934,obse,soup_scene3,70,old
2740,12.353031158447266,0.24606052021231295,obse,soup_scene3,70,old
2741,12.357094049453735,0.24606052021231295,obse,soup_scene3,70,old
2742,12.36142873764038,0.24675639330957913,obse,soup_scene3,70,old
2743,12.365835905075073,0.24675639330957913,obse,soup_scene3,70,old
2744,12.370492219924927,0.24793851893872018,obse,soup_scene3,70,old
2745,12.374902725219727,0.24793851893872018,obse,soup_scene3,70,old
2746,12.379587411880493,0.24546144204582995,obse,soup_scene3,70,old
2747,12.383671522140503,0.24546144204582995,obse,soup_scene3,70,old
2748,12.388327360153198,0.24661750254563602,obse,soup_scene3,70,old
2749,12.392733812332153,0.24630413419114233,obse,soup_scene3,70,old
2750,12.39714503288269,0.24630413419114233,obse,soup_scene3,70,old
2751,12.401787996292114,0.4004579763614812,obse,soup_scene3,70,old
2752,12.406325578689575,0.41575798804505776,obse,soup_scene3,70,old
2753,12.410818576812744,0.4147397848295793,obse,soup_scene3,70,old
2754,12.415183782577515,0.4147397848295793,obse,soup_scene3,70,old
2755,12.419676303863525,0.41506273578440167,obse,soup_scene3,70,old
2756,12.424041032791138,0.41506273578440167,obse,soup_scene3,70,old
2757,12.428555488586426,0.4170071586911198,obse,soup_scene3,70,old
2758,12.432898998260498,0.4170071586911198,obse,soup_scene3,70,old
2759,12.437527418136597,0.41565651159358724,obse,soup_scene3,70,old
2760,12.44191837310791,0.41590117244285607,obse,soup_scene3,70,old
2761,12.44655466079712,0.4161205236090614,obse,soup_scene3,70,old
2762,12.450956344604492,0.4158227722362603,obse,soup_scene3,70,old
2763,12.455357074737549,0.41719187958143616,obse,soup_scene3,70,old
2764,12.45983600616455,0.3363977799700823,obse,soup_scene3,70,old
2765,12.464308738708496,0.3232419673945925,obse,soup_scene3,70,old
2766,12.468685626983643,0.32238784457676756,obse,soup_scene3,70,old
2767,12.473149299621582,0.32238784457676756,obse,soup_scene3,70,old
2768,12.47755241394043,0.3233352033972635,obse,soup_scene3,70,old
2769,12.481852531433105,0.3233352033972635,obse,soup_scene3,70,old
2770,12.486330509185791,0.3246826871122732,obse,soup_scene3,70,old
2771,12.490640878677368,0.3246826871122732,obse,soup_scene3,70,old
2772,12.495240926742554,0.32507627609022005,obse,soup_scene3,70,old
2773,12.499607801437378,0.32507627609022005,obse,soup_scene3,70,old
2774,12.50457215309143,0.32388188937714013,obse,soup_scene3,70,old
2775,12.508660078048706,0.32388188937714013,obse,soup_scene3,70,old
2776,12.513158321380615,0.32061444041778553,obse,soup_scene3,70,old
2777,12.517536640167236,0.32261315463011214,obse,soup_scene3,70,old
2778,12.521909475326538,0.32261315463011214,obse,soup_scene3,70,old
2779,12.52627968788147,0.229311658654572,obse,soup_scene3,70,old
2780,12.530654191970825,0.2189959616992517,obse,soup_scene3,70,old
2781,12.535081386566162,0.21861629006876626,obse,soup_scene3,70,old
2782,12.539690494537354,0.21861629006876626,obse,soup_scene3,70,old
2783,12.54403281211853,0.21904977082257313,obse,soup_scene3,70,old
2784,12.548397064208984,0.21916881384657846,obse,soup_scene3,70,old
2785,12.552686929702759,0.22031750303153594,obse,soup_scene3,70,old
2786,12.556784391403198,0.22031750303153594,obse,soup_scene3,70,old
2787,12.561131954193115,0.22031750303153594,obse,soup_scene3,70,old
2788,12.565452098846436,0.22026964461765164,obse,soup_scene3,70,old
2789,12.569983720779419,0.21900944981184026,obse,soup_scene3,70,old
2790,12.574237585067749,0.21900944981184026,obse,soup_scene3,70,old
2791,12.578506231307983,0.219204369259419,obse,soup_scene3,70,old
2792,12.5826416015625,0.219204369259419,obse,soup_scene3,70,old
2793,12.586851835250854,0.21936204812047533,obse,soup_scene3,70,old
2794,12.590980529785156,0.21936204812047533,obse,soup_scene3,70,old
2795,12.595196962356567,0.21937342915841485,obse,soup_scene3,70,old
2796,12.59951639175415,0.2192468567386666,obse,soup_scene3,70,old
2797,12.60374927520752,0.2192468567386666,obse,soup_scene3,70,old
2798,12.60801911354065,0.21863676419819114,obse,soup_scene3,70,old
2799,12.612606287002563,0.1617402846822102,obse,soup_scene3,70,old
2800,12.617142915725708,0.15581894296075058,obse,soup_scene3,70,old
2801,12.62199068069458,0.15442224361822007,obse,soup_scene3,70,old
2802,12.6263747215271,0.15442224361822007,obse,soup_scene3,70,old
2803,12.631048202514648,0.15458871889731463,obse,soup_scene3,70,old
2804,12.635591268539429,0.15458871889731463,obse,soup_scene3,70,old
2805,12.640302419662476,0.15498727284597508,obse,soup_scene3,70,old
2806,12.64473271369934,0.15498727284597508,obse,soup_scene3,70,old
2807,12.649308443069458,0.15537878114689974,obse,soup_scene3,70,old
2808,12.653531312942505,0.15684193071322516,obse,soup_scene3,70,old
2809,12.658132076263428,0.15684193071322516,obse,soup_scene3,70,old
2810,12.662740468978882,0.15606373359197673,obse,soup_scene3,70,old
2811,12.66753888130188,0.15602570163071425,obse,soup_scene3,70,old
2812,12.672078132629395,0.15685768730318458,obse,soup_scene3,70,old
2813,12.676681280136108,0.15672656005527397,obse,soup_scene3,70,old
2814,12.681395769119263,0.15672656005527397,obse,soup_scene3,70,old
2815,12.685712814331055,0.32831643488536966,obse,soup_scene3,70,old
2816,12.690579652786255,0.347394036311848,obse,soup_scene3,70,old
2817,12.695990085601807,0.35009343052555386,obse,soup_scene3,70,old
2818,12.70114803314209,0.3515484380698761,obse,soup_scene3,70,old
2819,12.705996990203857,0.3510180090451356,obse,soup_scene3,70,old
2820,12.711068391799927,0.35298302180124447,obse,soup_scene3,70,old
2821,12.716252088546753,0.3539294636777213,obse,soup_scene3,70,old
2822,12.72157597541809,0.35109638390138603,obse,soup_scene3,70,old
2823,12.726901531219482,0.35274168662890104,obse,soup_scene3,70,old
2824,12.73149061203003,0.3523954697579964,obse,soup_scene3,70,old
2825,12.736127376556396,0.32012561037940546,obse,soup_scene3,70,old
2826,12.74056625366211,0.31511109050687197,obse,soup_scene3,70,old
2827,12.745276689529419,0.31575884396342113,obse,soup_scene3,70,old
2828,12.749367475509644,0.31575884396342113,obse,soup_scene3,70,old
2829,12.754135131835938,0.31438086437810725,obse,soup_scene3,70,old
2830,12.75829815864563,0.31438086437810725,obse,soup_scene3,70,old
2831,12.762810945510864,0.31529868855065313,obse,soup_scene3,70,old
2832,12.767133951187134,0.3153120931102475,obse,soup_scene3,70,old
2833,12.771928310394287,0.3150112371673541,obse,soup_scene3,70,old
2834,12.776353359222412,0.3141209807851412,obse,soup_scene3,70,old
2835,12.780689716339111,0.3141209807851412,obse,soup_scene3,70,old
2836,12.785404443740845,0.3144120058171748,obse,soup_scene3,70,old
2837,12.78963017463684,0.3144120058171748,obse,soup_scene3,70,old
2838,12.794135570526123,0.31271524836631687,obse,soup_scene3,70,old
2839,12.798535108566284,0.15762209743235298,obse,soup_scene3,70,old
2840,12.803298950195312,0.1500554522334301,obse,soup_scene3,70,old
2841,12.807735204696655,0.1500554522334301,obse,soup_scene3,70,old
2842,12.812236785888672,0.15045623582204581,obse,soup_scene3,70,old
2843,12.81638503074646,0.15045623582204581,obse,soup_scene3,70,old
2844,12.82082748413086,0.14890093118658249,obse,soup_scene3,70,old
2845,12.825008630752563,0.14890093118658249,obse,soup_scene3,70,old
2846,12.829281330108643,0.14926013445267475,obse,soup_scene3,70,old
2847,12.833841800689697,0.14931153162676752,obse,soup_scene3,70,old
2848,12.838664054870605,0.15041449846967106,obse,soup_scene3,70,old
2849,12.842976808547974,0.15204359420882904,obse,soup_scene3,70,old
2850,12.847382068634033,0.15204359420882904,obse,soup_scene3,70,old
2851,12.851814985275269,0.1514450406639516,obse,soup_scene3,70,old
2852,12.856627225875854,0.1514450406639516,obse,soup_scene3,70,old
2853,12.861832857131958,0.2422882427160267,obse,soup_scene3,70,old
2854,12.86686897277832,0.242207489267552,obse,soup_scene3,70,old
2855,12.872057437896729,0.24545563318825636,obse,soup_scene3,70,old
2856,12.87739086151123,0.24511238595893928,obse,soup_scene3,70,old
2857,12.882219076156616,0.24511238595893928,obse,soup_scene3,70,old
2858,12.887176990509033,0.24539632959624574,obse,soup_scene3,70,old
2859,12.891344547271729,0.24539632959624574,obse,soup_scene3,70,old
2860,12.895936250686646,0.24626867534891528,obse,soup_scene3,70,old
2861,12.900920391082764,0.24626867534891528,obse,soup_scene3,70,old
2862,12.906230449676514,0.24542326414894244,obse,soup_scene3,70,old
2863,12.911318302154541,0.24603852089546344,obse,soup_scene3,70,old
2864,12.91627287864685,0.24603852089546344,obse,soup_scene3,70,old
2865,12.921599864959717,0.24507030223972764,obse,soup_scene3,70,old
2866,12.92652702331543,0.24367988010378985,obse,soup_scene3,70,old
2867,12.931618452072144,0.24367988010378985,obse,soup_scene3,70,old
2868,12.93687653541565,0.24383643376361572,obse,soup_scene3,70,old
2869,12.941705703735352,0.24383643376361572,obse,soup_scene3,70,old
2870,12.946959018707275,0.11387859760062224,obse,soup_scene3,70,old
2871,12.952048778533936,0.11384782464153155,obse,soup_scene3,70,old
2872,12.95708441734314,0.11079775567400099,obse,soup_scene3,70,old
2873,12.962220907211304,0.11081523289400272,obse,soup_scene3,70,old
2874,12.967046022415161,0.1109206238434404,obse,soup_scene3,70,old
2875,12.972268342971802,0.11128816826046953,obse,soup_scene3,70,old
2876,12.977534055709839,0.11034385135669642,obse,soup_scene3,70,old
2877,12.982393503189087,0.11034385135669642,obse,soup_scene3,70,old
2878,12.987491607666016,0.10939842436255717,obse,soup_scene3,70,old
2879,12.992285966873169,0.10939842436255717,obse,soup_scene3,70,old
2880,12.99744987487793,0.12837110366413867,obse,soup_scene3,70,old
2881,13.002955436706543,0.129248979808542,obse,soup_scene3,70,old
2882,13.008177995681763,0.1312089551016438,obse,soup_scene3,70,old
2883,13.013976097106934,0.13111027349388069,obse,soup_scene3,70,old
2884,13.019018173217773,0.1322809382121191,obse,soup_scene3,70,old
2885,13.023906707763672,0.1322809382121191,obse,soup_scene3,70,old
2886,13.029112339019775,0.13269398649319683,obse,soup_scene3,70,old
2887,13.034026622772217,0.13254285789395248,obse,soup_scene3,70,old
2888,13.039273262023926,0.1318591049761087,obse,soup_scene3,70,old
2889,13.044126987457275,0.13129229737436343,obse,soup_scene3,70,old
2890,13.048824071884155,0.13129229737436343,obse,soup_scene3,70,old
2891,13.05324387550354,0.131340795793589,obse,soup_scene3,70,old
2892,13.057713031768799,0.131340795793589,obse,soup_scene3,70,old
2893,13.062626600265503,0.1320796085553968,obse,soup_scene3,70,old
2894,13.067821741104126,0.287103642468188,obse,soup_scene3,70,old
2895,13.073229312896729,0.2869843745551316,obse,soup_scene3,70,old
2896,13.07834768295288,0.2871035133239585,obse,soup_scene3,70,old
2897,13.08320426940918,0.2871035133239585,obse,soup_scene3,70,old
2898,13.088348150253296,0.2866177125621848,obse,soup_scene3,70,old
2899,13.093308210372925,0.28681667165143315,obse,soup_scene3,70,old
2900,13.098410606384277,0.28693480050436954,obse,soup_scene3,70,old
2901,13.103615760803223,0.28776060842031986,obse,soup_scene3,70,old
2902,13.108680248260498,0.2874518304784479,obse,soup_scene3,70,old
2903,13.113717794418335,0.28633730865923657,obse,soup_scene3,70,old
2904,13.118848085403442,0.28504060109346824,obse,soup_scene3,70,old
2905,13.123777866363525,0.28504060109346824,obse,soup_scene3,70,old
2906,13.12894320487976,0.1700214424823159,obse,soup_scene3,70,old
2907,13.13378381729126,0.1700214424823159,obse,soup_scene3,70,old
2908,13.13942837715149,0.16958895425819917,obse,soup_scene3,70,old
2909,13.144119024276733,0.16866229477459413,obse,soup_scene3,70,old
2910,13.148205995559692,0.16866229477459413,obse,soup_scene3,70,old
2911,13.153354406356812,0.17035360280275336,obse,soup_scene3,70,old
2912,13.158107280731201,0.17035360280275336,obse,soup_scene3,70,old
2913,13.163230657577515,0.17162382436057838,obse,soup_scene3,70,old
2914,13.168147325515747,0.171676873372684,obse,soup_scene3,70,old
2915,13.172801971435547,0.17257113885572056,obse,soup_scene3,70,old
2916,13.177370309829712,0.1724185820443028,obse,soup_scene3,70,old
2917,13.181589603424072,0.1724185820443028,obse,soup_scene3,70,old
2918,13.186018466949463,0.17110478779502558,obse,soup_scene3,70,old
2919,13.190444469451904,0.17110478779502558,obse,soup_scene3,70,old
2920,13.195023536682129,0.07581453381408006,obse,soup_scene3,70,old
2921,13.199216842651367,0.07581453381408006,obse,soup_scene3,70,old
2922,13.203890800476074,0.07516871156916016,obse,soup_scene3,70,old
2923,13.208380699157715,0.07516871156916016,obse,soup_scene3,70,old
2924,13.213034868240356,0.0771507603761837,obse,soup_scene3,70,old
2925,13.217234373092651,0.0771507603761837,obse,soup_scene3,70,old
2926,13.222771167755127,0.07659514020176937,obse,soup_scene3,70,old
2927,13.22725248336792,0.07708404258715756,obse,soup_scene3,70,old
2928,13.231765270233154,0.07708404258715756,obse,soup_scene3,70,old
2929,13.23657488822937,0.07954423797204699,obse,soup_scene3,70,old
2930,13.240978240966797,0.07954423797204699,obse,soup_scene3,70,old
2931,13.245491743087769,0.08607498208929518,obse,soup_scene3,70,old
2932,13.249670028686523,0.08607498208929518,obse,soup_scene3,70,old
2933,13.254134893417358,0.07891285846555222,obse,soup_scene3,70,old
2934,13.258472204208374,0.0789050631682034,obse,soup_scene3,70,old
2935,13.263264179229736,0.1543907820163202,obse,soup_scene3,70,old
2936,13.26766324043274,0.15447527368296185,obse,soup_scene3,70,old
2937,13.272333860397339,0.15814110800654105,obse,soup_scene3,70,old
2938,13.276713371276855,0.15994573318059693,obse,soup_scene3,70,old
2939,13.28074860572815,0.15994573318059693,obse,soup_scene3,70,old
2940,13.284963846206665,0.15937369215176508,obse,soup_scene3,70,old
2941,13.289090156555176,0.15937369215176508,obse,soup_scene3,70,old
2942,13.293298482894897,0.16005984805013296,obse,soup_scene3,70,old
2943,13.29798150062561,0.16005984805013296,obse,soup_scene3,70,old
2944,13.302375793457031,0.16001705730144344,obse,soup_scene3,70,old
2945,13.307125091552734,0.16001705730144344,obse,soup_scene3,70,old
2946,13.311871767044067,0.1610908037738001,obse,soup_scene3,70,old
2947,13.316119194030762,0.1610908037738001,obse,soup_scene3,70,old
2948,13.320544481277466,0.1611654739149976,obse,soup_scene3,70,old
2949,13.324817895889282,0.1611654739149976,obse,soup_scene3,70,old
2950,13.329448699951172,0.16050428349332369,obse,soup_scene3,70,old
2951,13.333895444869995,0.06934686514400541,obse,soup_scene3,70,old
2952,13.33847451210022,0.0681804014340344,obse,soup_scene3,70,old
2953,13.342906951904297,0.06706125526734047,obse,soup_scene3,70,old
2954,13.34736680984497,0.06706125526734047,obse,soup_scene3,70,old
2955,13.351654767990112,0.0657876854379362,obse,soup_scene3,70,old
2956,13.355963468551636,0.0657876854379362,obse,soup_scene3,70,old
2957,13.360284805297852,0.0657876854379362,obse,soup_scene3,70,old
2958,13.36455774307251,0.06597322818856025,obse,soup_scene3,70,old
2959,13.369096994400024,0.065027219397304,obse,soup_scene3,70,old
2960,13.373575925827026,0.06472512922774425,obse,soup_scene3,70,old
2961,13.378066539764404,0.06472512922774425,obse,soup_scene3,70,old
2962,13.382671594619751,0.06541792151803907,obse,soup_scene3,70,old
2963,13.386929750442505,0.06075728565376838,obse,soup_scene3,70,old
2964,13.391320705413818,0.060570168262953285,obse,soup_scene3,70,old
2965,13.395730257034302,0.06142962306363414,obse,soup_scene3,70,old
2966,13.400090456008911,0.1034925446422885,obse,soup_scene3,70,old
2967,13.4043710231781,0.1034925446422885,obse,soup_scene3,70,old
2968,13.408713102340698,0.10481577281329296,obse,soup_scene3,70,old
2969,13.413029432296753,0.11312139913895745,obse,soup_scene3,70,old
2970,13.417309761047363,0.11312139913895745,obse,soup_scene3,70,old
2971,13.42146110534668,0.11312139913895745,obse,soup_scene3,70,old
2972,13.42611050605774,0.11119474324176082,obse,soup_scene3,70,old
2973,13.430461406707764,0.11175032128952986,obse,soup_scene3,70,old
2974,13.43468713760376,0.11175032128952986,obse,soup_scene3,70,old
2975,13.439157247543335,0.11175032128952986,obse,soup_scene3,70,old
2976,13.443731546401978,0.11120620748113863,obse,soup_scene3,70,old
2977,13.448567152023315,0.11253375025533861,obse,soup_scene3,70,old
2978,13.452966451644897,0.11253375025533861,obse,soup_scene3,70,old
2979,13.457355499267578,0.11253375025533861,obse,soup_scene3,70,old
2980,13.461897850036621,0.11262564418416553,obse,soup_scene3,70,old
2981,13.466272592544556,0.11242448964718968,obse,soup_scene3,70,old
2982,13.470704317092896,0.11242448964718968,obse,soup_scene3,70,old
2983,13.475095987319946,0.11358872352001835,obse,soup_scene3,70,old
2984,13.479451894760132,0.11358872352001835,obse,soup_scene3,70,old
2985,13.48616337776184,0.1643811553339005,obse,soup_scene3,70,old
2986,13.4914870262146,0.16903887090570766,obse,soup_scene3,70,old
2987,13.496171951293945,0.16981517111288988,obse,soup_scene3,70,old
2988,13.500909566879272,0.16798835833936,obse,soup_scene3,70,old
2989,13.505959272384644,0.16989117377258148,obse,soup_scene3,70,old
2990,13.510727882385254,0.1691234622653086,obse,soup_scene3,70,old
2991,13.515408277511597,0.1693661123039257,obse,soup_scene3,70,old
2992,13.52007508277893,0.1695999581975339,obse,soup_scene3,70,old
2993,13.525025129318237,0.16959858078330226,obse,soup_scene3,70,old
2994,13.529857158660889,0.16638443180650914,obse,soup_scene3,70,old
2995,13.534368753433228,0.166559627279373,obse,soup_scene3,70,old
2996,13.538857460021973,0.15463862102269574,obse,soup_scene3,70,old
2997,13.543225765228271,0.15366048286329653,obse,soup_scene3,70,old
2998,13.548344612121582,0.15333591768094895,obse,soup_scene3,70,old
2999,13.553274631500244,0.15314357495788603,obse,soup_scene3,70,old
3000,13.558247804641724,0.15314357495788603,obse,soup_scene3,70,old
3001,13.563156127929688,0.15486664979131393,obse,soup_scene3,70,old
3002,13.568037271499634,0.15543232958590053,obse,soup_scene3,70,old
3003,13.573183536529541,0.15543232958590053,obse,soup_scene3,70,old
3004,13.578253984451294,0.15631810694761852,obse,soup_scene3,70,old
3005,13.582858562469482,0.15631810694761852,obse,soup_scene3,70,old
3006,13.587836265563965,0.15688175015770173,obse,soup_scene3,70,old
3007,13.592705011367798,0.15496973421520335,obse,soup_scene3,70,old
3008,13.597760200500488,0.15496973421520335,obse,soup_scene3,70,old
3009,13.602033853530884,0.1565041260494542,obse,soup_scene3,70,old
3010,13.60655665397644,0.1565041260494542,obse,soup_scene3,70,old
3011,13.611640691757202,0.1562705279343536,obse,soup_scene3,70,old
3012,13.616782665252686,0.156397032479754,obse,soup_scene3,70,old
3013,13.621869802474976,0.15591996748741835,obse,soup_scene3,70,old
3014,13.626860857009888,0.1561231900831448,obse,soup_scene3,70,old
3015,13.632067203521729,0.07008000174670859,obse,soup_scene3,70,old
3016,13.637229442596436,0.07488942048801336,obse,soup_scene3,70,old
3017,13.642080068588257,0.07587608609066779,obse,soup_scene3,70,old
3018,13.647180795669556,0.07492242863201848,obse,soup_scene3,70,old
3019,13.652199268341064,0.07447164744952885,obse,soup_scene3,70,old
3020,13.657186031341553,0.07447164744952885,obse,soup_scene3,70,old
3021,13.662171840667725,0.07446734157649212,obse,soup_scene3,70,old
3022,13.667105674743652,0.07479296815611801,obse,soup_scene3,70,old
3023,13.672290325164795,0.07145367492123132,obse,soup_scene3,70,old
3024,13.677197694778442,0.07741624623925716,obse,soup_scene3,70,old
3025,13.682087421417236,0.07741624623925716,obse,soup_scene3,70,old
3026,13.687358140945435,0.07987484017983162,obse,soup_scene3,70,old
3027,13.692418813705444,0.07886391523583117,obse,soup_scene3,70,old
3028,13.697472095489502,0.07930351465312657,obse,soup_scene3,70,old
3029,13.702507019042969,0.07449697765833213,obse,soup_scene3,70,old
3030,13.707388401031494,0.07449697765833213,obse,soup_scene3,70,old
3031,13.71246886253357,0.07398947738856307,obse,soup_scene3,70,old
3032,13.7175874710083,0.0740885457380274,obse,soup_scene3,70,old
3033,13.722457647323608,0.07919175339079279,obse,soup_scene3,70,old
3034,13.727498531341553,0.07891473490220229,obse,soup_scene3,70,old
3035,13.732378482818604,0.07891473490220229,obse,soup_scene3,70,old
3036,13.737675905227661,0.07757939852051697,obse,soup_scene3,70,old
3037,13.742801189422607,0.07737872856590398,obse,soup_scene3,70,old
3038,13.747468709945679,0.0732215564758473,obse,soup_scene3,70,old
3039,13.75227427482605,0.0735445704230924,obse,soup_scene3,70,old
3040,13.757030487060547,0.0735445704230924,obse,soup_scene3,70,old
3041,13.761999607086182,0.08001986824151536,obse,soup_scene3,70,old
3042,13.7671537399292,0.08546788488343368,obse,soup_scene3,70,old
3043,13.772002458572388,0.08546788488343368,obse,soup_scene3,70,old
3044,13.776771068572998,0.08528056628495125,obse,soup_scene3,70,old
3045,13.781667470932007,0.08528056628495125,obse,soup_scene3,70,old
3046,13.787150621414185,0.08494466195004341,obse,soup_scene3,70,old
3047,13.79183840751648,0.07996399981358633,obse,soup_scene3,70,old
3048,13.796102046966553,0.08077917510392053,obse,soup_scene3,70,old
3049,13.800474405288696,0.08077917510392053,obse,soup_scene3,70,old
3050,13.80474305152893,0.08078820816979065,obse,soup_scene3,70,old
3051,13.809069633483887,0.08132997237507711,obse,soup_scene3,70,old
3052,13.813351392745972,0.08613119195942967,obse,soup_scene3,70,old
3053,13.81822943687439,0.08776283839653416,obse,soup_scene3,70,old
3054,13.822998285293579,0.08776283839653416,obse,soup_scene3,70,old
3055,13.82798457145691,0.08773900204144634,obse,soup_scene3,70,old
3056,13.832891702651978,0.08680285347846593,obse,soup_scene3,70,old
3057,13.837949514389038,0.08502960660542243,obse,soup_scene3,70,old
3058,13.842803001403809,0.08502960660542243,obse,soup_scene3,70,old
3059,13.847922325134277,0.08475568530911146,obse,soup_scene3,70,old
3060,13.85281777381897,0.08475568530911146,obse,soup_scene3,70,old
3061,13.857787370681763,0.08503787038100406,obse,soup_scene3,70,old
3062,13.862669944763184,0.10428280931101712,obse,soup_scene3,70,old
3063,13.867645502090454,0.10851508864469776,obse,soup_scene3,70,old
3064,13.872267961502075,0.10930010663098465,obse,soup_scene3,70,old
3065,13.876760482788086,0.11091139247954407,obse,soup_scene3,70,old
3066,13.881270408630371,0.11316879058652218,obse,soup_scene3,70,old
3067,13.88562560081482,0.11316879058652218,obse,soup_scene3,70,old
3068,13.89012598991394,0.11316879058652218,obse,soup_scene3,70,old
3069,13.894736766815186,0.11154700182098112,obse,soup_scene3,70,old
3070,13.899723052978516,0.11053825795784289,obse,soup_scene3,70,old
3071,13.90427279472351,0.11116449750934304,obse,soup_scene3,70,old
3072,13.909084558486938,0.11306698708945544,obse,soup_scene3,70,old
3073,13.913745641708374,0.11202927023650369,obse,soup_scene3,70,old
3074,13.918423891067505,0.11138973614332404,obse,soup_scene3,70,old
3075,13.92311716079712,0.11056381296847204,obse,soup_scene3,70,old
3076,13.927730560302734,0.07756411993873727,obse,soup_scene3,70,old
3077,13.932478904724121,0.07623467623660417,obse,soup_scene3,70,old
3078,13.937487840652466,0.07670274449841673,obse,soup_scene3,70,old
3079,13.941950798034668,0.07670274449841673,obse,soup_scene3,70,old
3080,13.947045087814331,0.07743584574151995,obse,soup_scene3,70,old
3081,13.951491832733154,0.07643935773114509,obse,soup_scene3,70,old
3082,13.956058740615845,0.07643935773114509,obse,soup_scene3,70,old
3083,13.96040678024292,0.07616375687752372,obse,soup_scene3,70,old
3084,13.964774131774902,0.07616375687752372,obse,soup_scene3,70,old
3085,13.969271898269653,0.07610943461142064,obse,soup_scene3,70,old
3086,13.97412371635437,0.07610943461142064,obse,soup_scene3,70,old
3087,13.979084014892578,0.07617353465452575,obse,soup_scene3,70,old
3088,13.983498334884644,0.07621957876374266,obse,soup_scene3,70,old
3089,13.98790955543518,0.07700599137952777,obse,soup_scene3,70,old
3090,13.992144584655762,0.07700599137952777,obse,soup_scene3,70,old
3091,13.99699091911316,0.07793117612037621,obse,soup_scene3,70,old
3092,14.001455545425415,0.07726088620084043,obse,soup_scene3,70,old
3093,14.005845069885254,0.07726088620084043,obse,soup_scene3,70,old
3094,14.010589838027954,0.07802072814944898,obse,soup_scene3,70,old
3095,14.014986038208008,0.07965164113406863,obse,soup_scene3,70,old
3096,14.019540309906006,0.07908202495390333,obse,soup_scene3,70,old
3097,14.024182796478271,0.07908202495390333,obse,soup_scene3,70,old
3098,14.02877140045166,0.07836372238701635,obse,soup_scene3,70,old
3099,14.033092498779297,0.07836372238701635,obse,soup_scene3,70,old
3100,14.038524389266968,0.07916321743776075,obse,soup_scene3,70,old
3101,14.043145895004272,0.07921942960304859,obse,soup_scene3,70,old
3102,14.048224687576294,0.07921942960304859,obse,soup_scene3,70,old
3103,14.053049802780151,0.07876707312916775,obse,soup_scene3,70,old
3104,14.058282852172852,0.07876707312916775,obse,soup_scene3,70,old
3105,14.062896013259888,0.07740156042298986,obse,soup_scene3,70,old
3106,14.067317247390747,0.07699834030331108,obse,soup_scene3,70,old
3107,14.071900129318237,0.07680792649686506,obse,soup_scene3,70,old
3108,14.076209306716919,0.07680792649686506,obse,soup_scene3,70,old
3109,14.081007719039917,0.0783580409434816,obse,soup_scene3,70,old
3110,14.085461139678955,0.07904159695273483,obse,soup_scene3,70,old
3111,14.090011835098267,0.07904159695273483,obse,soup_scene3,70,old
3112,14.094460725784302,0.07819183034264114,obse,soup_scene3,70,old
3113,14.09996247291565,0.07817150494124726,obse,soup_scene3,70,old
3114,14.106706619262695,0.0780046572217784,obse,soup_scene3,70,old
3115,14.113455295562744,0.0778933560750196,obse,soup_scene3,70,old
3116,14.118770837783813,0.07763466233161169,obse,soup_scene3,70,old
3117,14.12305760383606,0.07763466233161169,obse,soup_scene3,70,old
3118,14.127766370773315,0.07761722505347186,obse,soup_scene3,70,old
3119,14.132576704025269,0.056919347468675545,obse,soup_scene3,70,old
3120,14.137747287750244,0.057173151406172976,obse,soup_scene3,70,old
3121,14.142735481262207,0.05763639611658786,obse,soup_scene3,70,old
3122,14.147733449935913,0.05763639611658786,obse,soup_scene3,70,old
3123,14.152918100357056,0.05643597129419251,obse,soup_scene3,70,old
3124,14.157748222351074,0.05643597129419251,obse,soup_scene3,70,old
3125,14.162860631942749,0.05508667763189575,obse,soup_scene3,70,old
3126,14.167741298675537,0.057454633793320595,obse,soup_scene3,70,old
3127,14.172919273376465,0.057454633793320595,obse,soup_scene3,70,old
3128,14.177974462509155,0.05451584839531512,obse,soup_scene3,70,old
3129,14.18271255493164,0.05451584839531512,obse,soup_scene3,70,old
3130,14.187166213989258,0.056694882072938796,obse,soup_scene3,70,old
3131,14.191401720046997,0.056694882072938796,obse,soup_scene3,70,old
3132,14.196936845779419,0.05771981106585646,obse,soup_scene3,70,old
3133,14.201348543167114,0.08442913261975114,obse,soup_scene3,70,old
3134,14.206008195877075,0.0880869154769601,obse,soup_scene3,70,old
3135,14.210335731506348,0.08621696055808935,obse,soup_scene3,70,old
3136,14.214621305465698,0.08621696055808935,obse,soup_scene3,70,old
3137,14.218939304351807,0.086069476408722,obse,soup_scene3,70,old
3138,14.223267078399658,0.086069476408722,obse,soup_scene3,70,old
3139,14.228225469589233,0.08523927423768025,obse,soup_scene3,70,old
3140,14.233246564865112,0.08533521888969527,obse,soup_scene3,70,old
3141,14.238344192504883,0.08606773888329414,obse,soup_scene3,70,old
3142,14.242703914642334,0.08618736117629916,obse,soup_scene3,70,old
3143,14.247019052505493,0.08618736117629916,obse,soup_scene3,70,old
3144,14.251428842544556,0.08782145006598599,obse,soup_scene3,70,old
3145,14.255792379379272,0.08782145006598599,obse,soup_scene3,70,old
3146,14.260151386260986,0.08641081202832807,obse,soup_scene3,70,old
3147,14.264764308929443,0.09721098288112269,obse,soup_scene3,70,old
3148,14.269122838973999,0.09772532777150682,obse,soup_scene3,70,old
3149,14.273494720458984,0.09772532777150682,obse,soup_scene3,70,old
3150,14.27784538269043,0.09819568070309348,obse,soup_scene3,70,old
3151,14.282032251358032,0.09819568070309348,obse,soup_scene3,70,old
3152,14.286338329315186,0.09870910433873444,obse,soup_scene3,70,old
3153,14.290523767471313,0.09870910433873444,obse,soup_scene3,70,old
3154,14.29508376121521,0.09889480083729593,obse,soup_scene3,70,old
3155,14.299485206604004,0.09889480083729593,obse,soup_scene3,70,old
3156,14.30496597290039,0.09906448174577229,obse,soup_scene3,70,old
3157,14.309354066848755,0.09744272172604981,obse,soup_scene3,70,old
3158,14.313888549804688,0.09727866154382482,obse,soup_scene3,70,old
3159,14.318202018737793,0.09719539036265896,obse,soup_scene3,70,old
3160,14.322556257247925,0.09719539036265896,obse,soup_scene3,70,old
3161,14.326982498168945,0.07152767214027311,obse,soup_scene3,70,old
3162,14.33140516281128,0.07132689313765847,obse,soup_scene3,70,old
3163,14.335803031921387,0.07148755233754014,obse,soup_scene3,70,old
3164,14.340167045593262,0.07148755233754014,obse,soup_scene3,70,old
3165,14.344638586044312,0.07987959174255171,obse,soup_scene3,70,old
3166,14.348884344100952,0.07987959174255171,obse,soup_scene3,70,old
3167,14.353446960449219,0.07365619256408329,obse,soup_scene3,70,old
3168,14.357831239700317,0.07332985644512965,obse,soup_scene3,70,old
3169,14.36243462562561,0.07297553490522148,obse,soup_scene3,70,old
3170,14.366649389266968,0.07329804325749002,obse,soup_scene3,70,old
3171,14.37134575843811,0.07348898249052785,obse,soup_scene3,70,old
3172,14.375505208969116,0.07348898249052785,obse,soup_scene3,70,old
3173,14.379970073699951,0.07438390303595661,obse,soup_scene3,70,old
3174,14.384194135665894,0.07444062212486297,obse,soup_scene3,70,old
3175,14.388689517974854,0.07531627788954931,obse,soup_scene3,70,old
3176,14.393027067184448,0.07529700345194716,obse,soup_scene3,70,old
3177,14.39756441116333,0.08585216080763626,obse,soup_scene3,70,old
3178,14.402240514755249,0.08513847026810184,obse,soup_scene3,70,old
3179,14.406955242156982,0.08580804063611343,obse,soup_scene3,70,old
3180,14.412214517593384,0.08491216472999089,obse,soup_scene3,70,old
3181,14.416915655136108,0.08491216472999089,obse,soup_scene3,70,old
3182,14.422139644622803,0.08482920760967819,obse,soup_scene3,70,old
3183,14.427613258361816,0.08538862366534264,obse,soup_scene3,70,old
3184,14.434869527816772,0.08518550230309145,obse,soup_scene3,70,old
3185,14.44132137298584,0.08518550230309145,obse,soup_scene3,70,old
3186,14.446671485900879,0.08701437957746788,obse,soup_scene3,70,old
3187,14.451850414276123,0.08550950315145628,obse,soup_scene3,70,old
3188,14.456566333770752,0.08550950315145628,obse,soup_scene3,70,old
3189,14.461440563201904,0.08227329656296979,obse,soup_scene3,70,old
3190,14.466152906417847,0.08274131548020024,obse,soup_scene3,70,old
3191,14.471023797988892,0.08274043417869126,obse,soup_scene3,70,old
3192,14.475359678268433,0.08274043417869126,obse,soup_scene3,70,old
3193,14.480154752731323,0.0825020070950553,obse,soup_scene3,70,old
3194,14.484736919403076,0.08290241735012517,obse,soup_scene3,70,old
3195,14.48929738998413,0.08290241735012517,obse,soup_scene3,70,old
3196,14.493837833404541,0.08214832896480578,obse,soup_scene3,70,old
3197,14.498100280761719,0.08214832896480578,obse,soup_scene3,70,old
3198,14.502943277359009,0.08320395877487105,obse,soup_scene3,70,old
3199,14.507676124572754,0.08320395877487105,obse,soup_scene3,70,old
3200,14.512602090835571,0.08353971951293446,obse,soup_scene3,70,old
3201,14.517070055007935,0.08353971951293446,obse,soup_scene3,70,old
3202,14.52187180519104,0.08368208532339984,obse,soup_scene3,70,old
3203,14.526423215866089,0.06784146691177911,obse,soup_scene3,70,old
3204,14.531121730804443,0.06710359292422316,obse,soup_scene3,70,old
3205,14.53577971458435,0.06660760997124014,obse,soup_scene3,70,old
3206,14.540299415588379,0.06660760997124014,obse,soup_scene3,70,old
3207,14.544859409332275,0.06637627781158263,obse,soup_scene3,70,old
3208,14.549267530441284,0.06637627781158263,obse,soup_scene3,70,old
3209,14.554031133651733,0.06618435550763853,obse,soup_scene3,70,old
3210,14.558209657669067,0.06618435550763853,obse,soup_scene3,70,old
3211,14.562731266021729,0.06521729030519759,obse,soup_scene3,70,old
3212,14.567079067230225,0.06521729030519759,obse,soup_scene3,70,old
3213,14.571739673614502,0.06484970342883492,obse,soup_scene3,70,old
3214,14.57613754272461,0.06484970342883492,obse,soup_scene3,70,old
3215,14.580420732498169,0.06484970342883492,obse,soup_scene3,70,old
3216,14.585040092468262,0.06623273661117463,obse,soup_scene3,70,old
3217,14.589824438095093,0.06623273661117463,obse,soup_scene3,70,old
3218,14.594367742538452,0.06704984076943775,obse,soup_scene3,70,old
3219,14.598900318145752,0.08261239835798627,obse,soup_scene3,70,old
3220,14.603439331054688,0.08682137322113721,obse,soup_scene3,70,old
3221,14.607632160186768,0.08679315731362548,obse,soup_scene3,70,old
3222,14.611968755722046,0.08620398282970483,obse,soup_scene3,70,old
3223,14.616234064102173,0.08620398282970483,obse,soup_scene3,70,old
3224,14.620710372924805,0.08532676449940484,obse,soup_scene3,70,old
3225,14.625090599060059,0.08532676449940484,obse,soup_scene3,70,old
3226,14.62948489189148,0.08532676449940484,obse,soup_scene3,70,old
3227,14.634068489074707,0.08456479884335788,obse,soup_scene3,70,old
3228,14.638733386993408,0.08456479884335788,obse,soup_scene3,70,old
3229,14.643198013305664,0.08533291268782082,obse,soup_scene3,70,old
3230,14.647675037384033,0.08533291268782082,obse,soup_scene3,70,old
3231,14.652202844619751,0.08533291268782082,obse,soup_scene3,70,old
3232,14.656982183456421,0.08634675418163482,obse,soup_scene3,70,old
3233,14.66118335723877,0.08634675418163482,obse,soup_scene3,70,old
3234,14.665713548660278,0.08731883499173167,obse,soup_scene3,70,old
3235,14.670217514038086,0.08731883499173167,obse,soup_scene3,70,old
3236,14.674834728240967,0.08773985146443603,obse,soup_scene3,70,old
3237,14.67912769317627,0.08773985146443603,obse,soup_scene3,70,old
3238,14.683436632156372,0.08785314861748747,obse,soup_scene3,70,old
3239,14.687742233276367,0.0860090612004343,obse,soup_scene3,70,old
3240,14.692135095596313,0.08591584981683972,obse,soup_scene3,70,old
3241,14.696935415267944,0.08555735039925676,obse,soup_scene3,70,old
3242,14.701759099960327,0.08538075686110144,obse,soup_scene3,70,old
3243,14.707146167755127,0.08663216196918205,obse,soup_scene3,70,old
3244,14.71189022064209,0.08677208322233602,obse,soup_scene3,70,old
3245,14.716662645339966,0.08621618195320285,obse,soup_scene3,70,old
3246,14.721439123153687,0.08654796958002602,obse,soup_scene3,70,old
3247,14.725894927978516,0.08657790589715354,obse,soup_scene3,70,old
3248,14.730412721633911,0.08711728622941431,obse,soup_scene3,70,old
3249,14.734886884689331,0.08614076292978497,obse,soup_scene3,70,old
3250,14.739530324935913,0.09609174170971857,obse,soup_scene3,70,old
3251,14.744078397750854,0.09559840966009492,obse,soup_scene3,70,old
3252,14.748331308364868,0.09559840966009492,obse,soup_scene3,70,old
3253,14.752832651138306,0.09577827098548436,obse,soup_scene3,70,old
3254,14.757559299468994,0.09577827098548436,obse,soup_scene3,70,old
3255,14.76235556602478,0.09596890413745203,obse,soup_scene3,70,old
3256,14.767015218734741,0.09592565454221008,obse,soup_scene3,70,old
3257,14.77189040184021,0.09925239096556318,obse,soup_scene3,70,old
3258,14.77645206451416,0.09796675371848043,obse,soup_scene3,70,old
3259,14.781062841415405,0.09796675371848043,obse,soup_scene3,70,old
3260,14.785833597183228,0.09830030070223769,obse,soup_scene3,70,old
3261,14.790392398834229,0.09830030070223769,obse,soup_scene3,70,old
3262,14.795195817947388,0.09748504419306415,obse,soup_scene3,70,old
3263,14.799372911453247,0.09748504419306415,obse,soup_scene3,70,old
3264,14.804687023162842,0.0699923804834153,obse,soup_scene3,70,old
3265,14.809375762939453,0.07135371324852136,obse,soup_scene3,70,old
3266,14.814208030700684,0.07135371324852136,obse,soup_scene3,70,old
3267,14.818736791610718,0.07119615740997257,obse,soup_scene3,70,old
3268,14.823482990264893,0.07119615740997257,obse,soup_scene3,70,old
3269,14.828158617019653,0.07139064918726491,obse,soup_scene3,70,old
3270,14.832799434661865,0.07139064918726491,obse,soup_scene3,70,old
3271,14.8376305103302,0.07058027547045918,obse,soup_scene3,70,old
3272,14.842115640640259,0.07054580404047502,obse,soup_scene3,70,old
3273,14.846854448318481,0.07125390698628409,obse,soup_scene3,70,old
3274,14.851211309432983,0.07076813927890101,obse,soup_scene3,70,old
3275,14.855967283248901,0.07076813927890101,obse,soup_scene3,70,old
3276,14.86074185371399,0.0697855598590013,obse,soup_scene3,70,old
3277,14.865522623062134,0.05564232137484532,obse,soup_scene3,70,old
3278,14.870326519012451,0.054613371146997304,obse,soup_scene3,70,old
3279,14.8752121925354,0.054613371146997304,obse,soup_scene3,70,old
3280,14.880075454711914,0.055799430907023294,obse,soup_scene3,70,old
3281,14.884519577026367,0.05586164531598709,obse,soup_scene3,70,old
3282,14.889312267303467,0.05370973849022256,obse,soup_scene3,70,old
3283,14.893928527832031,0.053758188698029154,obse,soup_scene3,70,old
3284,14.898542165756226,0.053758188698029154,obse,soup_scene3,70,old
3285,14.903130054473877,0.052423478460378745,obse,soup_scene3,70,old
3286,14.907870531082153,0.052423478460378745,obse,soup_scene3,70,old
3287,14.912674903869629,0.05291531895671052,obse,soup_scene3,70,old
3288,14.917073249816895,0.052553652441014016,obse,soup_scene3,70,old
3289,14.921758890151978,0.051694600918448685,obse,soup_scene3,70,old
3290,14.926581621170044,0.053877485100501415,obse,soup_scene3,70,old
3291,14.931148052215576,0.05398158984273661,obse,soup_scene3,70,old
3292,14.935626029968262,0.05425648931771919,obse,soup_scene3,70,old
3293,14.940359592437744,0.07999929326333467,obse,soup_scene3,70,old
3294,14.945207834243774,0.07987756173551801,obse,soup_scene3,70,old
3295,14.949612140655518,0.08244273444379088,obse,soup_scene3,70,old
3296,14.954517602920532,0.08202380646057487,obse,soup_scene3,70,old
3297,14.958842515945435,0.08202380646057487,obse,soup_scene3,70,old
3298,14.963207244873047,0.08192008505087175,obse,soup_scene3,70,old
3299,14.967681884765625,0.08184479371829274,obse,soup_scene3,70,old
3300,14.972171306610107,0.08184479371829274,obse,soup_scene3,70,old
3301,14.97679615020752,0.08159870578958016,obse,soup_scene3,70,old
3302,14.981503009796143,0.08159870578958016,obse,soup_scene3,70,old
3303,14.98616886138916,0.08159870578958016,obse,soup_scene3,70,old
3304,14.990931987762451,0.08206754278524601,obse,soup_scene3,70,old
3305,14.995522499084473,0.09153711777158922,obse,soup_scene3,70,old
3306,14.99997591972351,0.09422611036905813,obse,soup_scene3,70,old
3307,15.004613876342773,0.09725865093789074,obse,soup_scene3,70,old
3308,15.008996486663818,0.09601845673939907,obse,soup_scene3,70,old
3309,15.013845682144165,0.09663133147171386,obse,soup_scene3,70,old
3310,15.018025398254395,0.09663133147171386,obse,soup_scene3,70,old
3311,15.02319049835205,0.09562153817908803,obse,soup_scene3,70,old
3312,15.028427362442017,0.09574752782012852,obse,soup_scene3,70,old
3313,15.033360242843628,0.09660598036704457,obse,soup_scene3,70,old
3314,15.03773283958435,0.09659374009205421,obse,soup_scene3,70,old
3315,15.042399883270264,0.09882086038500766,obse,soup_scene3,70,old
3316,15.046941757202148,0.09882086038500766,obse,soup_scene3,70,old
3317,15.051364660263062,0.09764378619002469,obse,soup_scene3,70,old
3318,15.05575704574585,0.09764378619002469,obse,soup_scene3,70,old
3319,15.060795783996582,0.06830351090970224,obse,soup_scene3,70,old
3320,15.065209865570068,0.07389329489751706,obse,soup_scene3,70,old
3321,15.069272994995117,0.07389329489751706,obse,soup_scene3,70,old
3322,15.07403039932251,0.07375662674250183,obse,soup_scene3,70,old
3323,15.078385353088379,0.07375662674250183,obse,soup_scene3,70,old
3324,15.082991123199463,0.07460495002071996,obse,soup_scene3,70,old
3325,15.087945461273193,0.07543558327558555,obse,soup_scene3,70,old
3326,15.092840433120728,0.07543558327558555,obse,soup_scene3,70,old
3327,15.098138570785522,0.0773428867479464,obse,soup_scene3,70,old
3328,15.10323715209961,0.07679366512869058,obse,soup_scene3,70,old
3329,15.10863447189331,0.07503670761257297,obse,soup_scene3,70,old
3330,15.113811016082764,0.07469715691121528,obse,soup_scene3,70,old
3331,15.119074583053589,0.07414463128155571,obse,soup_scene3,70,old
3332,15.12421464920044,0.07494293952241673,obse,soup_scene3,70,old
3333,15.129372596740723,0.07450782286439939,obse,soup_scene3,70,old
3334,15.134445428848267,0.06120919379144984,obse,soup_scene3,70,old
3335,15.139205694198608,0.06300602676837014,obse,soup_scene3,70,old
3336,15.143845319747925,0.06415847405688022,obse,soup_scene3,70,old
3337,15.148421287536621,0.06389676568809222,obse,soup_scene3,70,old
3338,15.153162240982056,0.06349008015346205,obse,soup_scene3,70,old
3339,15.157655477523804,0.06349008015346205,obse,soup_scene3,70,old
3340,15.162279844284058,0.06369942711188992,obse,soup_scene3,70,old
3341,15.166719913482666,0.06369942711188992,obse,soup_scene3,70,old
3342,15.172009706497192,0.06373588527990136,obse,soup_scene3,70,old
3343,15.176971912384033,0.06358208654534528,obse,soup_scene3,70,old
3344,15.181907176971436,0.06358208654534528,obse,soup_scene3,70,old
3345,15.186824083328247,0.06473248862489123,obse,soup_scene3,70,old
3346,15.191794633865356,0.06473248862489123,obse,soup_scene3,70,old
3347,15.19688868522644,0.06483453566981838,obse,soup_scene3,70,old
3348,15.201746225357056,0.0607504638046534,obse,soup_scene3,70,old
3349,15.206952571868896,0.061707566394835704,obse,soup_scene3,70,old
3350,15.21171498298645,0.060986369883675735,obse,soup_scene3,70,old
3351,15.21686339378357,0.060777995004662404,obse,soup_scene3,70,old
3352,15.222033739089966,0.06082173043233087,obse,soup_scene3,70,old
3353,15.227431058883667,0.06059676087692469,obse,soup_scene3,70,old
3354,15.232279062271118,0.06059676087692469,obse,soup_scene3,70,old
3355,15.237325191497803,0.06122273391467419,obse,soup_scene3,70,old
3356,15.24182939529419,0.06122273391467419,obse,soup_scene3,70,old
3357,15.24706745147705,0.06035175246005622,obse,soup_scene3,70,old
3358,15.252320289611816,0.06098554107313585,obse,soup_scene3,70,old
3359,15.257193088531494,0.06098554107313585,obse,soup_scene3,70,old
3360,15.262391328811646,0.061367987544020716,obse,soup_scene3,70,old
3361,15.266782760620117,0.061367987544020716,obse,soup_scene3,70,old
3362,15.272122383117676,0.07885864113561418,obse,soup_scene3,70,old
3363,15.277159452438354,0.07835204803897272,obse,soup_scene3,70,old
3364,15.282165050506592,0.07809222655953696,obse,soup_scene3,70,old
3365,15.287416934967041,0.07859216321666075,obse,soup_scene3,70,old
3366,15.29193377494812,0.07854079325615493,obse,soup_scene3,70,old
3367,15.29699969291687,0.078058494135827,obse,soup_scene3,70,old
3368,15.301944732666016,0.07801628336192666,obse,soup_scene3,70,old
3369,15.30719518661499,0.07801628336192666,obse,soup_scene3,70,old
3370,15.312042236328125,0.07824769590297392,obse,soup_scene3,70,old
3371,15.316711664199829,0.07824769590297392,obse,soup_scene3,70,old
3372,15.321598052978516,0.07809602801050153,obse,soup_scene3,70,old
3373,15.326476097106934,0.07809896547809338,obse,soup_scene3,70,old
3374,15.331424236297607,0.07809896547809338,obse,soup_scene3,70,old
3375,15.336064577102661,0.07808421881252624,obse,soup_scene3,70,old
3376,15.340470314025879,0.06448780508786459,obse,soup_scene3,70,old
3377,15.345120429992676,0.06553059351919108,obse,soup_scene3,70,old
3378,15.349349737167358,0.06553059351919108,obse,soup_scene3,70,old
3379,15.354826927185059,0.06544729145710583,obse,soup_scene3,70,old
3380,15.359659194946289,0.06507204501885115,obse,soup_scene3,70,old
3381,15.364194869995117,0.06507204501885115,obse,soup_scene3,70,old
3382,15.368584394454956,0.06520730689648534,obse,soup_scene3,70,old
3383,15.373159408569336,0.06520730689648534,obse,soup_scene3,70,old
3384,15.377805709838867,0.06479998169511635,obse,soup_scene3,70,old
3385,15.381977319717407,0.06479998169511635,obse,soup_scene3,70,old
3386,15.387081384658813,0.06458950628025542,obse,soup_scene3,70,old
3387,15.391407489776611,0.06458950628025542,obse,soup_scene3,70,old
3388,15.395954370498657,0.06504422491566127,obse,soup_scene3,70,old
3389,15.400223016738892,0.0650721337506383,obse,soup_scene3,70,old
3390,15.404942274093628,0.08156854795161154,obse,soup_scene3,70,old
3391,15.409362316131592,0.0817060074966602,obse,soup_scene3,70,old
3392,15.413861989974976,0.08221949962574825,obse,soup_scene3,70,old
3393,15.418580055236816,0.08243099393925794,obse,soup_scene3,70,old
3394,15.42282247543335,0.08243099393925794,obse,soup_scene3,70,old
3395,15.427395105361938,0.08254124841125515,obse,soup_scene3,70,old
3396,15.431694984436035,0.08254124841125515,obse,soup_scene3,70,old
3397,15.436279535293579,0.08220586735501455,obse,soup_scene3,70,old
3398,15.440568208694458,0.08220586735501455,obse,soup_scene3,70,old
3399,15.445095300674438,0.08179005001884995,obse,soup_scene3,70,old
3400,15.449442148208618,0.08223805513571293,obse,soup_scene3,70,old
3401,15.453949689865112,0.0819762092115347,obse,soup_scene3,70,old
3402,15.458263874053955,0.0819762092115347,obse,soup_scene3,70,old
3403,15.462996006011963,0.08178148357190976,obse,soup_scene3,70,old
3404,15.467421531677246,0.08222677444778789,obse,soup_scene3,70,old
3405,15.471927881240845,0.08238125082096864,obse,soup_scene3,70,old
3406,15.47638750076294,0.08174897524612183,obse,soup_scene3,70,old
3407,15.48080825805664,0.07381555396536477,obse,soup_scene3,70,old
3408,15.485296249389648,0.07402530282566011,obse,soup_scene3,70,old
3409,15.489760160446167,0.07341510599168574,obse,soup_scene3,70,old
3410,15.494122982025146,0.0734908323793686,obse,soup_scene3,70,old
3411,15.498518466949463,0.0734908323793686,obse,soup_scene3,70,old
3412,15.503161907196045,0.07342893047641705,obse,soup_scene3,70,old
3413,15.50771689414978,0.07342893047641705,obse,soup_scene3,70,old
3414,15.512224435806274,0.07334518291284135,obse,soup_scene3,70,old
3415,15.516547441482544,0.07333474328428922,obse,soup_scene3,70,old
3416,15.521042108535767,0.07366745089414203,obse,soup_scene3,70,old
3417,15.525363206863403,0.07366745089414203,obse,soup_scene3,70,old
3418,15.5299072265625,0.07382967257743715,obse,soup_scene3,70,old
3419,15.534182071685791,0.07386112265543249,obse,soup_scene3,70,old
3420,15.538867473602295,0.07460689100769305,obse,soup_scene3,70,old
3421,15.543320417404175,0.07492533902698503,obse,soup_scene3,70,old
3422,15.547749757766724,0.07495382472064395,obse,soup_scene3,70,old
3423,15.552170753479004,0.07493264381743746,obse,soup_scene3,70,old
3424,15.556650161743164,0.07493264381743746,obse,soup_scene3,70,old
3425,15.561023473739624,0.07481659971376263,obse,soup_scene3,70,old
3426,15.56538701057434,0.07481659971376263,obse,soup_scene3,70,old
3427,15.570191860198975,0.07486062299049293,obse,soup_scene3,70,old
3428,15.57476282119751,0.0745250360475624,obse,soup_scene3,70,old
3429,15.579431295394897,0.07429383499139468,obse,soup_scene3,70,old
3430,15.583767414093018,0.0742461805674582,obse,soup_scene3,70,old
3431,15.588355302810669,0.07446507706575331,obse,soup_scene3,70,old
3432,15.59284496307373,0.07492511245218061,obse,soup_scene3,70,old
3433,15.597333908081055,0.07492511245218061,obse,soup_scene3,70,old
3434,15.601844549179077,0.07093609040298628,obse,soup_scene3,70,old
3435,15.606432914733887,0.07044619963278087,obse,soup_scene3,70,old
3436,15.61099648475647,0.07043730458975216,obse,soup_scene3,70,old
3437,15.615545749664307,0.07043730458975216,obse,soup_scene3,70,old
3438,15.620042324066162,0.07074017263059086,obse,soup_scene3,70,old
3439,15.62448239326477,0.07074017263059086,obse,soup_scene3,70,old
3440,15.629138708114624,0.07070075646158715,obse,soup_scene3,70,old
3441,15.6334388256073,0.07098898546883123,obse,soup_scene3,70,old
3442,15.638080596923828,0.07080666156163448,obse,soup_scene3,70,old
3443,15.642457246780396,0.07071879789702074,obse,soup_scene3,70,old
3444,15.646914720535278,0.07071879789702074,obse,soup_scene3,70,old
3445,15.651227235794067,0.07034361873027745,obse,soup_scene3,70,old
3446,15.655843257904053,0.070076512227358,obse,soup_scene3,70,old
3447,15.660386085510254,0.070889204033766,obse,soup_scene3,70,old
3448,15.664843320846558,0.07130118533645594,obse,soup_scene3,70,old
3449,15.669381380081177,0.07085233596482138,obse,soup_scene3,70,old
3450,15.673794031143188,0.07085233596482138,obse,soup_scene3,70,old
3451,15.678390979766846,0.07164533856376602,obse,soup_scene3,70,old
3452,15.682666540145874,0.07164533856376602,obse,soup_scene3,70,old
3453,15.687291145324707,0.07110134197331962,obse,soup_scene3,70,old
3454,15.691537380218506,0.07110134197331962,obse,soup_scene3,70,old
3455,15.69609785079956,0.07169603598868012,obse,soup_scene3,70,old
3456,15.700559139251709,0.07128717961017215,obse,soup_scene3,70,old
3457,15.705241203308105,0.07147601520792893,obse,soup_scene3,70,old
3458,15.709653377532959,0.07165929788249614,obse,soup_scene3,70,old
3459,15.714107990264893,0.07165929788249614,obse,soup_scene3,70,old
3460,15.718623161315918,0.07141783257206398,obse,soup_scene3,70,old
3461,15.722997188568115,0.07141783257206398,obse,soup_scene3,70,old
3462,15.727612972259521,0.07154661952405166,obse,soup_scene3,70,old
3463,15.732083082199097,0.07484154968918859,obse,soup_scene3,70,old
3464,15.737053155899048,0.07544320673949702,obse,soup_scene3,70,old
3465,15.741564273834229,0.07544320673949702,obse,soup_scene3,70,old
3466,15.746059656143188,0.07344556942432064,obse,soup_scene3,70,old
3467,15.750404596328735,0.07380758663125728,obse,soup_scene3,70,old
3468,15.754645109176636,0.07377174829399949,obse,soup_scene3,70,old
3469,15.758814334869385,0.07377174829399949,obse,soup_scene3,70,old
3470,15.763113975524902,0.07373991475740249,obse,soup_scene3,70,old
3471,15.767907857894897,0.0736128160708237,obse,soup_scene3,70,old
3472,15.772398471832275,0.07324952675574198,obse,soup_scene3,70,old
3473,15.776798009872437,0.07355733491728478,obse,soup_scene3,70,old
3474,15.781272888183594,0.07355733491728478,obse,soup_scene3,70,old
3475,15.785515308380127,0.07355733491728478,obse,soup_scene3,70,old
3476,15.790063381195068,0.07359860674098086,obse,soup_scene3,70,old
3477,15.794405221939087,0.07359860674098086,obse,soup_scene3,70,old
3478,15.798821449279785,0.0731566611637383,obse,soup_scene3,70,old
3479,15.803195714950562,0.07337853024924679,obse,soup_scene3,70,old
3480,15.807874917984009,0.07086320750898434,obse,soup_scene3,70,old
3481,15.812148332595825,0.07086320750898434,obse,soup_scene3,70,old
3482,15.816673040390015,0.07143600048305132,obse,soup_scene3,70,old
3483,15.821076154708862,0.07097266068465907,obse,soup_scene3,70,old
3484,15.825417280197144,0.07052989873238537,obse,soup_scene3,70,old
3485,15.829984664916992,0.07229325410370446,obse,soup_scene3,70,old
3486,15.834352731704712,0.07229325410370446,obse,soup_scene3,70,old
3487,15.838794946670532,0.07232142308535537,obse,soup_scene3,70,old
3488,15.843235731124878,0.07281842432814267,obse,soup_scene3,70,old
3489,15.847632884979248,0.07281842432814267,obse,soup_scene3,70,old
3490,15.852065801620483,0.07283677370931335,obse,soup_scene3,70,old
3491,15.856543779373169,0.07274384054520522,obse,soup_scene3,70,old
3492,15.8610098361969,0.07016420549436596,obse,soup_scene3,70,old
3493,15.865373373031616,0.07085677283721689,obse,soup_scene3,70,old
3494,15.869841575622559,0.06987240409096,obse,soup_scene3,70,old
3495,15.874099254608154,0.06987240409096,obse,soup_scene3,70,old
3496,15.878709554672241,0.07022452657995772,obse,soup_scene3,70,old
3497,15.882960796356201,0.07067746827706184,obse,soup_scene3,70,old
3498,15.88732123374939,0.07184930266510114,obse,soup_scene3,70,old
3499,15.891793012619019,0.07184930266510114,obse,soup_scene3,70,old
3500,15.896902322769165,0.07107744510092041,obse,soup_scene3,70,old
3501,15.902276992797852,0.07129310577599124,obse,soup_scene3,70,old
3502,15.907469034194946,0.07095806242328923,obse,soup_scene3,70,old
3503,15.912465333938599,0.07145425109338091,obse,soup_scene3,70,old
3504,15.917617797851562,0.07359676084475486,obse,soup_scene3,70,old
3505,15.92275357246399,0.07373226011008872,obse,soup_scene3,70,old
3506,15.927992820739746,0.07224790570539595,obse,soup_scene3,70,old
3507,15.93318223953247,0.05266144232010647,obse,soup_scene3,70,old
3508,15.93852710723877,0.05138556632822672,obse,soup_scene3,70,old
3509,15.943772077560425,0.0509573240878317,obse,soup_scene3,70,old
3510,15.949028015136719,0.05014342890627912,obse,soup_scene3,70,old
3511,15.954162120819092,0.05334501873013151,obse,soup_scene3,70,old
3512,15.958906173706055,0.05334501873013151,obse,soup_scene3,70,old
3513,15.964357376098633,0.05211972315530367,obse,soup_scene3,70,old
3514,15.969493627548218,0.051387815803023346,obse,soup_scene3,70,old
3515,15.974586009979248,0.051387815803023346,obse,soup_scene3,70,old
3516,15.979568719863892,0.05140833341589713,obse,soup_scene3,70,old
3517,15.984519481658936,0.052478923099470914,obse,soup_scene3,70,old
3518,15.989303350448608,0.052478923099470914,obse,soup_scene3,70,old
3519,15.994162797927856,0.053928950923264496,obse,soup_scene3,70,old
3520,15.999374151229858,0.07696157379005521,obse,soup_scene3,70,old
3521,16.00479221343994,0.07573728928786078,obse,soup_scene3,70,old
3522,16.00977087020874,0.07452143709169864,obse,soup_scene3,70,old
3523,16.01467275619507,0.07452143709169864,obse,soup_scene3,70,old
3524,16.019845485687256,0.07405289856939468,obse,soup_scene3,70,old
3525,16.02462124824524,0.07405289856939468,obse,soup_scene3,70,old
3526,16.030149698257446,0.07426610851007617,obse,soup_scene3,70,old
3527,16.034976482391357,0.07590371159656595,obse,soup_scene3,70,old
3528,16.040030479431152,0.07590371159656595,obse,soup_scene3,70,old
3529,16.045116662979126,0.07727823363305897,obse,soup_scene3,70,old
3530,16.04998207092285,0.07768135580471633,obse,soup_scene3,70,old
3531,16.05512237548828,0.07719038208698856,obse,soup_scene3,70,old
3532,16.060056447982788,0.07783965990769853,obse,soup_scene3,70,old
3533,16.06514573097229,0.06878149980656245,obse,soup_scene3,70,old
3534,16.070453882217407,0.06894144763016609,obse,soup_scene3,70,old
3535,16.07531762123108,0.06891816694045508,obse,soup_scene3,70,old
3536,16.080519914627075,0.06892193016083928,obse,soup_scene3,70,old
3537,16.085495710372925,0.06999873296425377,obse,soup_scene3,70,old
3538,16.090465307235718,0.06999873296425377,obse,soup_scene3,70,old
3539,16.095409393310547,0.06966040386546973,obse,soup_scene3,70,old
3540,16.100357055664062,0.06973128021053095,obse,soup_scene3,70,old
3541,16.105504274368286,0.06938788222410677,obse,soup_scene3,70,old
3542,16.110560655593872,0.06924210452309734,obse,soup_scene3,70,old
3543,16.11545443534851,0.06924210452309734,obse,soup_scene3,70,old
3544,16.120740175247192,0.0686634819977887,obse,soup_scene3,70,old
3545,16.12568712234497,0.06989390988509754,obse,soup_scene3,70,old
3546,16.13077139854431,0.06023478977434356,obse,soup_scene3,70,old
3547,16.13600444793701,0.059931372455056975,obse,soup_scene3,70,old
3548,16.141098976135254,0.059931372455056975,obse,soup_scene3,70,old
3549,16.14628028869629,0.06051652341716658,obse,soup_scene3,70,old
3550,16.151297330856323,0.06145275116647267,obse,soup_scene3,70,old
3551,16.15627908706665,0.06145275116647267,obse,soup_scene3,70,old
3552,16.161102056503296,0.06145275116647267,obse,soup_scene3,70,old
3553,16.16603422164917,0.059613497007620794,obse,soup_scene3,70,old
3554,16.171149492263794,0.059613497007620794,obse,soup_scene3,70,old
3555,16.176214933395386,0.05988615536154845,obse,soup_scene3,70,old
3556,16.181225299835205,0.060059936845082054,obse,soup_scene3,70,old
3557,16.186049938201904,0.060059936845082054,obse,soup_scene3,70,old
3558,16.19127869606018,0.062217906859210595,obse,soup_scene3,70,old
3559,16.19661521911621,0.08819195306406687,obse,soup_scene3,70,old
3560,16.20151662826538,0.08819195306406687,obse,soup_scene3,70,old
3561,16.206587553024292,0.09288318385640953,obse,soup_scene3,70,old
3562,16.211589813232422,0.094987350288316,obse,soup_scene3,70,old
3563,16.216370820999146,0.094987350288316,obse,soup_scene3,70,old
3564,16.221585750579834,0.0947327925657958,obse,soup_scene3,70,old
3565,16.226335287094116,0.0947327925657958,obse,soup_scene3,70,old
3566,16.231290102005005,0.09487409889814306,obse,soup_scene3,70,old
3567,16.236313343048096,0.09487409889814306,obse,soup_scene3,70,old
3568,16.24126887321472,0.09487409889814306,obse,soup_scene3,70,old
3569,16.246078491210938,0.0953994096755679,obse,soup_scene3,70,old
3570,16.250796794891357,0.09477236657840146,obse,soup_scene3,70,old
3571,16.255082607269287,0.09477236657840146,obse,soup_scene3,70,old
3572,16.259623050689697,0.09477236657840146,obse,soup_scene3,70,old
3573,16.264223337173462,0.10671820674302432,obse,soup_scene3,70,old
3574,16.268633365631104,0.11036199522544066,obse,soup_scene3,70,old
3575,16.273403644561768,0.11151043183284158,obse,soup_scene3,70,old
3576,16.277639865875244,0.11151043183284158,obse,soup_scene3,70,old
3577,16.282373189926147,0.11170017450860927,obse,soup_scene3,70,old
3578,16.286943912506104,0.11352400022767774,obse,soup_scene3,70,old
3579,16.29125475883484,0.11352400022767774,obse,soup_scene3,70,old
3580,16.296269416809082,0.11240708012565226,obse,soup_scene3,70,old
3581,16.300800800323486,0.10965301814916811,obse,soup_scene3,70,old
3582,16.305695056915283,0.10926686155108521,obse,soup_scene3,70,old
3583,16.31049156188965,0.10841437807226478,obse,soup_scene3,70,old
3584,16.31517219543457,0.10798909912884673,obse,soup_scene3,70,old
3585,16.320086002349854,0.10994465466202472,obse,soup_scene3,70,old
3586,16.324652433395386,0.11178009668660871,obse,soup_scene3,70,old
3587,16.329585790634155,0.1107221390179068,obse,soup_scene3,70,old
3588,16.33419179916382,0.08001758134994714,obse,soup_scene3,70,old
3589,16.339112520217896,0.07990680112090179,obse,soup_scene3,70,old
3590,16.343887329101562,0.07922839398335202,obse,soup_scene3,70,old
3591,16.348408460617065,0.07922839398335202,obse,soup_scene3,70,old
3592,16.353512287139893,0.0804652043423752,obse,soup_scene3,70,old
3593,16.357630014419556,0.0804652043423752,obse,soup_scene3,70,old
3594,16.362366437911987,0.08088410725796104,obse,soup_scene3,70,old
3595,16.36655879020691,0.08050361922545564,obse,soup_scene3,70,old
3596,16.371291637420654,0.0807208094889558,obse,soup_scene3,70,old
3597,16.375545740127563,0.0807208094889558,obse,soup_scene3,70,old
3598,16.380277633666992,0.07900044019915627,obse,soup_scene3,70,old
3599,16.38471293449402,0.07797263930239118,obse,soup_scene3,70,old
3600,16.38913369178772,0.07797263930239118,obse,soup_scene3,70,old
3601,16.39353632926941,0.07791979135729814,obse,soup_scene3,70,old
3602,16.398127555847168,0.07722053969086146,obse,soup_scene3,70,old
3603,16.40273356437683,0.07630821486788618,obse,soup_scene3,70,old
3604,16.40748929977417,0.10532491995648663,obse,soup_scene3,70,old
3605,16.412397861480713,0.11096351186597288,obse,soup_scene3,70,old
3606,16.416722297668457,0.11096261952593126,obse,soup_scene3,70,old
3607,16.421212911605835,0.11245728123166664,obse,soup_scene3,70,old
3608,16.42542338371277,0.11245728123166664,obse,soup_scene3,70,old
3609,16.43000817298889,0.11354332798938807,obse,soup_scene3,70,old
3610,16.43437910079956,0.11351324425619207,obse,soup_scene3,70,old
3611,16.43903923034668,0.11228386458479947,obse,soup_scene3,70,old
3612,16.443638801574707,0.11169417302297005,obse,soup_scene3,70,old
3613,16.44826650619507,0.11169417302297005,obse,soup_scene3,70,old
3614,16.45299482345581,0.11121508608499614,obse,soup_scene3,70,old
3615,16.457249402999878,0.11121508608499614,obse,soup_scene3,70,old
3616,16.46182632446289,0.11113719205937839,obse,soup_scene3,70,old
3617,16.465967893600464,0.11113719205937839,obse,soup_scene3,70,old
3618,16.470784187316895,0.14093492295452023,obse,soup_scene3,70,old
3619,16.47493863105774,0.14093492295452023,obse,soup_scene3,70,old
3620,16.479520320892334,0.14205072083676792,obse,soup_scene3,70,old
3621,16.48370385169983,0.14203953525777163,obse,soup_scene3,70,old
3622,16.488237619400024,0.14300303482237434,obse,soup_scene3,70,old
3623,16.492610692977905,0.14298658228097463,obse,soup_scene3,70,old
3624,16.49703311920166,0.14348692723222556,obse,soup_scene3,70,old
3625,16.501355409622192,0.1423000607549955,obse,soup_scene3,70,old
3626,16.506128311157227,0.1423000607549955,obse,soup_scene3,70,old
3627,16.510839700698853,0.1412042016374207,obse,soup_scene3,70,old
3628,16.515628576278687,0.1412042016374207,obse,soup_scene3,70,old
3629,16.520911931991577,0.14289942432461472,obse,soup_scene3,70,old
3630,16.525869846343994,0.14241862070662756,obse,soup_scene3,70,old
3631,16.53041410446167,0.14024342763723496,obse,soup_scene3,70,old
3632,16.53489899635315,0.14007963116067002,obse,soup_scene3,70,old
3633,16.53934335708618,0.14442242674676836,obse,soup_scene3,70,old
3634,16.544097423553467,0.14536186150356528,obse,soup_scene3,70,old
3635,16.548192024230957,0.14536186150356528,obse,soup_scene3,70,old
3636,16.552642107009888,0.14656148131205604,obse,soup_scene3,70,old
3637,16.5571129322052,0.14656148131205604,obse,soup_scene3,70,old
3638,16.561615705490112,0.14790409431368487,obse,soup_scene3,70,old
3639,16.56592345237732,0.1479308276906311,obse,soup_scene3,70,old
3640,16.5705246925354,0.14843415466646198,obse,soup_scene3,70,old
3641,16.574843645095825,0.14843415466646198,obse,soup_scene3,70,old
3642,16.579468488693237,0.15104943024381945,obse,soup_scene3,70,old
3643,16.58369255065918,0.15059894687264266,obse,soup_scene3,70,old
3644,16.588276624679565,0.14448780031100786,obse,soup_scene3,70,old
3645,16.592669010162354,0.14726208470841692,obse,soup_scene3,70,old
3646,16.59704875946045,0.14329476316393425,obse,soup_scene3,70,old
3647,16.601531505584717,0.14321611334352674,obse,soup_scene3,70,old
3648,16.60596537590027,0.14298869708581485,obse,soup_scene3,70,old
3649,16.6104576587677,0.14300543029490909,obse,soup_scene3,70,old
3650,16.61481022834778,0.14300543029490909,obse,soup_scene3,70,old
3651,16.61933732032776,0.1420552233418318,obse,soup_scene3,70,old
3652,16.623821258544922,0.1420552233418318,obse,soup_scene3,70,old
3653,16.62837028503418,0.14237948446938822,obse,soup_scene3,70,old
3654,16.632582187652588,0.14237948446938822,obse,soup_scene3,70,old
3655,16.637158393859863,0.14428342195225272,obse,soup_scene3,70,old
3656,16.641850233078003,0.1439390690267863,obse,soup_scene3,70,old
3657,16.646336317062378,0.14314044172888485,obse,soup_scene3,70,old
3658,16.650654792785645,0.14355771066928782,obse,soup_scene3,70,old
3659,16.655205726623535,0.14455363920456596,obse,soup_scene3,70,old
3660,16.65955114364624,0.14207484108087887,obse,soup_scene3,70,old
3661,16.664060354232788,0.14207484108087887,obse,soup_scene3,70,old
3662,16.668418407440186,0.14055188957952527,obse,soup_scene3,70,old
3663,16.67346167564392,0.14725631933505745,obse,soup_scene3,70,old
3664,16.678289890289307,0.1489082253337597,obse,soup_scene3,70,old
3665,16.682604551315308,0.1489082253337597,obse,soup_scene3,70,old
3666,16.687214374542236,0.15017179360344377,obse,soup_scene3,70,old
3667,16.69175100326538,0.150579514472226,obse,soup_scene3,70,old
3668,16.69624400138855,0.14801992229065195,obse,soup_scene3,70,old
3669,16.700520515441895,0.1480183762474786,obse,soup_scene3,70,old
3670,16.705402135849,0.15186938543568615,obse,soup_scene3,70,old
3671,16.70987343788147,0.15159600075587124,obse,soup_scene3,70,old
3672,16.714320182800293,0.15159600075587124,obse,soup_scene3,70,old
3673,16.71882438659668,0.15142451745758503,obse,soup_scene3,70,old
3674,16.723129510879517,0.15142451745758503,obse,soup_scene3,70,old
3675,16.727696895599365,0.1490973338028285,obse,soup_scene3,70,old
3676,16.731940507888794,0.13012312057185524,obse,soup_scene3,70,old
3677,16.736554622650146,0.12983393219750156,obse,soup_scene3,70,old
3678,16.740901470184326,0.12983393219750156,obse,soup_scene3,70,old
3679,16.745728492736816,0.12179814017111307,obse,soup_scene3,70,old
3680,16.750136613845825,0.12137789850815811,obse,soup_scene3,70,old
3681,16.75482678413391,0.12930286717441705,obse,soup_scene3,70,old
3682,16.759242057800293,0.12975150499767385,obse,soup_scene3,70,old
3683,16.763707160949707,0.1302922162037159,obse,soup_scene3,70,old
3684,16.76812982559204,0.1301713317736103,obse,soup_scene3,70,old
3685,16.772622108459473,0.1301713317736103,obse,soup_scene3,70,old
3686,16.777265548706055,0.12982538008862482,obse,soup_scene3,70,old
3687,16.781741857528687,0.12982538008862482,obse,soup_scene3,70,old
3688,16.786379098892212,0.1290581697031944,obse,soup_scene3,70,old
3689,16.790783643722534,0.1290581697031944,obse,soup_scene3,70,old
3690,16.79577946662903,0.15439333700264363,obse,soup_scene3,70,old
3691,16.800443410873413,0.1578585170082625,obse,soup_scene3,70,old
3692,16.805341243743896,0.15797604825632922,obse,soup_scene3,70,old
3693,16.80984091758728,0.15778934810219405,obse,soup_scene3,70,old
3694,16.814653873443604,0.15778934810219405,obse,soup_scene3,70,old
3695,16.819410800933838,0.15938938122634166,obse,soup_scene3,70,old
3696,16.823692560195923,0.15938938122634166,obse,soup_scene3,70,old
3697,16.828211545944214,0.15871569771073435,obse,soup_scene3,70,old
3698,16.832458972930908,0.15871569771073435,obse,soup_scene3,70,old
3699,16.836849689483643,0.15877424198265852,obse,soup_scene3,70,old
3700,16.84127926826477,0.15877424198265852,obse,soup_scene3,70,old
3701,16.845863103866577,0.15873115528923845,obse,soup_scene3,70,old
3702,16.850207805633545,0.15829093243406356,obse,soup_scene3,70,old
3703,16.85504460334778,0.1520453380013572,obse,soup_scene3,70,old
3704,16.859670877456665,0.1554547901937151,obse,soup_scene3,70,old
3705,16.86446499824524,0.15170961157797908,obse,soup_scene3,70,old
3706,16.869028329849243,0.1523380267001579,obse,soup_scene3,70,old
3707,16.87367272377014,0.1523380267001579,obse,soup_scene3,70,old
3708,16.878046989440918,0.15219014173075845,obse,soup_scene3,70,old
3709,16.882341146469116,0.15219014173075845,obse,soup_scene3,70,old
3710,16.886707544326782,0.15320227616828055,obse,soup_scene3,70,old
3711,16.891005992889404,0.15320227616828055,obse,soup_scene3,70,old
3712,16.895814180374146,0.15251144924286936,obse,soup_scene3,70,old
3713,16.900136947631836,0.15251144924286936,obse,soup_scene3,70,old
3714,16.90500521659851,0.1537288809650721,obse,soup_scene3,70,old
3715,16.909422159194946,0.1521265688051153,obse,soup_scene3,70,old
3716,16.913992643356323,0.1521265688051153,obse,soup_scene3,70,old
3717,16.91838026046753,0.15361861931725254,obse,soup_scene3,70,old
3718,16.922860383987427,0.15361861931725254,obse,soup_scene3,70,old
3719,16.92734432220459,0.15344933008570363,obse,soup_scene3,70,old
3720,16.93173313140869,0.14183431574307875,obse,soup_scene3,70,old
3721,16.936485290527344,0.140810787116031,obse,soup_scene3,70,old
3722,16.940993547439575,0.140810787116031,obse,soup_scene3,70,old
3723,16.946192979812622,0.14091628564521905,obse,soup_scene3,70,old
3724,16.95120859146118,0.14095596679112882,obse,soup_scene3,70,old
3725,16.95629572868347,0.14217579009408451,obse,soup_scene3,70,old
3726,16.960601329803467,0.14207390737294254,obse,soup_scene3,70,old
3727,16.96513795852661,0.1395069384804667,obse,soup_scene3,70,old
3728,16.969403982162476,0.1395069384804667,obse,soup_scene3,70,old
3729,16.974072217941284,0.1399382232861954,obse,soup_scene3,70,old
3730,16.978667974472046,0.14076213632259688,obse,soup_scene3,70,old
3731,16.983103275299072,0.14076213632259688,obse,soup_scene3,70,old
3732,16.987465620040894,0.13968905246895552,obse,soup_scene3,70,old
3733,16.991695642471313,0.13968905246895552,obse,soup_scene3,70,old
3734,16.99606680870056,0.15082303135125757,obse,soup_scene3,70,old
3735,17.000351667404175,0.14991284164033622,obse,soup_scene3,70,old
3736,17.00480079650879,0.15195403547446637,obse,soup_scene3,70,old
3737,17.009161472320557,0.15224922393265947,obse,soup_scene3,70,old
3738,17.013558626174927,0.15224922393265947,obse,soup_scene3,70,old
3739,17.01815128326416,0.15332457105685132,obse,soup_scene3,70,old
3740,17.02254319190979,0.154170690459727,obse,soup_scene3,70,old
3741,17.027175426483154,0.154170690459727,obse,soup_scene3,70,old
3742,17.0315682888031,0.15383794638343495,obse,soup_scene3,70,old
3743,17.036189079284668,0.1501722438857399,obse,soup_scene3,70,old
3744,17.04046607017517,0.1501722438857399,obse,soup_scene3,70,old
3745,17.045050382614136,0.15458723858028914,obse,soup_scene3,70,old
3746,17.049633264541626,0.15458723858028914,obse,soup_scene3,70,old
3747,17.054591417312622,0.15534006624863722,obse,soup_scene3,70,old
3748,17.05963683128357,0.15575614927233847,obse,soup_scene3,70,old
3749,17.064842224121094,0.15507294872743596,obse,soup_scene3,70,old
3750,17.06978416442871,0.15507294872743596,obse,soup_scene3,70,old
3751,17.07437300682068,0.15347178372267636,obse,soup_scene3,70,old
3752,17.07889723777771,0.15347178372267636,obse,soup_scene3,70,old
3753,17.08348822593689,0.15384898930646732,obse,soup_scene3,70,old
3754,17.088000774383545,0.14490869025464498,obse,soup_scene3,70,old
3755,17.092328310012817,0.1431179573733193,obse,soup_scene3,70,old
3756,17.096699237823486,0.1431179573733193,obse,soup_scene3,70,old
3757,17.101136207580566,0.13727060180783357,obse,soup_scene3,70,old
3758,17.10626220703125,0.1409560512013948,obse,soup_scene3,70,old
3759,17.11093235015869,0.1415776713356854,obse,soup_scene3,70,old
3760,17.11575484275818,0.14254804548748753,obse,soup_scene3,70,old
3761,17.12035083770752,0.1427515813832427,obse,soup_scene3,70,old
3762,17.124624490737915,0.1427515813832427,obse,soup_scene3,70,old
3763,17.128795385360718,0.1427515813832427,obse,soup_scene3,70,old
3764,17.133103609085083,0.1427515813832427,obse,soup_scene3,70,old
3765,17.138885498046875,0.14288676068965292,obse,soup_scene3,70,old
3766,17.143638849258423,0.14272552979046338,obse,soup_scene3,70,old
3767,17.14834213256836,0.14314572285420152,obse,soup_scene3,70,old
3768,17.152981281280518,0.14375402893209197,obse,soup_scene3,70,old
3769,17.157395362854004,0.14375402893209197,obse,soup_scene3,70,old
3770,17.162054538726807,0.14486282781665322,obse,soup_scene3,70,old
3771,17.1666738986969,0.14483951251561147,obse,soup_scene3,70,old
3772,17.171720266342163,0.13974399927840644,obse,soup_scene3,70,old
3773,17.17639994621277,0.13907396881152082,obse,soup_scene3,70,old
3774,17.18104076385498,0.13922500880044644,obse,soup_scene3,70,old
3775,17.18576955795288,0.14473485928155447,obse,soup_scene3,70,old
3776,17.190314769744873,0.16913693970620639,obse,soup_scene3,70,old
3777,17.19507384300232,0.17077797797721628,obse,soup_scene3,70,old
3778,17.199781894683838,0.17028822566537322,obse,soup_scene3,70,old
3779,17.204681396484375,0.16833079045370197,obse,soup_scene3,70,old
3780,17.20937991142273,0.16874192666421978,obse,soup_scene3,70,old
3781,17.214396953582764,0.16646066444254956,obse,soup_scene3,70,old
3782,17.21922540664673,0.16751445254940162,obse,soup_scene3,70,old
3783,17.223568201065063,0.16751445254940162,obse,soup_scene3,70,old
3784,17.228299617767334,0.16126025491838744,obse,soup_scene3,70,old
3785,17.232649087905884,0.16126025491838744,obse,soup_scene3,70,old
3786,17.237504482269287,0.1629965021505347,obse,soup_scene3,70,old
3787,17.242271661758423,0.16756542657891205,obse,soup_scene3,70,old
3788,17.246988534927368,0.16756542657891205,obse,soup_scene3,70,old
3789,17.251746654510498,0.16945426333558788,obse,soup_scene3,70,old
3790,17.25657820701599,0.1499943415756593,obse,soup_scene3,70,old
3791,17.261417627334595,0.14949904753050935,obse,soup_scene3,70,old
3792,17.265949964523315,0.14949904753050935,obse,soup_scene3,70,old
3793,17.270829439163208,0.14877752480445058,obse,soup_scene3,70,old
3794,17.27591609954834,0.14870145580623673,obse,soup_scene3,70,old
3795,17.28050446510315,0.1473055802274819,obse,soup_scene3,70,old
3796,17.285253524780273,0.1420458853883807,obse,soup_scene3,70,old
3797,17.289979696273804,0.1420458853883807,obse,soup_scene3,70,old
3798,17.29485559463501,0.14671960450203958,obse,soup_scene3,70,old
3799,17.29963970184326,0.14631786187131918,obse,soup_scene3,70,old
3800,17.30437135696411,0.14796375637927164,obse,soup_scene3,70,old
3801,17.30856204032898,0.14796375637927164,obse,soup_scene3,70,old
3802,17.31315326690674,0.1477566857011133,obse,soup_scene3,70,old
3803,17.317574977874756,0.14869851990420352,obse,soup_scene3,70,old
3804,17.321990489959717,0.14869851990420352,obse,soup_scene3,70,old
3805,17.3264479637146,0.14962989160025006,obse,soup_scene3,70,old
3806,17.33087921142578,0.14962989160025006,obse,soup_scene3,70,old
3807,17.33547878265381,0.14226766388090564,obse,soup_scene3,70,old
3808,17.340188026428223,0.14226766388090564,obse,soup_scene3,70,old
3809,17.34464716911316,0.1458853206812214,obse,soup_scene3,70,old
3810,17.34880542755127,0.1458853206812214,obse,soup_scene3,70,old
3811,17.353248834609985,0.14496353044321336,obse,soup_scene3,70,old
3812,17.3574275970459,0.14496353044321336,obse,soup_scene3,70,old
3813,17.361769914627075,0.14649368316094047,obse,soup_scene3,70,old
3814,17.365976095199585,0.14649368316094047,obse,soup_scene3,70,old
3815,17.371107816696167,0.1705914196208253,obse,soup_scene3,70,old
3816,17.375637769699097,0.1713577456073329,obse,soup_scene3,70,old
3817,17.38000512123108,0.1713577456073329,obse,soup_scene3,70,old
3818,17.38440728187561,0.17276072646869034,obse,soup_scene3,70,old
3819,17.388854026794434,0.17276072646869034,obse,soup_scene3,70,old
3820,17.393258094787598,0.17276072646869034,obse,soup_scene3,70,old
3821,17.39781165122986,0.16335279547390322,obse,soup_scene3,70,old
3822,17.402486562728882,0.1572219518467295,obse,soup_scene3,70,old
3823,17.407168865203857,0.16059834502642373,obse,soup_scene3,70,old
3824,17.411812782287598,0.16039563222833395,obse,soup_scene3,70,old
3825,17.416298866271973,0.15940094795497325,obse,soup_scene3,70,old
3826,17.420621395111084,0.15940094795497325,obse,soup_scene3,70,old
3827,17.424910068511963,0.15940094795497325,obse,soup_scene3,70,old
3828,17.429498195648193,0.1588419843350234,obse,soup_scene3,70,old
3829,17.433879375457764,0.1588419843350234,obse,soup_scene3,70,old
3830,17.438880443572998,0.1579115442707403,obse,soup_scene3,70,old
3831,17.44380521774292,0.16032533902996313,obse,soup_scene3,70,old
3832,17.44870638847351,0.1397362895091158,obse,soup_scene3,70,old
3833,17.45374846458435,0.1397362895091158,obse,soup_scene3,70,old
3834,17.459577322006226,0.13450263318134836,obse,soup_scene3,70,old
3835,17.46515941619873,0.13118739982036218,obse,soup_scene3,70,old
3836,17.470653295516968,0.13480876963285432,obse,soup_scene3,70,old
3837,17.47633719444275,0.13480876963285432,obse,soup_scene3,70,old
3838,17.48188304901123,0.13488645458030807,obse,soup_scene3,70,old
3839,17.48779606819153,0.13485735105156438,obse,soup_scene3,70,old
3840,17.49340319633484,0.13515467876004716,obse,soup_scene3,70,old
3841,17.498904943466187,0.13515467876004716,obse,soup_scene3,70,old
3842,17.50493836402893,0.16328004146545635,obse,soup_scene3,70,old
3843,17.510791063308716,0.16352773095334486,obse,soup_scene3,70,old
3844,17.517066717147827,0.16018836921811716,obse,soup_scene3,70,old
3845,17.522863149642944,0.16451423694987194,obse,soup_scene3,70,old
3846,17.528573036193848,0.16552842307614601,obse,soup_scene3,70,old
3847,17.534521341323853,0.16222840382368692,obse,soup_scene3,70,old
3848,17.540582418441772,0.16206800389613846,obse,soup_scene3,70,old
3849,17.54624080657959,0.15623844459916353,obse,soup_scene3,70,old
3850,17.550928354263306,0.15625145879958827,obse,soup_scene3,70,old
3851,17.556092262268066,0.16436672736746805,obse,soup_scene3,70,old
3852,17.561328887939453,0.16612516688298834,obse,soup_scene3,70,old
3853,17.566082239151,0.16612516688298834,obse,soup_scene3,70,old
3854,17.571397304534912,0.1689340076035066,obse,soup_scene3,70,old
3855,17.576809883117676,0.17084650321232384,obse,soup_scene3,70,old
3856,17.582148551940918,0.17084650321232384,obse,soup_scene3,70,old
3857,17.58771824836731,0.17104834087575393,obse,soup_scene3,70,old
3858,17.592026233673096,0.17066947571684735,obse,soup_scene3,70,old
3859,17.597054481506348,0.16620250529464037,obse,soup_scene3,70,old
3860,17.60193395614624,0.16411230491749204,obse,soup_scene3,70,old
3861,17.60788345336914,0.16411230491749204,obse,soup_scene3,70,old
3862,17.613405227661133,0.1674058840585243,obse,soup_scene3,70,old
3863,17.618890523910522,0.1762820116780582,obse,soup_scene3,70,old
3864,17.624686002731323,0.17731188666344722,obse,soup_scene3,70,old
3865,17.62986969947815,0.17869625111710732,obse,soup_scene3,70,old
3866,17.634970664978027,0.17829834306903006,obse,soup_scene3,70,old
3867,17.63975238800049,0.17829834306903006,obse,soup_scene3,70,old
3868,17.64504051208496,0.1747687869157353,obse,soup_scene3,70,old
3869,17.650224208831787,0.1748239524774437,obse,soup_scene3,70,old
3870,17.655484676361084,0.17697899680249482,obse,soup_scene3,70,old
3871,17.66087579727173,0.17875968568898645,obse,soup_scene3,70,old
3872,17.66554093360901,0.17875968568898645,obse,soup_scene3,70,old
3873,17.67093849182129,0.1783661921104391,obse,soup_scene3,70,old
3874,17.676100730895996,0.1598767960850232,obse,soup_scene3,70,old
3875,17.681239128112793,0.15802539030221613,obse,soup_scene3,70,old
3876,17.686676025390625,0.15795230166564186,obse,soup_scene3,70,old
3877,17.69179129600525,0.1543074469756188,obse,soup_scene3,70,old
3878,17.697437524795532,0.1543074469756188,obse,soup_scene3,70,old
3879,17.702977418899536,0.1590533491294132,obse,soup_scene3,70,old
3880,17.708163738250732,0.15907953888164905,obse,soup_scene3,70,old
3881,17.713146209716797,0.15845125398070878,obse,soup_scene3,70,old
3882,17.718323469161987,0.15899128261411155,obse,soup_scene3,70,old
3883,17.723196506500244,0.15899128261411155,obse,soup_scene3,70,old
3884,17.728614330291748,0.15812850504740103,obse,soup_scene3,70,old
3885,17.73366379737854,0.1584882152276138,obse,soup_scene3,70,old
3886,17.738675117492676,0.1531955613127117,obse,soup_scene3,70,old
3887,17.743861436843872,0.15195121428302386,obse,soup_scene3,70,old
3888,17.748911380767822,0.15195121428302386,obse,soup_scene3,70,old
3889,17.754149913787842,0.15064687362739856,obse,soup_scene3,70,old
3890,17.75917148590088,0.13498984090598035,obse,soup_scene3,70,old
3891,17.7638738155365,0.13359423339019505,obse,soup_scene3,70,old
3892,17.7685284614563,0.1353600892402017,obse,soup_scene3,70,old
3893,17.77319574356079,0.1353600892402017,obse,soup_scene3,70,old
3894,17.777912139892578,0.138937411540035,obse,soup_scene3,70,old
3895,17.782397508621216,0.138937411540035,obse,soup_scene3,70,old
3896,17.787168502807617,0.13817075517017785,obse,soup_scene3,70,old
3897,17.792215585708618,0.1344629785630349,obse,soup_scene3,70,old
3898,17.79713463783264,0.13518341835487663,obse,soup_scene3,70,old
3899,17.80194091796875,0.1352912903578305,obse,soup_scene3,70,old
3900,17.806848764419556,0.1352912903578305,obse,soup_scene3,70,old
3901,17.812077283859253,0.1373620397129621,obse,soup_scene3,70,old
3902,17.816863536834717,0.1373620397129621,obse,soup_scene3,70,old
3903,17.821924448013306,0.1374561546379851,obse,soup_scene3,70,old
3904,17.826868057250977,0.1375369441110418,obse,soup_scene3,70,old
3905,17.831466674804688,0.1375369441110418,obse,soup_scene3,70,old
3906,17.836639642715454,0.1395866182352938,obse,soup_scene3,70,old
3907,17.84118127822876,0.1395866182352938,obse,soup_scene3,70,old
3908,17.84574294090271,0.138866120313121,obse,soup_scene3,70,old
3909,17.85044264793396,0.13886037013872246,obse,soup_scene3,70,old
3910,17.855289220809937,0.13365821648274923,obse,soup_scene3,70,old
3911,17.860235929489136,0.13441705584666297,obse,soup_scene3,70,old
3912,17.865007400512695,0.13441705584666297,obse,soup_scene3,70,old
3913,17.87020444869995,0.13885387097716684,obse,soup_scene3,70,old
3914,17.875120639801025,0.13885657650020497,obse,soup_scene3,70,old
3915,17.879965782165527,0.13777535429763416,obse,soup_scene3,70,old
3916,17.884846687316895,0.1748831251453587,obse,soup_scene3,70,old
3917,17.88989543914795,0.18044011515819644,obse,soup_scene3,70,old
3918,17.89483404159546,0.17976874898793563,obse,soup_scene3,70,old
3919,17.89962863922119,0.17980577001699757,obse,soup_scene3,70,old
3920,17.904826641082764,0.1759065453657646,obse,soup_scene3,70,old
3921,17.909865617752075,0.17767867980861127,obse,soup_scene3,70,old
3922,17.914597988128662,0.17767867980861127,obse,soup_scene3,70,old
3923,17.919528484344482,0.17720642262689246,obse,soup_scene3,70,old
3924,17.924331188201904,0.17720642262689246,obse,soup_scene3,70,old
3925,17.929442882537842,0.18056629190736898,obse,soup_scene3,70,old
3926,17.934370279312134,0.18095753339856993,obse,soup_scene3,70,old
3927,17.93936538696289,0.18095753339856993,obse,soup_scene3,70,old
3928,17.944323301315308,0.14883495495407964,obse,soup_scene3,70,old
3929,17.94946813583374,0.14883495495407964,obse,soup_scene3,70,old
3930,17.95418381690979,0.13973425075844403,obse,soup_scene3,70,old
3931,17.958537101745605,0.13973425075844403,obse,soup_scene3,70,old
3932,17.963106393814087,0.13911226048294129,obse,soup_scene3,70,old
3933,17.96755838394165,0.13962380805192892,obse,soup_scene3,70,old
3934,17.972166538238525,0.1426808041391016,obse,soup_scene3,70,old
3935,17.976766109466553,0.14692656212243158,obse,soup_scene3,70,old
3936,17.981265783309937,0.14692656212243158,obse,soup_scene3,70,old
3937,17.98618173599243,0.14858179261467733,obse,soup_scene3,70,old
3938,17.990731239318848,0.14858179261467733,obse,soup_scene3,70,old
3939,17.995657444000244,0.1489663284942573,obse,soup_scene3,70,old
3940,18.000279664993286,0.14898090932102334,obse,soup_scene3,70,old
3941,18.005420207977295,0.17171006171704278,obse,soup_scene3,70,old
3942,18.009974002838135,0.1705746317530398,obse,soup_scene3,70,old
3943,18.014585733413696,0.1718094531296272,obse,soup_scene3,70,old
3944,18.019429445266724,0.1700851948653156,obse,soup_scene3,70,old
3945,18.02426528930664,0.1700851948653156,obse,soup_scene3,70,old
3946,18.029392957687378,0.17256206872833674,obse,soup_scene3,70,old
3947,18.033952713012695,0.1725485262496934,obse,soup_scene3,70,old
3948,18.03870916366577,0.17426116777963074,obse,soup_scene3,70,old
3949,18.043554067611694,0.17598472435774154,obse,soup_scene3,70,old
3950,18.04815411567688,0.17598472435774154,obse,soup_scene3,70,old
3951,18.053163766860962,0.17087242675334144,obse,soup_scene3,70,old
3952,18.057841539382935,0.17087242675334144,obse,soup_scene3,70,old
3953,18.062678337097168,0.13887603312663785,obse,soup_scene3,70,old
3954,18.067478895187378,0.13613705748306992,obse,soup_scene3,70,old
3955,18.072414875030518,0.13361517470866674,obse,soup_scene3,70,old
3956,18.077109336853027,0.1368893638464421,obse,soup_scene3,70,old
3957,18.08167839050293,0.1368893638464421,obse,soup_scene3,70,old
3958,18.08638596534729,0.13654554030052926,obse,soup_scene3,70,old
3959,18.090832710266113,0.13654554030052926,obse,soup_scene3,70,old
3960,18.095534324645996,0.136187484372136,obse,soup_scene3,70,old
3961,18.100025415420532,0.136187484372136,obse,soup_scene3,70,old
3962,18.105138301849365,0.13534345212356916,obse,soup_scene3,70,old
3963,18.110528230667114,0.1359412554621187,obse,soup_scene3,70,old
3964,18.11548399925232,0.1359412554621187,obse,soup_scene3,70,old
3965,18.12063694000244,0.13633407898726793,obse,soup_scene3,70,old
3966,18.124860286712646,0.13633407898726793,obse,soup_scene3,70,old
3967,18.129987478256226,0.14076351272708262,obse,soup_scene3,70,old
3968,18.1349880695343,0.14140283380304436,obse,soup_scene3,70,old
3969,18.14012885093689,0.1413415327943821,obse,soup_scene3,70,old
3970,18.145324230194092,0.1425481196248677,obse,soup_scene3,70,old
3971,18.15034294128418,0.1425481196248677,obse,soup_scene3,70,old
3972,18.15556788444519,0.14075838854382877,obse,soup_scene3,70,old
3973,18.16108250617981,0.1345254704298668,obse,soup_scene3,70,old
3974,18.165804862976074,0.1345254704298668,obse,soup_scene3,70,old
3975,18.170819520950317,0.13407865729471882,obse,soup_scene3,70,old
3976,18.17615532875061,0.1344526577873804,obse,soup_scene3,70,old
3977,18.181009531021118,0.1344526577873804,obse,soup_scene3,70,old
3978,18.186203479766846,0.1359546531972233,obse,soup_scene3,70,old
3979,18.191152572631836,0.13555436961721892,obse,soup_scene3,70,old
3980,18.19624376296997,0.13842942084537968,obse,soup_scene3,70,old
3981,18.201131343841553,0.13842655795603725,obse,soup_scene3,70,old
3982,18.20605206489563,0.1401760162785261,obse,soup_scene3,70,old
3983,18.211499452590942,0.14056879655957008,obse,soup_scene3,70,old
3984,18.216838598251343,0.1884862772692837,obse,soup_scene3,70,old
3985,18.22164225578308,0.18810237299027346,obse,soup_scene3,70,old
3986,18.22597575187683,0.1841336697480322,obse,soup_scene3,70,old
3987,18.231122493743896,0.18591218671784085,obse,soup_scene3,70,old
3988,18.236246824264526,0.18640520091302656,obse,soup_scene3,70,old
3989,18.241640329360962,0.18640520091302656,obse,soup_scene3,70,old
3990,18.24681067466736,0.18497658297109357,obse,soup_scene3,70,old
3991,18.25222396850586,0.18497658297109357,obse,soup_scene3,70,old
3992,18.257246255874634,0.18738216702092828,obse,soup_scene3,70,old
3993,18.262344121932983,0.18738216702092828,obse,soup_scene3,70,old
3994,18.267582654953003,0.1443350657640154,obse,soup_scene3,70,old
3995,18.272623300552368,0.1366634434280109,obse,soup_scene3,70,old
3996,18.277635097503662,0.13710373836233491,obse,soup_scene3,70,old
3997,18.282597541809082,0.137293580740145,obse,soup_scene3,70,old
3998,18.28759503364563,0.13363042735540337,obse,soup_scene3,70,old
3999,18.2924542427063,0.1281089758608141,obse,soup_scene3,70,old
4000,18.29729723930359,0.1281089758608141,obse,soup_scene3,70,old
4001,18.302499294281006,0.1303843652131116,obse,soup_scene3,70,old
4002,18.307952642440796,0.1310547699012914,obse,soup_scene3,70,old
4003,18.313530921936035,0.13106834855761407,obse,soup_scene3,70,old
4004,18.31904101371765,0.13190009846294132,obse,soup_scene3,70,old
4005,18.324506759643555,0.13378051405763883,obse,soup_scene3,70,old
4006,18.329917430877686,0.127584713202378,obse,soup_scene3,70,old
4007,18.335240125656128,0.12757880801857827,obse,soup_scene3,70,old
4008,18.340673685073853,0.1676813220410933,obse,soup_scene3,70,old
4009,18.346205711364746,0.16810964105468396,obse,soup_scene3,70,old
4010,18.35173773765564,0.1680867665428026,obse,soup_scene3,70,old
4011,18.357012510299683,0.16927585014833876,obse,soup_scene3,70,old
4012,18.362607717514038,0.1617517748323095,obse,soup_scene3,70,old
4013,18.366910696029663,0.1618089877803668,obse,soup_scene3,70,old
4014,18.372092723846436,0.1634382353890901,obse,soup_scene3,70,old
4015,18.376946687698364,0.16438644212313852,obse,soup_scene3,70,old
4016,18.38200092315674,0.16438644212313852,obse,soup_scene3,70,old
4017,18.3872811794281,0.16910195550285384,obse,soup_scene3,70,old
4018,18.393511056900024,0.17054179551783877,obse,soup_scene3,70,old
4019,18.398313522338867,0.17054179551783877,obse,soup_scene3,70,old
4020,18.403642416000366,0.1708959266594155,obse,soup_scene3,70,old
4021,18.409287691116333,0.16611754926152947,obse,soup_scene3,70,old
4022,18.414432287216187,0.16612512972687582,obse,soup_scene3,70,old
4023,18.41957998275757,0.1663652446819855,obse,soup_scene3,70,old
4024,18.424381971359253,0.16675963566254523,obse,soup_scene3,70,old
4025,18.429344654083252,0.16398108554549648,obse,soup_scene3,70,old
4026,18.4342200756073,0.1639560339654044,obse,soup_scene3,70,old
4027,18.43881916999817,0.16307684374369003,obse,soup_scene3,70,old
4028,18.443281412124634,0.16754636515949872,obse,soup_scene3,70,old
4029,18.447715997695923,0.16754636515949872,obse,soup_scene3,70,old
4030,18.452256202697754,0.1705918044454031,obse,soup_scene3,70,old
4031,18.45657730102539,0.1705918044454031,obse,soup_scene3,70,old
4032,18.46131992340088,0.1710560605066174,obse,soup_scene3,70,old
4033,18.46562385559082,0.14294539822077204,obse,soup_scene3,70,old
4034,18.470519065856934,0.1343958878708933,obse,soup_scene3,70,old
4035,18.475231170654297,0.13442631431876617,obse,soup_scene3,70,old
4036,18.47952651977539,0.13600745130150677,obse,soup_scene3,70,old
4037,18.48405885696411,0.13642095464820445,obse,soup_scene3,70,old
4038,18.488351345062256,0.13498798727686534,obse,soup_scene3,70,old
4039,18.492810487747192,0.13403163308775737,obse,soup_scene3,70,old
4040,18.497366189956665,0.13403163308775737,obse,soup_scene3,70,old
4041,18.501852989196777,0.13758562050229275,obse,soup_scene3,70,old
4042,18.506523847579956,0.13758562050229275,obse,soup_scene3,70,old
4043,18.51128125190735,0.1395352098261765,obse,soup_scene3,70,old
4044,18.515790939331055,0.1395352098261765,obse,soup_scene3,70,old
4045,18.520546436309814,0.13540468639387646,obse,soup_scene3,70,old
4046,18.524778604507446,0.13540468639387646,obse,soup_scene3,70,old
4047,18.529616832733154,0.13492843195685464,obse,soup_scene3,70,old
4048,18.534080505371094,0.13512614509045748,obse,soup_scene3,70,old
4049,18.538861751556396,0.13604403314323488,obse,soup_scene3,70,old
4050,18.543569087982178,0.1363468584261063,obse,soup_scene3,70,old
4051,18.548091650009155,0.15958264447182288,obse,soup_scene3,70,old
4052,18.552933931350708,0.16468924548226735,obse,soup_scene3,70,old
4053,18.5572247505188,0.16468924548226735,obse,soup_scene3,70,old
4054,18.561973094940186,0.16472190693854863,obse,soup_scene3,70,old
4055,18.566208124160767,0.16472190693854863,obse,soup_scene3,70,old
4056,18.570714473724365,0.1644920289126727,obse,soup_scene3,70,old
4057,18.575348138809204,0.1644920289126727,obse,soup_scene3,70,old
4058,18.579981803894043,0.1549419442550697,obse,soup_scene3,70,old
4059,18.5847806930542,0.1549419442550697,obse,soup_scene3,70,old
4060,18.58904004096985,0.1549419442550697,obse,soup_scene3,70,old
4061,18.593994140625,0.15983322767400657,obse,soup_scene3,70,old
4062,18.59833526611328,0.1632777855757303,obse,soup_scene3,70,old
4063,18.602662324905396,0.16286026847103235,obse,soup_scene3,70,old
4064,18.60710644721985,0.1627707817770738,obse,soup_scene3,70,old
4065,18.611732482910156,0.16511273364346213,obse,soup_scene3,70,old
4066,18.6165611743927,0.16854087676944174,obse,soup_scene3,70,old
4067,18.62077021598816,0.16854087676944174,obse,soup_scene3,70,old
4068,18.62578535079956,0.16963459480305274,obse,soup_scene3,70,old
4069,18.6309814453125,0.1666218313700432,obse,soup_scene3,70,old
4070,18.63617181777954,0.1666218313700432,obse,soup_scene3,70,old
4071,18.641122579574585,0.16694512174787227,obse,soup_scene3,70,old
4072,18.64560604095459,0.16733097228104588,obse,soup_scene3,70,old
4073,18.650079250335693,0.16733097228104588,obse,soup_scene3,70,old
4074,18.654403686523438,0.16733097228104588,obse,soup_scene3,70,old
4075,18.658870697021484,0.16466019676393367,obse,soup_scene3,70,old
4076,18.663286685943604,0.16466019676393367,obse,soup_scene3,70,old
4077,18.667744636535645,0.12944007191983684,obse,soup_scene3,70,old
4078,18.672528505325317,0.12480835764044175,obse,soup_scene3,70,old
4079,18.676964282989502,0.1243469233931238,obse,soup_scene3,70,old
4080,18.681440830230713,0.12544832743507514,obse,soup_scene3,70,old
4081,18.68587589263916,0.12544832743507514,obse,soup_scene3,70,old
4082,18.690330028533936,0.12160625421503013,obse,soup_scene3,70,old
4083,18.694732904434204,0.12160625421503013,obse,soup_scene3,70,old
4084,18.6994149684906,0.12124800849625332,obse,soup_scene3,70,old
4085,18.704383611679077,0.1246200977045928,obse,soup_scene3,70,old
4086,18.709347248077393,0.12690374457436446,obse,soup_scene3,70,old
4087,18.714082956314087,0.1277016848193343,obse,soup_scene3,70,old
4088,18.71877694129944,0.12273796929897586,obse,soup_scene3,70,old
4089,18.723398447036743,0.12152246133519887,obse,soup_scene3,70,old
4090,18.728135347366333,0.12058600053057772,obse,soup_scene3,70,old
4091,18.73286771774292,0.12395240669740973,obse,soup_scene3,70,old
4092,18.737701654434204,0.11887002541664043,obse,soup_scene3,70,old
4093,18.743215799331665,0.11888259140546449,obse,soup_scene3,70,old
4094,18.74762511253357,0.11797129488632446,obse,soup_scene3,70,old
4095,18.752092361450195,0.17510554399310369,obse,soup_scene3,70,old
4096,18.7565975189209,0.18277763878695027,obse,soup_scene3,70,old
4097,18.76158857345581,0.18377991559292414,obse,soup_scene3,70,old
4098,18.766485929489136,0.1834358523980379,obse,soup_scene3,70,old
4099,18.77181386947632,0.1868293128854469,obse,soup_scene3,70,old
4100,18.776794910430908,0.1818273309666703,obse,soup_scene3,70,old
4101,18.78174352645874,0.1818273309666703,obse,soup_scene3,70,old
4102,18.7870135307312,0.18024493853219867,obse,soup_scene3,70,old
4103,18.79199194908142,0.18063290784887312,obse,soup_scene3,70,old
4104,18.797049283981323,0.17853733792518225,obse,soup_scene3,70,old
4105,18.801462411880493,0.182660511702204,obse,soup_scene3,70,old
4106,18.806424140930176,0.182660511702204,obse,soup_scene3,70,old
4107,18.81165099143982,0.15998535324938637,obse,soup_scene3,70,old
4108,18.81689763069153,0.15962678243450798,obse,soup_scene3,70,old
4109,18.822038412094116,0.15476069991215,obse,soup_scene3,70,old
4110,18.82715916633606,0.1553155064329341,obse,soup_scene3,70,old
4111,18.83212184906006,0.1553155064329341,obse,soup_scene3,70,old
4112,18.83724331855774,0.152263620881461,obse,soup_scene3,70,old
4113,18.841558933258057,0.152263620881461,obse,soup_scene3,70,old
4114,18.846108198165894,0.15682671792814273,obse,soup_scene3,70,old
4115,18.8505117893219,0.15643810053010324,obse,soup_scene3,70,old
4116,18.85581612586975,0.15186611436064787,obse,soup_scene3,70,old
4117,18.861059188842773,0.15172279122253118,obse,soup_scene3,70,old
4118,18.865749835968018,0.15172279122253118,obse,soup_scene3,70,old
4119,18.870417594909668,0.15216156349162613,obse,soup_scene3,70,old
4120,18.8747501373291,0.17975000213854217,obse,soup_scene3,70,old
4121,18.87940740585327,0.1872856450873752,obse,soup_scene3,70,old
4122,18.88380455970764,0.179387541109707,obse,soup_scene3,70,old
4123,18.888834714889526,0.179387541109707,obse,soup_scene3,70,old
4124,18.89408040046692,0.1783538285319464,obse,soup_scene3,70,old
4125,18.89916753768921,0.1783538285319464,obse,soup_scene3,70,old
4126,18.904584169387817,0.18282910557246362,obse,soup_scene3,70,old
4127,18.908912420272827,0.1828310439177387,obse,soup_scene3,70,old
4128,18.913853883743286,0.18559765581891352,obse,soup_scene3,70,old
4129,18.91879892349243,0.18658406237296443,obse,soup_scene3,70,old
4130,18.923848628997803,0.18658406237296443,obse,soup_scene3,70,old
4131,18.928898572921753,0.17925405015395843,obse,soup_scene3,70,old
4132,18.934008836746216,0.17965082897569637,obse,soup_scene3,70,old
4133,18.939417362213135,0.13480634087412705,obse,soup_scene3,70,old
4134,18.944555521011353,0.13098178102076274,obse,soup_scene3,70,old
4135,18.949543237686157,0.13098178102076274,obse,soup_scene3,70,old
4136,18.954553842544556,0.13576419228152395,obse,soup_scene3,70,old
4137,18.959009885787964,0.1296666759963007,obse,soup_scene3,70,old
4138,18.96358323097229,0.1296666759963007,obse,soup_scene3,70,old
4139,18.96820831298828,0.129771422756882,obse,soup_scene3,70,old
4140,18.973515510559082,0.129771422756882,obse,soup_scene3,70,old
4141,18.978161334991455,0.13102539075606842,obse,soup_scene3,70,old
4142,18.98246932029724,0.13102539075606842,obse,soup_scene3,70,old
4143,18.987079858779907,0.13259614969279734,obse,soup_scene3,70,old
4144,18.991369009017944,0.1330022794317687,obse,soup_scene3,70,old
4145,18.996025800704956,0.1344505154459635,obse,soup_scene3,70,old
4146,19.000486373901367,0.13403254596652525,obse,soup_scene3,70,old
4147,19.00525212287903,0.13200197425011115,obse,soup_scene3,70,old
4148,19.009819984436035,0.1819790863146241,obse,soup_scene3,70,old
4149,19.014302730560303,0.18950249286446097,obse,soup_scene3,70,old
4150,19.018925428390503,0.19085446589291,obse,soup_scene3,70,old
4151,19.023987293243408,0.19085446589291,obse,soup_scene3,70,old
4152,19.0297954082489,0.19153345818428355,obse,soup_scene3,70,old
4153,19.034157514572144,0.19145395439283736,obse,soup_scene3,70,old
4154,19.038777589797974,0.192390510662645,obse,soup_scene3,70,old
4155,19.043365478515625,0.19333424799953072,obse,soup_scene3,70,old
4156,19.04782247543335,0.19333424799953072,obse,soup_scene3,70,old
4157,19.05236840248108,0.19676984371482834,obse,soup_scene3,70,old
4158,19.058815240859985,0.19676984371482834,obse,soup_scene3,70,old
4159,19.065524339675903,0.19932587874529564,obse,soup_scene3,70,old
4160,19.07192301750183,0.1941290371474438,obse,soup_scene3,70,old
4161,19.076579570770264,0.19136464570121967,obse,soup_scene3,70,old
4162,19.08083438873291,0.19136464570121967,obse,soup_scene3,70,old
4163,19.08622980117798,0.1914210125929528,obse,soup_scene3,70,old
4164,19.09275507926941,0.19149834268102836,obse,soup_scene3,70,old
4165,19.097790956497192,0.19149834268102836,obse,soup_scene3,70,old
4166,19.10223698616028,0.19229337495643914,obse,soup_scene3,70,old
4167,19.10660719871521,0.19229337495643914,obse,soup_scene3,70,old
4168,19.111121654510498,0.19500317411574852,obse,soup_scene3,70,old
4169,19.115525722503662,0.19500317411574852,obse,soup_scene3,70,old
4170,19.12030529975891,0.19519082184846206,obse,soup_scene3,70,old
4171,19.124674558639526,0.19520377536941064,obse,soup_scene3,70,old
4172,19.129295349121094,0.1942895974244626,obse,soup_scene3,70,old
4173,19.13373303413391,0.1943189102201804,obse,soup_scene3,70,old
4174,19.138437747955322,0.19244388340136193,obse,soup_scene3,70,old
4175,19.14295482635498,0.19542190600186152,obse,soup_scene3,70,old
4176,19.147419929504395,0.1953761054406672,obse,soup_scene3,70,old
4177,19.151901483535767,0.19684443899922557,obse,soup_scene3,70,old
4178,19.156369924545288,0.19684443899922557,obse,soup_scene3,70,old
4179,19.16106653213501,0.19623199484834886,obse,soup_scene3,70,old
4180,19.165443420410156,0.19623199484834886,obse,soup_scene3,70,old
4181,19.170234203338623,0.19626261747170715,obse,soup_scene3,70,old
4182,19.174939393997192,0.1957146471864856,obse,soup_scene3,70,old
4183,19.17987298965454,0.19540611069171798,obse,soup_scene3,70,old
4184,19.18565821647644,0.190101029710275,obse,soup_scene3,70,old
4185,19.189960718154907,0.190101029710275,obse,soup_scene3,70,old
4186,19.195430517196655,0.1906213964879092,obse,soup_scene3,70,old
4187,19.1998553276062,0.1906213964879092,obse,soup_scene3,70,old
4188,19.205345153808594,0.19068578808781944,obse,soup_scene3,70,old
4189,19.20976710319519,0.190663868512812,obse,soup_scene3,70,old
4190,19.214040756225586,0.190663868512812,obse,soup_scene3,70,old
4191,19.218621253967285,0.18961191782835615,obse,soup_scene3,70,old
4192,19.222893953323364,0.18961191782835615,obse,soup_scene3,70,old
4193,19.227563619613647,0.18990222217816538,obse,soup_scene3,70,old
4194,19.23211932182312,0.18990222217816538,obse,soup_scene3,70,old
4195,19.23711323738098,0.1901664163342126,obse,soup_scene3,70,old
4196,19.24131178855896,0.18977476565029647,obse,soup_scene3,70,old
4197,19.246042013168335,0.18943803348092356,obse,soup_scene3,70,old
4198,19.250619173049927,0.18978310789133543,obse,soup_scene3,70,old
4199,19.255420446395874,0.18978310789133543,obse,soup_scene3,70,old
4200,19.259893894195557,0.18949936440545154,obse,soup_scene3,70,old
4201,19.264366149902344,0.159840326494527,obse,soup_scene3,70,old
4202,19.26892113685608,0.15882358922304607,obse,soup_scene3,70,old
4203,19.273196697235107,0.15882358922304607,obse,soup_scene3,70,old
4204,19.277708292007446,0.15907708325430736,obse,soup_scene3,70,old
4205,19.281969785690308,0.15907708325430736,obse,soup_scene3,70,old
4206,19.28663659095764,0.15899085955329395,obse,soup_scene3,70,old
4207,19.290847301483154,0.15899085955329395,obse,soup_scene3,70,old
4208,19.295450687408447,0.15961641878446728,obse,soup_scene3,70,old
4209,19.29966402053833,0.15926154306552726,obse,soup_scene3,70,old
4210,19.304301500320435,0.15920798753319332,obse,soup_scene3,70,old
4211,19.308577060699463,0.15914350328215413,obse,soup_scene3,70,old
4212,19.31299138069153,0.15932893663063513,obse,soup_scene3,70,old
4213,19.3173348903656,0.15934531731536836,obse,soup_scene3,70,old
4214,19.321787357330322,0.15901343161545126,obse,soup_scene3,70,old
4215,19.32627034187317,0.15910382245453164,obse,soup_scene3,70,old
4216,19.330694437026978,0.13300468660438536,obse,soup_scene3,70,old
4217,19.335238933563232,0.13275345574248396,obse,soup_scene3,70,old
4218,19.33956217765808,0.13093052180084955,obse,soup_scene3,70,old
4219,19.34406065940857,0.13118769125563065,obse,soup_scene3,70,old
4220,19.348329067230225,0.13118769125563065,obse,soup_scene3,70,old
4221,19.35287642478943,0.1313004424458322,obse,soup_scene3,70,old
4222,19.35721182823181,0.1313004424458322,obse,soup_scene3,70,old
4223,19.361781120300293,0.13110261106388704,obse,soup_scene3,70,old
4224,19.365954160690308,0.13110261106388704,obse,soup_scene3,70,old
4225,19.37039804458618,0.13120602407627407,obse,soup_scene3,70,old
4226,19.375144720077515,0.131147300268675,obse,soup_scene3,70,old
4227,19.3795907497406,0.131166515032718,obse,soup_scene3,70,old
4228,19.383914470672607,0.131166515032718,obse,soup_scene3,70,old
4229,19.38823962211609,0.131166515032718,obse,soup_scene3,70,old
4230,19.39276146888733,0.131094792257706,obse,soup_scene3,70,old
4231,19.397204637527466,0.13109810905224867,obse,soup_scene3,70,old
4232,19.40164875984192,0.13326968286058652,obse,soup_scene3,70,old
4233,19.40633273124695,0.13369514549665015,obse,soup_scene3,70,old
4234,19.41098427772522,0.1335483615960197,obse,soup_scene3,70,old
4235,19.415208339691162,0.1335483615960197,obse,soup_scene3,70,old
4236,19.419644832611084,0.13364684172046185,obse,soup_scene3,70,old
4237,19.42380166053772,0.13364684172046185,obse,soup_scene3,70,old
4238,19.428158283233643,0.13367881864204945,obse,soup_scene3,70,old
4239,19.432340383529663,0.13385238841400712,obse,soup_scene3,70,old
4240,19.43717312812805,0.13381553658751763,obse,soup_scene3,70,old
4241,19.441553354263306,0.13315123116633562,obse,soup_scene3,70,old
4242,19.44611692428589,0.1335375193493517,obse,soup_scene3,70,old
4243,19.45047354698181,0.1338335971696623,obse,soup_scene3,70,old
4244,19.455169916152954,0.1338335971696623,obse,soup_scene3,70,old
4245,19.45970106124878,0.1335669202898988,obse,soup_scene3,70,old
4246,19.464447259902954,0.14079553163665,obse,soup_scene3,70,old
4247,19.46911334991455,0.1410845355243153,obse,soup_scene3,70,old
4248,19.47425937652588,0.14152683354249868,obse,soup_scene3,70,old
4249,19.478955268859863,0.14115390469735534,obse,soup_scene3,70,old
4250,19.483182907104492,0.14115390469735534,obse,soup_scene3,70,old
4251,19.487727403640747,0.14113893480823805,obse,soup_scene3,70,old
4252,19.492236614227295,0.14113893480823805,obse,soup_scene3,70,old
4253,19.496531009674072,0.14113893480823805,obse,soup_scene3,70,old
4254,19.50121784210205,0.141177143307115,obse,soup_scene3,70,old
4255,19.50614094734192,0.14133624333245498,obse,soup_scene3,70,old
4256,19.511171340942383,0.14127198117393638,obse,soup_scene3,70,old
4257,19.516136169433594,0.14097303584245924,obse,soup_scene3,70,old
4258,19.521000385284424,0.14093215176032284,obse,soup_scene3,70,old
4259,19.525590658187866,0.14093539636239424,obse,soup_scene3,70,old
4260,19.530070543289185,0.14100791725928627,obse,soup_scene3,70,old
4261,19.534484148025513,0.14252104321671136,obse,soup_scene3,70,old
4262,19.539021730422974,0.14214879890722798,obse,soup_scene3,70,old
4263,19.54332995414734,0.14178616730307442,obse,soup_scene3,70,old
4264,19.547765254974365,0.14185125391112055,obse,soup_scene3,70,old
4265,19.552287817001343,0.14176582403807228,obse,soup_scene3,70,old
4266,19.556742668151855,0.14176582403807228,obse,soup_scene3,70,old
4267,19.561487197875977,0.14280466460102897,obse,soup_scene3,70,old
4268,19.565779447555542,0.14280466460102897,obse,soup_scene3,70,old
4269,19.570544004440308,0.1419629591717892,obse,soup_scene3,70,old
4270,19.57478976249695,0.14190562215636768,obse,soup_scene3,70,old
4271,19.579355239868164,0.14205156567556979,obse,soup_scene3,70,old
4272,19.58354115486145,0.14204924360032145,obse,soup_scene3,70,old
4273,19.588162183761597,0.14207380348354448,obse,soup_scene3,70,old
4274,19.592493534088135,0.14276110327094776,obse,soup_scene3,70,old
4275,19.597145080566406,0.14276110327094776,obse,soup_scene3,70,old
4276,19.60181498527527,0.14502867603398903,obse,soup_scene3,70,old
4277,19.606782913208008,0.1466252735486105,obse,soup_scene3,70,old
4278,19.611522674560547,0.14652112832656555,obse,soup_scene3,70,old
4279,19.616217613220215,0.14646065624861124,obse,soup_scene3,70,old
4280,19.621187925338745,0.14631076182205888,obse,soup_scene3,70,old
4281,19.625548124313354,0.1465417198128645,obse,soup_scene3,70,old
4282,19.630282402038574,0.1465417198128645,obse,soup_scene3,70,old
4283,19.634686946868896,0.14750382005068413,obse,soup_scene3,70,old
4284,19.63979148864746,0.1478863250246064,obse,soup_scene3,70,old
4285,19.644426345825195,0.1476560977758678,obse,soup_scene3,70,old
4286,19.64889883995056,0.1476560977758678,obse,soup_scene3,70,old
4287,19.65364909172058,0.14644625285445378,obse,soup_scene3,70,old
4288,19.65809679031372,0.14644625285445378,obse,soup_scene3,70,old
4289,19.662925958633423,0.14647872711886253,obse,soup_scene3,70,old
4290,19.66734290122986,0.14639923053938506,obse,soup_scene3,70,old
4291,19.672513723373413,0.13140301527010753,obse,soup_scene3,70,old
4292,19.6770658493042,0.12957127934955756,obse,soup_scene3,70,old
4293,19.681829690933228,0.12932034741657167,obse,soup_scene3,70,old
4294,19.686498641967773,0.12917887379490736,obse,soup_scene3,70,old
4295,19.691033124923706,0.12917887379490736,obse,soup_scene3,70,old
4296,19.69578218460083,0.12894830449651082,obse,soup_scene3,70,old
4297,19.70008134841919,0.12894830449651082,obse,soup_scene3,70,old
4298,19.70524573326111,0.1291603754201067,obse,soup_scene3,70,old
4299,19.709996700286865,0.1292863821529397,obse,soup_scene3,70,old
4300,19.71439528465271,0.1292863821529397,obse,soup_scene3,70,old
4301,19.719088315963745,0.1294868815363625,obse,soup_scene3,70,old
4302,19.723335027694702,0.1294868815363625,obse,soup_scene3,70,old
4303,19.72781538963318,0.12953026142607707,obse,soup_scene3,70,old
4304,19.732328176498413,0.13512004169894315,obse,soup_scene3,70,old
4305,19.737029790878296,0.13562365478272298,obse,soup_scene3,70,old
4306,19.74170231819153,0.13595899343982312,obse,soup_scene3,70,old
4307,19.746253967285156,0.13595899343982312,obse,soup_scene3,70,old
4308,19.750732421875,0.13593102205015514,obse,soup_scene3,70,old
4309,19.75515103340149,0.13593102205015514,obse,soup_scene3,70,old
4310,19.75972557067871,0.13587313157373507,obse,soup_scene3,70,old
4311,19.763965368270874,0.13587313157373507,obse,soup_scene3,70,old
4312,19.768170595169067,0.13587313157373507,obse,soup_scene3,70,old
4313,19.77273917198181,0.13529532849557235,obse,soup_scene3,70,old
4314,19.77708673477173,0.13529532849557235,obse,soup_scene3,70,old
4315,19.781513929367065,0.1348760907600627,obse,soup_scene3,70,old
4316,19.785847425460815,0.1348760907600627,obse,soup_scene3,70,old
4317,19.79039692878723,0.1348676886803285,obse,soup_scene3,70,old
4318,19.795259475708008,0.13515141471829747,obse,soup_scene3,70,old
4319,19.79975914955139,0.13497960483946722,obse,soup_scene3,70,old
4320,19.804287910461426,0.14013889167401555,obse,soup_scene3,70,old
4321,19.808912992477417,0.14086026865874518,obse,soup_scene3,70,old
4322,19.813093185424805,0.14086026865874518,obse,soup_scene3,70,old
4323,19.81767773628235,0.1403028771499291,obse,soup_scene3,70,old
4324,19.82213306427002,0.1403028771499291,obse,soup_scene3,70,old
4325,19.826530933380127,0.14051062701137168,obse,soup_scene3,70,old
4326,19.830971002578735,0.14051062701137168,obse,soup_scene3,70,old
4327,19.835448503494263,0.14051062701137168,obse,soup_scene3,70,old
4328,19.83990788459778,0.1405783913838562,obse,soup_scene3,70,old
4329,19.844359874725342,0.14061338086163702,obse,soup_scene3,70,old
4330,19.848724365234375,0.14064370144308702,obse,soup_scene3,70,old
4331,19.853135347366333,0.1406311256777149,obse,soup_scene3,70,old
4332,19.857470512390137,0.14083321068680485,obse,soup_scene3,70,old
4333,19.861961364746094,0.14283444980228022,obse,soup_scene3,70,old
4334,19.86622953414917,0.14283444980228022,obse,soup_scene3,70,old
4335,19.871026515960693,0.14231721543255246,obse,soup_scene3,70,old
4336,19.87542963027954,0.14256462537392908,obse,soup_scene3,70,old
4337,19.87984538078308,0.14253885872778124,obse,soup_scene3,70,old
4338,19.883988857269287,0.1428914182272368,obse,soup_scene3,70,old
4339,19.888293504714966,0.14253042502313093,obse,soup_scene3,70,old
4340,19.892807722091675,0.1424308085046068,obse,soup_scene3,70,old
4341,19.897330284118652,0.1424308085046068,obse,soup_scene3,70,old
4342,19.90229344367981,0.1427757228528472,obse,soup_scene3,70,old
4343,19.907042741775513,0.14248340870365267,obse,soup_scene3,70,old
4344,19.911762475967407,0.14257819552599443,obse,soup_scene3,70,old
4345,19.916442394256592,0.14289024854607302,obse,soup_scene3,70,old
4346,19.92106008529663,0.1431339349239729,obse,soup_scene3,70,old
4347,19.925345420837402,0.1431339349239729,obse,soup_scene3,70,old
4348,19.929998636245728,0.13120997602470025,obse,soup_scene3,70,old
4349,19.93433904647827,0.13177638437532938,obse,soup_scene3,70,old
4350,19.938976764678955,0.13094770786208,obse,soup_scene3,70,old
4351,19.943395137786865,0.1306239382985054,obse,soup_scene3,70,old
4352,19.94769310951233,0.1306239382985054,obse,soup_scene3,70,old
4353,19.952282190322876,0.13130576358864646,obse,soup_scene3,70,old
4354,19.956599712371826,0.13130576358864646,obse,soup_scene3,70,old
4355,19.961055517196655,0.1305316917793553,obse,soup_scene3,70,old
4356,19.96531915664673,0.1305316917793553,obse,soup_scene3,70,old
4357,19.96999168395996,0.13115843166311864,obse,soup_scene3,70,old
4358,19.974164485931396,0.13115843166311864,obse,soup_scene3,70,old
4359,19.97868323326111,0.130868376960015,obse,soup_scene3,70,old
4360,19.98322582244873,0.1308679077403157,obse,soup_scene3,70,old
4361,19.987692832946777,0.1311058354365713,obse,soup_scene3,70,old
4362,19.992011070251465,0.13070451138035688,obse,soup_scene3,70,old
4363,19.996408700942993,0.13046080963035558,obse,soup_scene3,70,old
4364,20.000673055648804,0.13046080963035558,obse,soup_scene3,70,old
4365,20.005481243133545,0.13202428553070844,obse,soup_scene3,70,old
4366,20.009896755218506,0.1321693613062548,obse,soup_scene3,70,old
4367,20.014304161071777,0.13221928249574147,obse,soup_scene3,70,old
4368,20.018842935562134,0.13277902645726092,obse,soup_scene3,70,old
4369,20.023203134536743,0.13277902645726092,obse,soup_scene3,70,old
4370,20.02785849571228,0.1325501474729798,obse,soup_scene3,70,old
4371,20.032084465026855,0.1325501474729798,obse,soup_scene3,70,old
4372,20.036726474761963,0.13219668148085245,obse,soup_scene3,70,old
4373,20.041088819503784,0.13219668148085245,obse,soup_scene3,70,old
4374,20.04567837715149,0.13298736409183556,obse,soup_scene3,70,old
4375,20.049995183944702,0.13253929335238285,obse,soup_scene3,70,old
4376,20.0548574924469,0.1315389916072411,obse,soup_scene3,70,old
4377,20.059317588806152,0.13215755137942758,obse,soup_scene3,70,old
4378,20.063743829727173,0.13215755137942758,obse,soup_scene3,70,old
4379,20.06836771965027,0.14020276351628055,obse,soup_scene3,70,old
4380,20.0728178024292,0.14020276351628055,obse,soup_scene3,70,old
4381,20.077338457107544,0.13990111836924704,obse,soup_scene3,70,old
4382,20.08166003227234,0.13990111836924704,obse,soup_scene3,70,old
4383,20.0863618850708,0.1400348279679982,obse,soup_scene3,70,old
4384,20.090648651123047,0.1400348279679982,obse,soup_scene3,70,old
4385,20.095303535461426,0.13998198054708227,obse,soup_scene3,70,old
4386,20.09959602355957,0.13994811107379365,obse,soup_scene3,70,old
4387,20.10435438156128,0.1396881089375437,obse,soup_scene3,70,old
4388,20.10871934890747,0.1397386130812603,obse,soup_scene3,70,old
4389,20.112895011901855,0.1399825261128446,obse,soup_scene3,70,old
4390,20.117223501205444,0.14005898354135127,obse,soup_scene3,70,old
4391,20.121475219726562,0.14005898354135127,obse,soup_scene3,70,old
4392,20.12577772140503,0.14046607720979404,obse,soup_scene3,70,old
4393,20.129987239837646,0.14052076738207328,obse,soup_scene3,70,old
4394,20.13431453704834,0.14010703559599405,obse,soup_scene3,70,old
4395,20.139137506484985,0.1353213568178042,obse,soup_scene3,70,old
4396,20.143523693084717,0.1358299629227059,obse,soup_scene3,70,old
4397,20.14792275428772,0.13572721569507715,obse,soup_scene3,70,old
4398,20.152619123458862,0.13531523669650553,obse,soup_scene3,70,old
4399,20.1568284034729,0.13531523669650553,obse,soup_scene3,70,old
4400,20.16152310371399,0.13562562706892353,obse,soup_scene3,70,old
4401,20.16561007499695,0.13562562706892353,obse,soup_scene3,70,old
4402,20.17073154449463,0.13562974961186477,obse,soup_scene3,70,old
4403,20.175012588500977,0.1351299586078558,obse,soup_scene3,70,old
4404,20.17956256866455,0.13534648304038108,obse,soup_scene3,70,old
4405,20.184041023254395,0.13538551427629072,obse,soup_scene3,70,old
4406,20.188380002975464,0.13538551427629072,obse,soup_scene3,70,old
4407,20.192803621292114,0.1352002333994345,obse,soup_scene3,70,old
4408,20.197296142578125,0.13597055203161001,obse,soup_scene3,70,old
4409,20.201738834381104,0.13604688066306228,obse,soup_scene3,70,old
4410,20.20613431930542,0.1361051901134881,obse,soup_scene3,70,old
4411,20.210761547088623,0.13698195025582025,obse,soup_scene3,70,old
4412,20.215102434158325,0.13698195025582025,obse,soup_scene3,70,old
4413,20.220283031463623,0.13609544632763804,obse,soup_scene3,70,old
4414,20.224470376968384,0.13609544632763804,obse,soup_scene3,70,old
4415,20.22906994819641,0.1366070853405325,obse,soup_scene3,70,old
4416,20.233531951904297,0.13713880429197275,obse,soup_scene3,70,old
4417,20.238041162490845,0.13713880429197275,obse,soup_scene3,70,old
4418,20.242403745651245,0.13624370321879695,obse,soup_scene3,70,old
4419,20.24689245223999,0.1361929887774659,obse,soup_scene3,70,old
4420,20.251378536224365,0.13709470087533193,obse,soup_scene3,70,old
4421,20.255708932876587,0.13709470087533193,obse,soup_scene3,70,old
4422,20.26045036315918,0.136227171424469,obse,soup_scene3,70,old
4423,20.264649152755737,0.1312760072857335,obse,soup_scene3,70,old
4424,20.269355058670044,0.13095399594014798,obse,soup_scene3,70,old
4425,20.273627281188965,0.13095399594014798,obse,soup_scene3,70,old
4426,20.278221368789673,0.13106565276760707,obse,soup_scene3,70,old
4427,20.282368898391724,0.13106565276760707,obse,soup_scene3,70,old
4428,20.287070751190186,0.13108579450901175,obse,soup_scene3,70,old
4429,20.29130744934082,0.13108579450901175,obse,soup_scene3,70,old
4430,20.295910596847534,0.13145782955711877,obse,soup_scene3,70,old
4431,20.3001651763916,0.1323277921928935,obse,soup_scene3,70,old
4432,20.304736375808716,0.1318437330787585,obse,soup_scene3,70,old
4433,20.308969020843506,0.13098346321935933,obse,soup_scene3,70,old
4434,20.31340193748474,0.13108960371659595,obse,soup_scene3,70,old
4435,20.317713975906372,0.13088265717842426,obse,soup_scene3,70,old
4436,20.322055101394653,0.13088265717842426,obse,soup_scene3,70,old
4437,20.326375722885132,0.1318298144507226,obse,soup_scene3,70,old
4438,20.330732583999634,0.13339261505022365,obse,soup_scene3,70,old
4439,20.335148572921753,0.1332733675196451,obse,soup_scene3,70,old
4440,20.33969283103943,0.13339633368239914,obse,soup_scene3,70,old
4441,20.344125509262085,0.1334054158587695,obse,soup_scene3,70,old
4442,20.34821391105652,0.1334054158587695,obse,soup_scene3,70,old
4443,20.352642059326172,0.13311677374311234,obse,soup_scene3,70,old
4444,20.356765270233154,0.13311677374311234,obse,soup_scene3,70,old
4445,20.36124348640442,0.13332593926407674,obse,soup_scene3,70,old
4446,20.365363121032715,0.13332593926407674,obse,soup_scene3,70,old
4447,20.369773149490356,0.13287056651537857,obse,soup_scene3,70,old
4448,20.373955965042114,0.13287056651537857,obse,soup_scene3,70,old
4449,20.379122018814087,0.13321262357869282,obse,soup_scene3,70,old
4450,20.38349676132202,0.1327816821214642,obse,soup_scene3,70,old
4451,20.38805079460144,0.13272512202013037,obse,soup_scene3,70,old
4452,20.392498016357422,0.13310337720809115,obse,soup_scene3,70,old
4453,20.39690327644348,0.13021734543306612,obse,soup_scene3,70,old
4454,20.401302099227905,0.13025547609127192,obse,soup_scene3,70,old
4455,20.405997037887573,0.13057173210732703,obse,soup_scene3,70,old
4456,20.41048789024353,0.13004470832662532,obse,soup_scene3,70,old
4457,20.41486430168152,0.13004470832662532,obse,soup_scene3,70,old
4458,20.41950011253357,0.1303883011614167,obse,soup_scene3,70,old
4459,20.42374587059021,0.1303883011614167,obse,soup_scene3,70,old
4460,20.428356885910034,0.13021438441042332,obse,soup_scene3,70,old
4461,20.43254780769348,0.13021438441042332,obse,soup_scene3,70,old
4462,20.437164545059204,0.13043992890666048,obse,soup_scene3,70,old
4463,20.44141459465027,0.13043992890666048,obse,soup_scene3,70,old
4464,20.44603705406189,0.1300814282656338,obse,soup_scene3,70,old
4465,20.450332403182983,0.1300814282656338,obse,soup_scene3,70,old
4466,20.45498538017273,0.13023857716301954,obse,soup_scene3,70,old
4467,20.459493398666382,0.12995430129474167,obse,soup_scene3,70,old
4468,20.463764905929565,0.12995430129474167,obse,soup_scene3,70,old
4469,20.468335151672363,0.1291712947524345,obse,soup_scene3,70,old
4470,20.47269630432129,0.1291712947524345,obse,soup_scene3,70,old
4471,20.47710633277893,0.1292663477645467,obse,soup_scene3,70,old
4472,20.481388807296753,0.1292663477645467,obse,soup_scene3,70,old
4473,20.48594379425049,0.12897085310136644,obse,soup_scene3,70,old
4474,20.490367889404297,0.12897085310136644,obse,soup_scene3,70,old
4475,20.49496364593506,0.1296095221689839,obse,soup_scene3,70,old
4476,20.49905252456665,0.1296095221689839,obse,soup_scene3,70,old
4477,20.503661394119263,0.12902637419648583,obse,soup_scene3,70,old
4478,20.507983207702637,0.12902637419648583,obse,soup_scene3,70,old
4479,20.512568473815918,0.12916384242674323,obse,soup_scene3,70,old
4480,20.51697874069214,0.1291935117207917,obse,soup_scene3,70,old
4481,20.5214102268219,0.12937833967031007,obse,soup_scene3,70,old
4482,20.525885581970215,0.12940099394595647,obse,soup_scene3,70,old
4483,20.530386924743652,0.1367909083896162,obse,soup_scene3,70,old
4484,20.53497076034546,0.1361304206947508,obse,soup_scene3,70,old
4485,20.539448738098145,0.1366966077365014,obse,soup_scene3,70,old
4486,20.544177532196045,0.13730492217406257,obse,soup_scene3,70,old
4487,20.54833698272705,0.13730492217406257,obse,soup_scene3,70,old
4488,20.553001642227173,0.13677907892498933,obse,soup_scene3,70,old
4489,20.5571186542511,0.13677907892498933,obse,soup_scene3,70,old
4490,20.561792850494385,0.13663363068623957,obse,soup_scene3,70,old
4491,20.5659019947052,0.13663363068623957,obse,soup_scene3,70,old
4492,20.570159673690796,0.13663363068623957,obse,soup_scene3,70,old
4493,20.574738264083862,0.1374416316098923,obse,soup_scene3,70,old
4494,20.578870058059692,0.1374416316098923,obse,soup_scene3,70,old
4495,20.583301544189453,0.1370087544425802,obse,soup_scene3,70,old
4496,20.587446212768555,0.1370087544425802,obse,soup_scene3,70,old
4497,20.59177589416504,0.13662869018377888,obse,soup_scene3,70,old
4498,20.59594416618347,0.13648808595220538,obse,soup_scene3,70,old
4499,20.600261211395264,0.1367511701693048,obse,soup_scene3,70,old
4500,20.60519313812256,0.14275548076698608,obse,soup_scene3,70,old
4501,20.60946226119995,0.1431707911954883,obse,soup_scene3,70,old
4502,20.61405920982361,0.1433331713276199,obse,soup_scene3,70,old
4503,20.618279933929443,0.1433331713276199,obse,soup_scene3,70,old
4504,20.622722148895264,0.14309659461494115,obse,soup_scene3,70,old
4505,20.62719225883484,0.14302274284498462,obse,soup_scene3,70,old
4506,20.631664276123047,0.14302274284498462,obse,soup_scene3,70,old
4507,20.636009216308594,0.14239819503180573,obse,soup_scene3,70,old
4508,20.640541791915894,0.14239819503180573,obse,soup_scene3,70,old
4509,20.644867181777954,0.14272530760796973,obse,soup_scene3,70,old
4510,20.64925718307495,0.14272530760796973,obse,soup_scene3,70,old
4511,20.653629064559937,0.14297008233293776,obse,soup_scene3,70,old
4512,20.65797472000122,0.14297008233293776,obse,soup_scene3,70,old
4513,20.662469148635864,0.13213240898292897,obse,soup_scene3,70,old
4514,20.66676616668701,0.1309413390272109,obse,soup_scene3,70,old
4515,20.671133518218994,0.13089973782716888,obse,soup_scene3,70,old
4516,20.67550015449524,0.13063605698472305,obse,soup_scene3,70,old
4517,20.67978572845459,0.13050761831221172,obse,soup_scene3,70,old
4518,20.6842839717865,0.13050761831221172,obse,soup_scene3,70,old
4519,20.688543558120728,0.13059868131105534,obse,soup_scene3,70,old
4520,20.693176746368408,0.13059130826345522,obse,soup_scene3,70,old
4521,20.697437524795532,0.1305596331891265,obse,soup_scene3,70,old
4522,20.702067375183105,0.13077271815298971,obse,soup_scene3,70,old
4523,20.70691204071045,0.13054175703631207,obse,soup_scene3,70,old
4524,20.711626052856445,0.13097511923730998,obse,soup_scene3,70,old
4525,20.716359615325928,0.13080475275706774,obse,soup_scene3,70,old
4526,20.720953226089478,0.1306650758072989,obse,soup_scene3,70,old
4527,20.725306749343872,0.1307154730416092,obse,soup_scene3,70,old
4528,20.73011541366577,0.14163403213949505,obse,soup_scene3,70,old
4529,20.734546661376953,0.1417527513097993,obse,soup_scene3,70,old
4530,20.73903775215149,0.14244274282958258,obse,soup_scene3,70,old
4531,20.7434504032135,0.1424183329614702,obse,soup_scene3,70,old
4532,20.747841596603394,0.1424183329614702,obse,soup_scene3,70,old
4533,20.752358436584473,0.1428821628463908,obse,soup_scene3,70,old
4534,20.756681203842163,0.1428821628463908,obse,soup_scene3,70,old
4535,20.761383295059204,0.1424785235931024,obse,soup_scene3,70,old
4536,20.765630960464478,0.1424785235931024,obse,soup_scene3,70,old
4537,20.770265579223633,0.1427288010805611,obse,soup_scene3,70,old
4538,20.77459216117859,0.1427288010805611,obse,soup_scene3,70,old
4539,20.779183864593506,0.1423031881554361,obse,soup_scene3,70,old
4540,20.783390522003174,0.1423031881554361,obse,soup_scene3,70,old
4541,20.787941455841064,0.1428459861534608,obse,soup_scene3,70,old
4542,20.792271852493286,0.14278229120352198,obse,soup_scene3,70,old
4543,20.796977996826172,0.14278229120352198,obse,soup_scene3,70,old
4544,20.801358461380005,0.14280847717484701,obse,soup_scene3,70,old
4545,20.80611515045166,0.14268121270810394,obse,soup_scene3,70,old
4546,20.810319423675537,0.14255877984517767,obse,soup_scene3,70,old
4547,20.814490795135498,0.14255877984517767,obse,soup_scene3,70,old
4548,20.818706035614014,0.1422986448397292,obse,soup_scene3,70,old
4549,20.82286548614502,0.1422986448397292,obse,soup_scene3,70,old
4550,20.827155590057373,0.143149314309678,obse,soup_scene3,70,old
4551,20.831225395202637,0.143149314309678,obse,soup_scene3,70,old
4552,20.836037158966064,0.1424468763572237,obse,soup_scene3,70,old
4553,20.84041929244995,0.1424468763572237,obse,soup_scene3,70,old
4554,20.845303535461426,0.14268027752313003,obse,soup_scene3,70,old
4555,20.85004472732544,0.14224038912172943,obse,soup_scene3,70,old
4556,20.854740858078003,0.142382826907098,obse,soup_scene3,70,old
4557,20.859150886535645,0.14276159928145404,obse,soup_scene3,70,old
4558,20.86370825767517,0.1404801589109368,obse,soup_scene3,70,old
4559,20.868231773376465,0.14062902060535085,obse,soup_scene3,70,old
4560,20.872634172439575,0.14049537065818504,obse,soup_scene3,70,old
4561,20.876712799072266,0.14049537065818504,obse,soup_scene3,70,old
4562,20.880803108215332,0.14049537065818504,obse,soup_scene3,70,old
4563,20.884875535964966,0.14049537065818504,obse,soup_scene3,70,old
4564,20.888957977294922,0.14049537065818504,obse,soup_scene3,70,old
4565,20.893043518066406,0.14049537065818504,obse,soup_scene3,70,old
4566,20.897091388702393,0.14049537065818504,obse,soup_scene3,70,old
4567,20.901163339614868,0.14049537065818504,obse,soup_scene3,70,old
4568,20.90523052215576,0.14049537065818504,obse,soup_scene3,70,old
4569,20.90934109687805,0.14049537065818504,obse,soup_scene3,70,old
4570,20.913527727127075,0.14049537065818504,obse,soup_scene3,70,old
4571,20.917630910873413,0.14049537065818504,obse,soup_scene3,70,old
4572,20.921721935272217,0.14049537065818504,obse,soup_scene3,70,old
4573,20.925835132598877,0.14049537065818504,obse,soup_scene3,70,old
4574,20.929903030395508,0.14049537065818504,obse,soup_scene3,70,old
4575,20.933952569961548,0.14049537065818504,obse,soup_scene3,70,old
4576,20.938034534454346,0.14049537065818504,obse,soup_scene3,70,old
4577,20.942070960998535,0.14049537065818504,obse,soup_scene3,70,old
4578,20.946120500564575,0.14049537065818504,obse,soup_scene3,70,old
4579,20.9501690864563,0.14049537065818504,obse,soup_scene3,70,old
4580,20.954202890396118,0.14049537065818504,obse,soup_scene3,70,old
4581,20.95824360847473,0.14049537065818504,obse,soup_scene3,70,old
4582,20.962270498275757,0.14049537065818504,obse,soup_scene3,70,old
4583,20.966349124908447,0.14049537065818504,obse,soup_scene3,70,old
4584,20.970387935638428,0.14049537065818504,obse,soup_scene3,70,old
4585,20.974517822265625,0.14049537065818504,obse,soup_scene3,70,old
4586,20.97855830192566,0.14049537065818504,obse,soup_scene3,70,old
4587,20.982595682144165,0.14049537065818504,obse,soup_scene3,70,old
4588,20.986629486083984,0.14049537065818504,obse,soup_scene3,70,old
4589,20.990666151046753,0.14049537065818504,obse,soup_scene3,70,old
4590,20.99470043182373,0.14049537065818504,obse,soup_scene3,70,old
4591,20.99874711036682,0.14049537065818504,obse,soup_scene3,70,old
4592,21.002801179885864,0.14049537065818504,obse,soup_scene3,70,old
4593,21.006864309310913,0.14049537065818504,obse,soup_scene3,70,old
4594,21.010901927947998,0.14049537065818504,obse,soup_scene3,70,old
4595,21.014951467514038,0.14049537065818504,obse,soup_scene3,70,old
4596,21.01901912689209,0.14049537065818504,obse,soup_scene3,70,old
4597,21.023210763931274,0.14049537065818504,obse,soup_scene3,70,old
4598,21.027262449264526,0.14049537065818504,obse,soup_scene3,70,old
4599,21.03128933906555,0.14049537065818504,obse,soup_scene3,70,old
4600,21.035472869873047,0.14049537065818504,obse,soup_scene3,70,old
4601,21.03955340385437,0.14049537065818504,obse,soup_scene3,70,old
4602,21.04355025291443,0.14049537065818504,obse,soup_scene3,70,old
4603,21.047585248947144,0.14049537065818504,obse,soup_scene3,70,old
4604,21.051587343215942,0.14049537065818504,obse,soup_scene3,70,old
4605,21.05562686920166,0.14049537065818504,obse,soup_scene3,70,old
4606,21.059659957885742,0.14049537065818504,obse,soup_scene3,70,old
4607,21.063844203948975,0.14049537065818504,obse,soup_scene3,70,old
4608,21.068815231323242,0.14049537065818504,obse,soup_scene3,70,old
4609,21.073707580566406,0.14049537065818504,obse,soup_scene3,70,old
4610,21.078272104263306,0.14049537065818504,obse,soup_scene3,70,old
4611,21.082641124725342,0.14049537065818504,obse,soup_scene3,70,old
4612,21.087074995040894,0.14049537065818504,obse,soup_scene3,70,old
4613,21.091373682022095,0.14049537065818504,obse,soup_scene3,70,old
4614,21.09574866294861,0.14049537065818504,obse,soup_scene3,70,old
4615,21.10020422935486,0.14049537065818504,obse,soup_scene3,70,old
4616,21.104336977005005,0.14049537065818504,obse,soup_scene3,70,old
4617,21.10841178894043,0.14049537065818504,obse,soup_scene3,70,old
4618,21.112467765808105,0.14049537065818504,obse,soup_scene3,70,old
4619,21.11651110649109,0.14049537065818504,obse,soup_scene3,70,old
4620,21.12057590484619,0.14049537065818504,obse,soup_scene3,70,old
4621,21.12462592124939,0.14049537065818504,obse,soup_scene3,70,old
4622,21.128669261932373,0.14049537065818504,obse,soup_scene3,70,old
4623,21.13273024559021,0.14049537065818504,obse,soup_scene3,70,old
4624,21.136789083480835,0.14049537065818504,obse,soup_scene3,70,old
4625,21.140799522399902,0.14049537065818504,obse,soup_scene3,70,old
4626,21.144824743270874,0.14049537065818504,obse,soup_scene3,70,old
4627,21.14883255958557,0.14049537065818504,obse,soup_scene3,70,old
4628,21.152872800827026,0.14049537065818504,obse,soup_scene3,70,old
4629,21.156979084014893,0.14049537065818504,obse,soup_scene3,70,old
4630,21.161001205444336,0.14049537065818504,obse,soup_scene3,70,old
4631,21.165062427520752,0.14049537065818504,obse,soup_scene3,70,old
4632,21.16910195350647,0.14049537065818504,obse,soup_scene3,70,old
4633,21.173155069351196,0.14049537065818504,obse,soup_scene3,70,old
4634,21.17754602432251,0.14049537065818504,obse,soup_scene3,70,old
4635,21.18186640739441,0.14049537065818504,obse,soup_scene3,70,old
4636,21.18603277206421,0.14049537065818504,obse,soup_scene3,70,old
4637,21.190064668655396,0.14049537065818504,obse,soup_scene3,70,old
4638,21.1941556930542,0.14049537065818504,obse,soup_scene3,70,old
4639,21.198194980621338,0.14049537065818504,obse,soup_scene3,70,old
4640,21.202276706695557,0.14049537065818504,obse,soup_scene3,70,old
4641,21.206377744674683,0.14049537065818504,obse,soup_scene3,70,old
4642,21.210431337356567,0.14049537065818504,obse,soup_scene3,70,old
4643,21.214502573013306,0.14049537065818504,obse,soup_scene3,70,old
4644,21.21854853630066,0.14049537065818504,obse,soup_scene3,70,old
4645,21.22258687019348,0.14049537065818504,obse,soup_scene3,70,old
4646,21.226629734039307,0.14049537065818504,obse,soup_scene3,70,old
4647,21.230682134628296,0.14049537065818504,obse,soup_scene3,70,old
4648,21.234790325164795,0.14049537065818504,obse,soup_scene3,70,old
4649,21.238848447799683,0.14049537065818504,obse,soup_scene3,70,old
4650,21.242879629135132,0.14049537065818504,obse,soup_scene3,70,old
4651,21.24690890312195,0.14049537065818504,obse,soup_scene3,70,old
4652,21.250934600830078,0.14049537065818504,obse,soup_scene3,70,old
4653,21.25507140159607,0.14049537065818504,obse,soup_scene3,70,old
4654,21.25922203063965,0.14049537065818504,obse,soup_scene3,70,old
4655,21.26326012611389,0.14049537065818504,obse,soup_scene3,70,old
4656,21.267498016357422,0.14049537065818504,obse,soup_scene3,70,old
4657,21.271605014801025,0.14049537065818504,obse,soup_scene3,70,old
4658,21.275691509246826,0.14049537065818504,obse,soup_scene3,70,old
4659,21.27980089187622,0.14049537065818504,obse,soup_scene3,70,old
4660,21.28408432006836,0.14049537065818504,obse,soup_scene3,70,old
4661,21.28848934173584,0.14049537065818504,obse,soup_scene3,70,old
4662,21.292888879776,0.14049537065818504,obse,soup_scene3,70,old
4663,21.297296047210693,0.14049537065818504,obse,soup_scene3,70,old
4664,21.30167055130005,0.14049537065818504,obse,soup_scene3,70,old
4665,21.305821180343628,0.14049537065818504,obse,soup_scene3,70,old
4666,21.309936046600342,0.14049537065818504,obse,soup_scene3,70,old
4667,21.314030170440674,0.14049537065818504,obse,soup_scene3,70,old
4668,21.318101167678833,0.14049537065818504,obse,soup_scene3,70,old
4669,21.32221508026123,0.14049537065818504,obse,soup_scene3,70,old
4670,21.32634162902832,0.14049537065818504,obse,soup_scene3,70,old
4671,21.330420970916748,0.14049537065818504,obse,soup_scene3,70,old
4672,21.334529399871826,0.14049537065818504,obse,soup_scene3,70,old
4673,21.338642835617065,0.14049537065818504,obse,soup_scene3,70,old
4674,21.3427414894104,0.14049537065818504,obse,soup_scene3,70,old
4675,21.34684157371521,0.14049537065818504,obse,soup_scene3,70,old
4676,21.350931882858276,0.14049537065818504,obse,soup_scene3,70,old
4677,21.355043172836304,0.14049537065818504,obse,soup_scene3,70,old
4678,21.359147548675537,0.14049537065818504,obse,soup_scene3,70,old
4679,21.363221645355225,0.14049537065818504,obse,soup_scene3,70,old
4680,21.367314100265503,0.14049537065818504,obse,soup_scene3,70,old
4681,21.371415376663208,0.14049537065818504,obse,soup_scene3,70,old
4682,21.375529766082764,0.14049537065818504,obse,soup_scene3,70,old
4683,21.37962508201599,0.14049537065818504,obse,soup_scene3,70,old
4684,21.3837251663208,0.14049537065818504,obse,soup_scene3,70,old
4685,21.387829065322876,0.14049537065818504,obse,soup_scene3,70,old
4686,21.391921043395996,0.14049537065818504,obse,soup_scene3,70,old
4687,21.396023750305176,0.14049537065818504,obse,soup_scene3,70,old
4688,21.400105237960815,0.14049537065818504,obse,soup_scene3,70,old
4689,21.40417218208313,0.14049537065818504,obse,soup_scene3,70,old
4690,21.408214569091797,0.14049537065818504,obse,soup_scene3,70,old
4691,21.41229510307312,0.14049537065818504,obse,soup_scene3,70,old
4692,21.41652536392212,0.14049537065818504,obse,soup_scene3,70,old
4693,21.42063045501709,0.14049537065818504,obse,soup_scene3,70,old
4694,21.424731254577637,0.14049537065818504,obse,soup_scene3,70,old
4695,21.428826808929443,0.14049537065818504,obse,soup_scene3,70,old
4696,21.432909965515137,0.14049537065818504,obse,soup_scene3,70,old
4697,21.437031507492065,0.14049537065818504,obse,soup_scene3,70,old
4698,21.4411358833313,0.14049537065818504,obse,soup_scene3,70,old
4699,21.445229053497314,0.14049537065818504,obse,soup_scene3,70,old
4700,21.449324131011963,0.14049537065818504,obse,soup_scene3,70,old
4701,21.45344066619873,0.14049537065818504,obse,soup_scene3,70,old
4702,21.457542896270752,0.14049537065818504,obse,soup_scene3,70,old
4703,21.461634159088135,0.14049537065818504,obse,soup_scene3,70,old
4704,21.46571683883667,0.14049537065818504,obse,soup_scene3,70,old
4705,21.46980905532837,0.14049537065818504,obse,soup_scene3,70,old
4706,21.473870992660522,0.14049537065818504,obse,soup_scene3,70,old
4707,21.47794008255005,0.14049537065818504,obse,soup_scene3,70,old
4708,21.482020139694214,0.14049537065818504,obse,soup_scene3,70,old
4709,21.48612642288208,0.14049537065818504,obse,soup_scene3,70,old
4710,21.490219831466675,0.14049537065818504,obse,soup_scene3,70,old
4711,21.494323015213013,0.14049537065818504,obse,soup_scene3,70,old
4712,21.498432636260986,0.14049537065818504,obse,soup_scene3,70,old
4713,21.50254797935486,0.14049537065818504,obse,soup_scene3,70,old
4714,21.506653308868408,0.14049537065818504,obse,soup_scene3,70,old
4715,21.5107581615448,0.14049537065818504,obse,soup_scene3,70,old
4716,21.51490831375122,0.14049537065818504,obse,soup_scene3,70,old
4717,21.51900553703308,0.14049537065818504,obse,soup_scene3,70,old
4718,21.523109436035156,0.14049537065818504,obse,soup_scene3,70,old
4719,21.52720546722412,0.14049537065818504,obse,soup_scene3,70,old
4720,21.53134274482727,0.14049537065818504,obse,soup_scene3,70,old
4721,21.53545069694519,0.14049537065818504,obse,soup_scene3,70,old
4722,21.539546251296997,0.14049537065818504,obse,soup_scene3,70,old
4723,21.543635368347168,0.14049537065818504,obse,soup_scene3,70,old
4724,21.547711610794067,0.14049537065818504,obse,soup_scene3,70,old
4725,21.551774501800537,0.14049537065818504,obse,soup_scene3,70,old
4726,21.555877447128296,0.14049537065818504,obse,soup_scene3,70,old
4727,21.559988498687744,0.14049537065818504,obse,soup_scene3,70,old
4728,21.56408452987671,0.14049537065818504,obse,soup_scene3,70,old
4729,21.5681734085083,0.14049537065818504,obse,soup_scene3,70,old
4730,21.57226276397705,0.14049537065818504,obse,soup_scene3,70,old
4731,21.576366186141968,0.14049537065818504,obse,soup_scene3,70,old
4732,21.58046841621399,0.14049537065818504,obse,soup_scene3,70,old
4733,21.584571361541748,0.14049537065818504,obse,soup_scene3,70,old
4734,21.588668823242188,0.14049537065818504,obse,soup_scene3,70,old
4735,21.592756032943726,0.14049537065818504,obse,soup_scene3,70,old
4736,21.596847534179688,0.14049537065818504,obse,soup_scene3,70,old
4737,21.600998640060425,0.14049537065818504,obse,soup_scene3,70,old
4738,21.60512399673462,0.14049537065818504,obse,soup_scene3,70,old
4739,21.609208345413208,0.14049537065818504,obse,soup_scene3,70,old
4740,21.61333465576172,0.14049537065818504,obse,soup_scene3,70,old
4741,21.617421627044678,0.14049537065818504,obse,soup_scene3,70,old
4742,21.621525049209595,0.14049537065818504,obse,soup_scene3,70,old
4743,21.625592947006226,0.14049537065818504,obse,soup_scene3,70,old
4744,21.629676342010498,0.14049537065818504,obse,soup_scene3,70,old
4745,21.633771419525146,0.14049537065818504,obse,soup_scene3,70,old
4746,21.637866020202637,0.14049537065818504,obse,soup_scene3,70,old
4747,21.64196515083313,0.14049537065818504,obse,soup_scene3,70,old
4748,21.646056413650513,0.14049537065818504,obse,soup_scene3,70,old
4749,21.650144338607788,0.14049537065818504,obse,soup_scene3,70,old
4750,21.654232263565063,0.14049537065818504,obse,soup_scene3,70,old
4751,21.65831971168518,0.14049537065818504,obse,soup_scene3,70,old
4752,21.66239833831787,0.14049537065818504,obse,soup_scene3,70,old
4753,21.666475296020508,0.14049537065818504,obse,soup_scene3,70,old
4754,21.670551538467407,0.14049537065818504,obse,soup_scene3,70,old
4755,21.674639463424683,0.14049537065818504,obse,soup_scene3,70,old
4756,21.678704261779785,0.14049537065818504,obse,soup_scene3,70,old
4757,21.682771682739258,0.14049537065818504,obse,soup_scene3,70,old
4758,21.686811208724976,0.14049537065818504,obse,soup_scene3,70,old
4759,21.690850734710693,0.14049537065818504,obse,soup_scene3,70,old
4760,21.694907188415527,0.14049537065818504,obse,soup_scene3,70,old
4761,21.698946475982666,0.14049537065818504,obse,soup_scene3,70,old
4762,21.70303249359131,0.14049537065818504,obse,soup_scene3,70,old
4763,21.70712399482727,0.14049537065818504,obse,soup_scene3,70,old
4764,21.711181640625,0.14049537065818504,obse,soup_scene3,70,old
4765,21.715259313583374,0.14049537065818504,obse,soup_scene3,70,old
4766,21.719477891921997,0.14049537065818504,obse,soup_scene3,70,old
4767,21.723633289337158,0.14049537065818504,obse,soup_scene3,70,old
4768,21.727726697921753,0.14049537065818504,obse,soup_scene3,70,old
4769,21.731821537017822,0.14049537065818504,obse,soup_scene3,70,old
4770,21.73593783378601,0.14049537065818504,obse,soup_scene3,70,old
4771,21.740016222000122,0.14049537065818504,obse,soup_scene3,70,old
4772,21.74411368370056,0.14049537065818504,obse,soup_scene3,70,old
4773,21.74817681312561,0.14049537065818504,obse,soup_scene3,70,old
4774,21.75225043296814,0.14049537065818504,obse,soup_scene3,70,old
4775,21.756338834762573,0.14049537065818504,obse,soup_scene3,70,old
4776,21.76043725013733,0.14049537065818504,obse,soup_scene3,70,old
4777,21.76450538635254,0.14049537065818504,obse,soup_scene3,70,old
4778,21.768560886383057,0.14049537065818504,obse,soup_scene3,70,old
4779,21.77266025543213,0.14049537065818504,obse,soup_scene3,70,old
4780,21.776758670806885,0.14049537065818504,obse,soup_scene3,70,old
4781,21.78079915046692,0.14049537065818504,obse,soup_scene3,70,old
4782,21.78489327430725,0.14049537065818504,obse,soup_scene3,70,old
4783,21.788999557495117,0.14049537065818504,obse,soup_scene3,70,old
4784,21.793100595474243,0.14049537065818504,obse,soup_scene3,70,old
4785,21.797205448150635,0.14049537065818504,obse,soup_scene3,70,old
4786,21.801275968551636,0.14049537065818504,obse,soup_scene3,70,old
4787,21.805379152297974,0.14049537065818504,obse,soup_scene3,70,old
4788,21.809450387954712,0.14049537065818504,obse,soup_scene3,70,old
4789,21.813544988632202,0.14049537065818504,obse,soup_scene3,70,old
4790,21.81761932373047,0.14049537065818504,obse,soup_scene3,70,old
4791,21.82174253463745,0.14049537065818504,obse,soup_scene3,70,old
4792,21.8257954120636,0.14049537065818504,obse,soup_scene3,70,old
4793,21.82986283302307,0.14049537065818504,obse,soup_scene3,70,old
4794,21.833941221237183,0.14049537065818504,obse,soup_scene3,70,old
4795,21.83802580833435,0.14049537065818504,obse,soup_scene3,70,old
4796,21.842108011245728,0.14049537065818504,obse,soup_scene3,70,old
4797,21.846203804016113,0.14049537065818504,obse,soup_scene3,70,old
4798,21.8502779006958,0.14049537065818504,obse,soup_scene3,70,old
4799,21.854373455047607,0.14049537065818504,obse,soup_scene3,70,old
4800,21.85847043991089,0.14049537065818504,obse,soup_scene3,70,old
4801,21.86255121231079,0.14049537065818504,obse,soup_scene3,70,old
4802,21.866642236709595,0.14049537065818504,obse,soup_scene3,70,old
4803,21.870704412460327,0.14049537065818504,obse,soup_scene3,70,old
4804,21.874736547470093,0.14049537065818504,obse,soup_scene3,70,old
4805,21.878765106201172,0.14049537065818504,obse,soup_scene3,70,old
4806,21.88276696205139,0.14049537065818504,obse,soup_scene3,70,old
4807,21.886804580688477,0.14049537065818504,obse,soup_scene3,70,old
4808,21.890848636627197,0.14049537065818504,obse,soup_scene3,70,old
4809,21.89488434791565,0.14049537065818504,obse,soup_scene3,70,old
4810,21.89891791343689,0.14049537065818504,obse,soup_scene3,70,old
4811,21.902928829193115,0.14049537065818504,obse,soup_scene3,70,old
4812,21.90696358680725,0.14049537065818504,obse,soup_scene3,70,old
4813,21.91099715232849,0.14049537065818504,obse,soup_scene3,70,old
4814,21.91517448425293,0.14049537065818504,obse,soup_scene3,70,old
4815,21.91943335533142,0.14049537065818504,obse,soup_scene3,70,old
4816,21.92367172241211,0.14049537065818504,obse,soup_scene3,70,old
4817,21.92776584625244,0.14049537065818504,obse,soup_scene3,70,old
4818,21.93186044692993,0.14049537065818504,obse,soup_scene3,70,old
4819,21.93595790863037,0.14049537065818504,obse,soup_scene3,70,old
4820,21.940048217773438,0.14049537065818504,obse,soup_scene3,70,old
4821,21.94413661956787,0.14049537065818504,obse,soup_scene3,70,old
4822,21.948232650756836,0.14049537065818504,obse,soup_scene3,70,old
4823,21.95233154296875,0.14049537065818504,obse,soup_scene3,70,old
4824,21.956428050994873,0.14049537065818504,obse,soup_scene3,70,old
4825,21.96051049232483,0.14049537065818504,obse,soup_scene3,70,old
4826,21.96459197998047,0.14049537065818504,obse,soup_scene3,70,old
4827,21.968698978424072,0.14049537065818504,obse,soup_scene3,70,old
4828,21.972805738449097,0.14049537065818504,obse,soup_scene3,70,old
4829,21.976946115493774,0.14049537065818504,obse,soup_scene3,70,old
4830,21.98102593421936,0.14049537065818504,obse,soup_scene3,70,old
4831,21.98512291908264,0.14049537065818504,obse,soup_scene3,70,old
4832,21.989225387573242,0.14049537065818504,obse,soup_scene3,70,old
4833,21.99333143234253,0.14049537065818504,obse,soup_scene3,70,old
4834,21.99740242958069,0.14049537065818504,obse,soup_scene3,70,old
4835,22.00146746635437,0.14049537065818504,obse,soup_scene3,70,old
4836,22.00556969642639,0.14049537065818504,obse,soup_scene3,70,old
4837,22.00969171524048,0.14049537065818504,obse,soup_scene3,70,old
4838,22.013797283172607,0.14049537065818504,obse,soup_scene3,70,old
4839,22.017878770828247,0.14049537065818504,obse,soup_scene3,70,old
4840,22.022071599960327,0.14049537065818504,obse,soup_scene3,70,old
4841,22.026193857192993,0.14049537065818504,obse,soup_scene3,70,old
4842,22.030292510986328,0.14049537065818504,obse,soup_scene3,70,old
4843,22.034388065338135,0.14049537065818504,obse,soup_scene3,70,old
4844,22.03848385810852,0.14049537065818504,obse,soup_scene3,70,old
4845,22.042592525482178,0.14049537065818504,obse,soup_scene3,70,old
4846,22.046708583831787,0.14049537065818504,obse,soup_scene3,70,old
4847,22.05078363418579,0.14049537065818504,obse,soup_scene3,70,old
4848,22.054895162582397,0.14049537065818504,obse,soup_scene3,70,old
4849,22.058985471725464,0.14049537065818504,obse,soup_scene3,70,old
4850,22.06304168701172,0.14049537065818504,obse,soup_scene3,70,old
4851,22.06711983680725,0.14049537065818504,obse,soup_scene3,70,old
4852,22.071216583251953,0.14049537065818504,obse,soup_scene3,70,old
4853,22.075332403182983,0.14049537065818504,obse,soup_scene3,70,old
4854,22.07943892478943,0.14049537065818504,obse,soup_scene3,70,old
4855,22.083603382110596,0.14049537065818504,obse,soup_scene3,70,old
4856,22.08767557144165,0.14049537065818504,obse,soup_scene3,70,old
4857,22.091748476028442,0.14049537065818504,obse,soup_scene3,70,old
4858,22.095843076705933,0.14049537065818504,obse,soup_scene3,70,old
4859,22.09991979598999,0.14049537065818504,obse,soup_scene3,70,old
4860,22.104101419448853,0.14049537065818504,obse,soup_scene3,70,old
4861,22.108201265335083,0.14049537065818504,obse,soup_scene3,70,old
4862,22.112322330474854,0.14049537065818504,obse,soup_scene3,70,old
4863,22.116410732269287,0.14049537065818504,obse,soup_scene3,70,old
4864,22.120500802993774,0.14049537065818504,obse,soup_scene3,70,old
4865,22.12458848953247,0.14049537065818504,obse,soup_scene3,70,old
4866,22.128694534301758,0.14049537065818504,obse,soup_scene3,70,old
4867,22.132789611816406,0.14049537065818504,obse,soup_scene3,70,old
4868,22.136891841888428,0.14049537065818504,obse,soup_scene3,70,old
4869,22.1410129070282,0.14049537065818504,obse,soup_scene3,70,old
4870,22.145094633102417,0.14049537065818504,obse,soup_scene3,70,old
4871,22.14917540550232,0.14049537065818504,obse,soup_scene3,70,old
4872,22.153260469436646,0.14049537065818504,obse,soup_scene3,70,old
4873,22.157349348068237,0.14049537065818504,obse,soup_scene3,70,old
4874,22.16148567199707,0.14049537065818504,obse,soup_scene3,70,old
4875,22.16557788848877,0.14049537065818504,obse,soup_scene3,70,old
4876,22.1696674823761,0.14049537065818504,obse,soup_scene3,70,old
4877,22.1737642288208,0.14049537065818504,obse,soup_scene3,70,old
4878,22.17786145210266,0.14049537065818504,obse,soup_scene3,70,old
4879,22.181970357894897,0.14049537065818504,obse,soup_scene3,70,old
4880,22.186070203781128,0.14049537065818504,obse,soup_scene3,70,old
4881,22.190169095993042,0.14049537065818504,obse,soup_scene3,70,old
4882,22.194282054901123,0.14049537065818504,obse,soup_scene3,70,old
4883,22.19837737083435,0.14049537065818504,obse,soup_scene3,70,old
4884,22.202491998672485,0.14049537065818504,obse,soup_scene3,70,old
4885,22.206600427627563,0.14049537065818504,obse,soup_scene3,70,old
4886,22.210679054260254,0.14049537065818504,obse,soup_scene3,70,old
4887,22.214775323867798,0.14049537065818504,obse,soup_scene3,70,old
4888,22.218872547149658,0.14049537065818504,obse,soup_scene3,70,old
4889,22.222970724105835,0.14049537065818504,obse,soup_scene3,70,old
4890,22.227061986923218,0.14049537065818504,obse,soup_scene3,70,old
4891,22.231130123138428,0.14049537065818504,obse,soup_scene3,70,old
4892,22.23524522781372,0.14049537065818504,obse,soup_scene3,70,old
4893,22.23931646347046,0.14049537065818504,obse,soup_scene3,70,old
4894,22.24340510368347,0.14049537065818504,obse,soup_scene3,70,old
4895,22.247482299804688,0.14049537065818504,obse,soup_scene3,70,old
4896,22.251553058624268,0.14049537065818504,obse,soup_scene3,70,old
4897,22.255622148513794,0.14049537065818504,obse,soup_scene3,70,old
4898,22.25973343849182,0.14049537065818504,obse,soup_scene3,70,old
4899,22.263779401779175,0.14049537065818504,obse,soup_scene3,70,old
4900,22.267857789993286,0.14049537065818504,obse,soup_scene3,70,old
4901,22.272016525268555,0.14049537065818504,obse,soup_scene3,70,old
4902,22.276079654693604,0.14049537065818504,obse,soup_scene3,70,old
4903,22.28011727333069,0.14049537065818504,obse,soup_scene3,70,old
4904,22.284184455871582,0.14049537065818504,obse,soup_scene3,70,old
4905,22.28821873664856,0.14049537065818504,obse,soup_scene3,70,old
4906,22.292391061782837,0.14049537065818504,obse,soup_scene3,70,old
4907,22.296643018722534,0.14049537065818504,obse,soup_scene3,70,old
4908,22.300795316696167,0.14049537065818504,obse,soup_scene3,70,old
4909,22.304925441741943,0.14049537065818504,obse,soup_scene3,70,old
4910,22.309022903442383,0.14049537065818504,obse,soup_scene3,70,old
4911,22.3131046295166,0.14049537065818504,obse,soup_scene3,70,old
4912,22.31720209121704,0.14049537065818504,obse,soup_scene3,70,old
4913,22.321296215057373,0.14049537065818504,obse,soup_scene3,70,old
4914,22.325400352478027,0.14049537065818504,obse,soup_scene3,70,old
4915,22.329492807388306,0.14049537065818504,obse,soup_scene3,70,old
4916,22.333597421646118,0.14049537065818504,obse,soup_scene3,70,old
4917,22.337702989578247,0.14049537065818504,obse,soup_scene3,70,old
4918,22.34179949760437,0.14049537065818504,obse,soup_scene3,70,old
4919,22.34588098526001,0.14049537065818504,obse,soup_scene3,70,old
4920,22.349932432174683,0.14049537065818504,obse,soup_scene3,70,old
4921,22.3542263507843,0.14049537065818504,obse,soup_scene3,70,old
4922,22.358309030532837,0.14049537065818504,obse,soup_scene3,70,old
4923,22.362398147583008,0.14049537065818504,obse,soup_scene3,70,old
4924,22.366495370864868,0.14049537065818504,obse,soup_scene3,70,old
4925,22.370662689208984,0.14049537065818504,obse,soup_scene3,70,old
4926,22.374747037887573,0.14049537065818504,obse,soup_scene3,70,old
4927,22.37883496284485,0.14049537065818504,obse,soup_scene3,70,old
4928,22.3829026222229,0.14049537065818504,obse,soup_scene3,70,old
4929,22.386975526809692,0.14049537065818504,obse,soup_scene3,70,old
4930,22.391053438186646,0.14049537065818504,obse,soup_scene3,70,old
4931,22.395158529281616,0.14049537065818504,obse,soup_scene3,70,old
4932,22.39928650856018,0.14049537065818504,obse,soup_scene3,70,old
4933,22.40338373184204,0.14049537065818504,obse,soup_scene3,70,old
4934,22.40745496749878,0.14049537065818504,obse,soup_scene3,70,old
4935,22.41150951385498,0.14049537065818504,obse,soup_scene3,70,old
4936,22.41562008857727,0.14049537065818504,obse,soup_scene3,70,old
4937,22.41978693008423,0.14049537065818504,obse,soup_scene3,70,old
4938,22.42384934425354,0.14049537065818504,obse,soup_scene3,70,old
4939,22.427913188934326,0.14049537065818504,obse,soup_scene3,70,old
4940,22.43201446533203,0.14049537065818504,obse,soup_scene3,70,old
4941,22.43609857559204,0.14049537065818504,obse,soup_scene3,70,old
4942,22.440202474594116,0.14049537065818504,obse,soup_scene3,70,old
4943,22.44424867630005,0.14049537065818504,obse,soup_scene3,70,old
4944,22.448351621627808,0.14049537065818504,obse,soup_scene3,70,old
4945,22.452422380447388,0.14049537065818504,obse,soup_scene3,70,old
4946,22.45650029182434,0.14049537065818504,obse,soup_scene3,70,old
4947,22.460604429244995,0.14049537065818504,obse,soup_scene3,70,old
4948,22.464738607406616,0.14049537065818504,obse,soup_scene3,70,old
4949,22.468857526779175,0.14049537065818504,obse,soup_scene3,70,old
4950,22.472922801971436,0.14049537065818504,obse,soup_scene3,70,old
4951,22.47701907157898,0.14049537065818504,obse,soup_scene3,70,old
4952,22.481095552444458,0.14049537065818504,obse,soup_scene3,70,old
4953,22.48518967628479,0.14049537065818504,obse,soup_scene3,70,old
4954,22.489280700683594,0.14049537065818504,obse,soup_scene3,70,old
4955,22.49337649345398,0.14049537065818504,obse,soup_scene3,70,old
4956,22.497469663619995,0.14049537065818504,obse,soup_scene3,70,old
4957,22.50153613090515,0.14049537065818504,obse,soup_scene3,70,old
4958,22.50563335418701,0.14049537065818504,obse,soup_scene3,70,old
4959,22.509724140167236,0.14049537065818504,obse,soup_scene3,70,old
4960,22.513806104660034,0.14049537065818504,obse,soup_scene3,70,old
4961,22.51789355278015,0.14049537065818504,obse,soup_scene3,70,old
4962,22.521997451782227,0.14049537065818504,obse,soup_scene3,70,old
4963,22.526111841201782,0.14049537065818504,obse,soup_scene3,70,old
4964,22.53019618988037,0.14049537065818504,obse,soup_scene3,70,old
4965,22.534297466278076,0.14049537065818504,obse,soup_scene3,70,old
4966,22.53838872909546,0.14049537065818504,obse,soup_scene3,70,old
4967,22.542490005493164,0.14049537065818504,obse,soup_scene3,70,old
4968,22.546607494354248,0.14049537065818504,obse,soup_scene3,70,old
4969,22.550705909729004,0.14049537065818504,obse,soup_scene3,70,old
4970,22.554805994033813,0.14049537065818504,obse,soup_scene3,70,old
4971,22.558882236480713,0.14049537065818504,obse,soup_scene3,70,old
4972,22.562976598739624,0.14049537065818504,obse,soup_scene3,70,old
4973,22.567067623138428,0.14049537065818504,obse,soup_scene3,70,old
4974,22.5711727142334,0.14049537065818504,obse,soup_scene3,70,old
4975,22.57526969909668,0.14049537065818504,obse,soup_scene3,70,old
4976,22.579359769821167,0.14049537065818504,obse,soup_scene3,70,old
4977,22.58343243598938,0.14049537065818504,obse,soup_scene3,70,old
4978,22.587530374526978,0.14049537065818504,obse,soup_scene3,70,old
4979,22.59161686897278,0.14049537065818504,obse,soup_scene3,70,old
4980,22.595690727233887,0.14049537065818504,obse,soup_scene3,70,old
4981,22.59978723526001,0.14049537065818504,obse,soup_scene3,70,old
4982,22.60389256477356,0.14049537065818504,obse,soup_scene3,70,old
4983,22.608017921447754,0.14049537065818504,obse,soup_scene3,70,old
4984,22.61213254928589,0.14049537065818504,obse,soup_scene3,70,old
4985,22.616238832473755,0.14049537065818504,obse,soup_scene3,70,old
4986,22.620331048965454,0.14049537065818504,obse,soup_scene3,70,old
4987,22.62441325187683,0.14049537065818504,obse,soup_scene3,70,old
4988,22.62851095199585,0.14049537065818504,obse,soup_scene3,70,old
4989,22.632593393325806,0.14049537065818504,obse,soup_scene3,70,old
4990,22.63667392730713,0.14049537065818504,obse,soup_scene3,70,old
4991,22.640803337097168,0.14049537065818504,obse,soup_scene3,70,old
4992,22.644869089126587,0.14049537065818504,obse,soup_scene3,70,old
4993,22.64896869659424,0.14049537065818504,obse,soup_scene3,70,old
4994,22.65318775177002,0.14049537065818504,obse,soup_scene3,70,old
4995,22.657373666763306,0.14049537065818504,obse,soup_scene3,70,old
4996,22.661421537399292,0.14049537065818504,obse,soup_scene3,70,old
4997,22.665493488311768,0.14049537065818504,obse,soup_scene3,70,old
4998,22.669585943222046,0.14049537065818504,obse,soup_scene3,70,old
4999,22.673681020736694,0.14049537065818504,obse,soup_scene3,70,old
5000,22.67777419090271,0.14049537065818504,obse,soup_scene3,70,old
5001,22.681870460510254,0.14049537065818504,obse,soup_scene3,70,old
5002,22.68598484992981,0.14049537065818504,obse,soup_scene3,70,old
5003,22.690104246139526,0.14049537065818504,obse,soup_scene3,70,old
5004,22.6942081451416,0.14049537065818504,obse,soup_scene3,70,old
5005,22.698298454284668,0.14049537065818504,obse,soup_scene3,70,old
5006,22.702386140823364,0.14049537065818504,obse,soup_scene3,70,old
5007,22.70650029182434,0.14049537065818504,obse,soup_scene3,70,old
5008,22.7106192111969,0.14049537065818504,obse,soup_scene3,70,old
5009,22.71472144126892,0.14049537065818504,obse,soup_scene3,70,old
5010,22.718833923339844,0.14049537065818504,obse,soup_scene3,70,old
5011,22.722940683364868,0.14049537065818504,obse,soup_scene3,70,old
5012,22.727022171020508,0.14049537065818504,obse,soup_scene3,70,old
5013,22.731104373931885,0.14049537065818504,obse,soup_scene3,70,old
5014,22.73525094985962,0.14049537065818504,obse,soup_scene3,70,old
5015,22.73937153816223,0.14049537065818504,obse,soup_scene3,70,old
5016,22.74347424507141,0.14049537065818504,obse,soup_scene3,70,old
5017,22.747551202774048,0.14049537065818504,obse,soup_scene3,70,old
5018,22.75165104866028,0.14049537065818504,obse,soup_scene3,70,old
5019,22.755727529525757,0.14049537065818504,obse,soup_scene3,70,old
5020,22.75982666015625,0.14049537065818504,obse,soup_scene3,70,old
5021,22.76388144493103,0.14049537065818504,obse,soup_scene3,70,old
5022,22.76798415184021,0.14049537065818504,obse,soup_scene3,70,old
5023,22.77206325531006,0.14049537065818504,obse,soup_scene3,70,old
5024,22.77649188041687,0.14049537065818504,obse,soup_scene3,70,old
5025,22.78236222267151,0.14049537065818504,obse,soup_scene3,70,old
5026,22.78678560256958,0.14049537065818504,obse,soup_scene3,70,old
5027,22.790911197662354,0.14049537065818504,obse,soup_scene3,70,old
5028,22.795027494430542,0.14049537065818504,obse,soup_scene3,70,old
5029,22.799111366271973,0.14049537065818504,obse,soup_scene3,70,old
5030,22.80325722694397,0.14049537065818504,obse,soup_scene3,70,old
5031,22.807371854782104,0.14049537065818504,obse,soup_scene3,70,old
5032,22.81155252456665,0.14049537065818504,obse,soup_scene3,70,old
5033,22.815664291381836,0.14049537065818504,obse,soup_scene3,70,old
5034,22.8197660446167,0.14049537065818504,obse,soup_scene3,70,old
5035,22.82388162612915,0.14049537065818504,obse,soup_scene3,70,old
5036,22.827983140945435,0.14049537065818504,obse,soup_scene3,70,old
5037,22.832082748413086,0.14049537065818504,obse,soup_scene3,70,old
5038,22.8362033367157,0.14049537065818504,obse,soup_scene3,70,old
5039,22.840362310409546,0.14049537065818504,obse,soup_scene3,70,old
5040,22.844451665878296,0.14049537065818504,obse,soup_scene3,70,old
5041,22.84852433204651,0.14049537065818504,obse,soup_scene3,70,old
5042,22.852595806121826,0.14049537065818504,obse,soup_scene3,70,old
5043,22.856626987457275,0.14049537065818504,obse,soup_scene3,70,old
5044,22.860630750656128,0.14049537065818504,obse,soup_scene3,70,old
5045,22.86470103263855,0.14049537065818504,obse,soup_scene3,70,old
5046,22.8688006401062,0.14049537065818504,obse,soup_scene3,70,old
5047,22.872849702835083,0.14049537065818504,obse,soup_scene3,70,old
5048,22.87696409225464,0.14049537065818504,obse,soup_scene3,70,old
5049,22.88105845451355,0.14049537065818504,obse,soup_scene3,70,old
5050,22.885119915008545,0.14049537065818504,obse,soup_scene3,70,old
5051,22.88916039466858,0.14049537065818504,obse,soup_scene3,70,old
5052,22.893213987350464,0.14049537065818504,obse,soup_scene3,70,old
5053,22.897269010543823,0.14049537065818504,obse,soup_scene3,70,old
5054,22.901299953460693,0.14049537065818504,obse,soup_scene3,70,old
5055,22.905370235443115,0.14049537065818504,obse,soup_scene3,70,old
5056,22.909470081329346,0.14049537065818504,obse,soup_scene3,70,old
5057,22.91354727745056,0.14049537065818504,obse,soup_scene3,70,old
5058,22.917819261550903,0.14049537065818504,obse,soup_scene3,70,old
5059,22.92205309867859,0.14049537065818504,obse,soup_scene3,70,old
5060,22.92614722251892,0.14049537065818504,obse,soup_scene3,70,old
5061,22.930238723754883,0.14049537065818504,obse,soup_scene3,70,old
5062,22.93433141708374,0.14049537065818504,obse,soup_scene3,70,old
5063,22.93843412399292,0.14049537065818504,obse,soup_scene3,70,old
5064,22.942557334899902,0.14049537065818504,obse,soup_scene3,70,old
5065,22.94660472869873,0.14049537065818504,obse,soup_scene3,70,old
5066,22.950693130493164,0.14049537065818504,obse,soup_scene3,70,old
5067,22.954787254333496,0.14049537065818504,obse,soup_scene3,70,old
5068,22.958892822265625,0.14049537065818504,obse,soup_scene3,70,old
5069,22.962992668151855,0.14049537065818504,obse,soup_scene3,70,old
5070,22.967122554779053,0.14049537065818504,obse,soup_scene3,70,old
5071,22.971232652664185,0.14049537065818504,obse,soup_scene3,70,old
5072,22.975356578826904,0.14049537065818504,obse,soup_scene3,70,old
5073,22.979475021362305,0.14049537065818504,obse,soup_scene3,70,old
5074,22.983575344085693,0.14049537065818504,obse,soup_scene3,70,old
5075,22.987678050994873,0.14049537065818504,obse,soup_scene3,70,old
5076,22.991788864135742,0.14049537065818504,obse,soup_scene3,70,old
5077,22.995888471603394,0.14049537065818504,obse,soup_scene3,70,old
5078,22.999974250793457,0.14049537065818504,obse,soup_scene3,70,old
5079,23.004071712493896,0.14049537065818504,obse,soup_scene3,70,old
5080,23.00819444656372,0.14049537065818504,obse,soup_scene3,70,old
5081,23.01229476928711,0.14049537065818504,obse,soup_scene3,70,old
5082,23.016377687454224,0.14049537065818504,obse,soup_scene3,70,old
5083,23.020445585250854,0.14049537065818504,obse,soup_scene3,70,old
5084,23.02457904815674,0.14049537065818504,obse,soup_scene3,70,old
5085,23.0286967754364,0.14049537065818504,obse,soup_scene3,70,old
5086,23.032793760299683,0.14049537065818504,obse,soup_scene3,70,old
5087,23.036893367767334,0.14049537065818504,obse,soup_scene3,70,old
5088,23.04132843017578,0.14049537065818504,obse,soup_scene3,70,old
5089,23.04546356201172,0.14049537065818504,obse,soup_scene3,70,old
5090,23.049580335617065,0.14049537065818504,obse,soup_scene3,70,old
5091,23.053708791732788,0.14049537065818504,obse,soup_scene3,70,old
5092,23.05782675743103,0.14049537065818504,obse,soup_scene3,70,old
5093,23.061939477920532,0.14049537065818504,obse,soup_scene3,70,old
5094,23.066080808639526,0.14049537065818504,obse,soup_scene3,70,old
5095,23.07020926475525,0.14049537065818504,obse,soup_scene3,70,old
5096,23.074279308319092,0.14049537065818504,obse,soup_scene3,70,old
5097,23.07836604118347,0.14049537065818504,obse,soup_scene3,70,old
5098,23.08243441581726,0.14049537065818504,obse,soup_scene3,70,old
5099,23.08644723892212,0.14049537065818504,obse,soup_scene3,70,old
5100,23.09049963951111,0.14049537065818504,obse,soup_scene3,70,old
5101,23.094536066055298,0.14049537065818504,obse,soup_scene3,70,old
5102,23.09867238998413,0.14049537065818504,obse,soup_scene3,70,old
5103,23.102778434753418,0.14049537065818504,obse,soup_scene3,70,old
5104,23.10688829421997,0.14049537065818504,obse,soup_scene3,70,old
5105,23.110946893692017,0.14049537065818504,obse,soup_scene3,70,old
5106,23.115082025527954,0.14049537065818504,obse,soup_scene3,70,old
5107,23.1192307472229,0.14049537065818504,obse,soup_scene3,70,old
5108,23.123390197753906,0.14049537065818504,obse,soup_scene3,70,old
5109,23.12751293182373,0.14049537065818504,obse,soup_scene3,70,old
5110,23.131674766540527,0.14049537065818504,obse,soup_scene3,70,old
5111,23.135778427124023,0.14049537065818504,obse,soup_scene3,70,old
5112,23.13988208770752,0.14049537065818504,obse,soup_scene3,70,old
5113,23.143957376480103,0.14049537065818504,obse,soup_scene3,70,old
5114,23.148070812225342,0.14049537065818504,obse,soup_scene3,70,old
5115,23.152215719223022,0.14049537065818504,obse,soup_scene3,70,old
5116,23.156321048736572,0.14049537065818504,obse,soup_scene3,70,old
5117,23.160426378250122,0.14049537065818504,obse,soup_scene3,70,old
5118,23.164544343948364,0.14049537065818504,obse,soup_scene3,70,old
5119,23.168657064437866,0.14049537065818504,obse,soup_scene3,70,old
5120,23.17275071144104,0.14049537065818504,obse,soup_scene3,70,old
5121,23.1768479347229,0.14049537065818504,obse,soup_scene3,70,old
5122,23.180976152420044,0.14049537065818504,obse,soup_scene3,70,old
5123,23.185096740722656,0.14049537065818504,obse,soup_scene3,70,old
5124,23.18921184539795,0.14049537065818504,obse,soup_scene3,70,old
5125,23.19332504272461,0.14049537065818504,obse,soup_scene3,70,old
5126,23.197437047958374,0.14049537065818504,obse,soup_scene3,70,old
5127,23.201547145843506,0.14049537065818504,obse,soup_scene3,70,old
5128,23.205644130706787,0.14049537065818504,obse,soup_scene3,70,old
5129,23.20977544784546,0.14049537065818504,obse,soup_scene3,70,old
5130,23.213862419128418,0.14049537065818504,obse,soup_scene3,70,old
5131,23.21796989440918,0.14049537065818504,obse,soup_scene3,70,old
5132,23.22206711769104,0.14049537065818504,obse,soup_scene3,70,old
5133,23.226202726364136,0.14049537065818504,obse,soup_scene3,70,old
5134,23.230336666107178,0.14049537065818504,obse,soup_scene3,70,old
5135,23.234489679336548,0.14049537065818504,obse,soup_scene3,70,old
5136,23.238600730895996,0.14049537065818504,obse,soup_scene3,70,old
5137,23.242705583572388,0.14049537065818504,obse,soup_scene3,70,old
5138,23.24682641029358,0.14049537065818504,obse,soup_scene3,70,old
5139,23.250938892364502,0.14049537065818504,obse,soup_scene3,70,old
5140,23.25505518913269,0.14049537065818504,obse,soup_scene3,70,old
5141,23.259193420410156,0.14049537065818504,obse,soup_scene3,70,old
5142,23.263335943222046,0.14049537065818504,obse,soup_scene3,70,old
5143,23.26743507385254,0.14049537065818504,obse,soup_scene3,70,old
5144,23.271539211273193,0.14049537065818504,obse,soup_scene3,70,old
5145,23.275631427764893,0.14049537065818504,obse,soup_scene3,70,old
5146,23.279716968536377,0.14049537065818504,obse,soup_scene3,70,old
5147,23.283825159072876,0.14049537065818504,obse,soup_scene3,70,old
5148,23.287936449050903,0.14049537065818504,obse,soup_scene3,70,old
5149,23.29205560684204,0.14049537065818504,obse,soup_scene3,70,old
5150,23.296176195144653,0.14049537065818504,obse,soup_scene3,70,old
5151,23.30034899711609,0.14049537065818504,obse,soup_scene3,70,old
5152,23.30446171760559,0.14049537065818504,obse,soup_scene3,70,old
5153,23.308563947677612,0.14049537065818504,obse,soup_scene3,70,old
5154,23.312683820724487,0.14049537065818504,obse,soup_scene3,70,old
5155,23.316781282424927,0.14049537065818504,obse,soup_scene3,70,old
5156,23.32090973854065,0.14049537065818504,obse,soup_scene3,70,old
5157,23.325093507766724,0.14049537065818504,obse,soup_scene3,70,old
5158,23.32919979095459,0.14049537065818504,obse,soup_scene3,70,old
5159,23.333296298980713,0.14049537065818504,obse,soup_scene3,70,old
5160,23.337412118911743,0.14049537065818504,obse,soup_scene3,70,old
5161,23.341503143310547,0.14049537065818504,obse,soup_scene3,70,old
5162,23.345589876174927,0.14049537065818504,obse,soup_scene3,70,old
5163,23.349668741226196,0.14049537065818504,obse,soup_scene3,70,old
5164,23.35381054878235,0.14049537065818504,obse,soup_scene3,70,old
5165,23.35794186592102,0.14049537065818504,obse,soup_scene3,70,old
5166,23.362098217010498,0.14049537065818504,obse,soup_scene3,70,old
5167,23.366203546524048,0.14049537065818504,obse,soup_scene3,70,old
5168,23.370352745056152,0.14049537065818504,obse,soup_scene3,70,old
5169,23.37446928024292,0.14049537065818504,obse,soup_scene3,70,old
5170,23.378572940826416,0.14049537065818504,obse,soup_scene3,70,old
5171,23.382710456848145,0.14049537065818504,obse,soup_scene3,70,old
5172,23.386823415756226,0.14049537065818504,obse,soup_scene3,70,old
5173,23.390952587127686,0.14049537065818504,obse,soup_scene3,70,old
5174,23.395074605941772,0.14049537065818504,obse,soup_scene3,70,old
5175,23.399216890335083,0.14049537065818504,obse,soup_scene3,70,old
5176,23.40333890914917,0.14049537065818504,obse,soup_scene3,70,old
5177,23.407445669174194,0.14049537065818504,obse,soup_scene3,70,old
5178,23.411575078964233,0.14049537065818504,obse,soup_scene3,70,old
5179,23.41567635536194,0.14049537065818504,obse,soup_scene3,70,old
5180,23.419856548309326,0.14049537065818504,obse,soup_scene3,70,old
5181,23.423962354660034,0.14049537065818504,obse,soup_scene3,70,old
5182,23.428078413009644,0.14049537065818504,obse,soup_scene3,70,old
5183,23.432255506515503,0.14049537065818504,obse,soup_scene3,70,old
5184,23.436368703842163,0.14049537065818504,obse,soup_scene3,70,old
5185,23.440494537353516,0.14049537065818504,obse,soup_scene3,70,old
5186,23.44458246231079,0.14049537065818504,obse,soup_scene3,70,old
5187,23.448659658432007,0.14049537065818504,obse,soup_scene3,70,old
5188,23.4527747631073,0.14049537065818504,obse,soup_scene3,70,old
5189,23.456888914108276,0.14049537065818504,obse,soup_scene3,70,old
5190,23.46100926399231,0.14049537065818504,obse,soup_scene3,70,old
5191,23.465101718902588,0.14049537065818504,obse,soup_scene3,70,old
5192,23.469188690185547,0.14049537065818504,obse,soup_scene3,70,old
5193,23.473307132720947,0.14049537065818504,obse,soup_scene3,70,old
5194,23.477399349212646,0.14049537065818504,obse,soup_scene3,70,old
5195,23.48150372505188,0.14049537065818504,obse,soup_scene3,70,old
5196,23.48564386367798,0.14049537065818504,obse,soup_scene3,70,old
5197,23.48975682258606,0.14049537065818504,obse,soup_scene3,70,old
5198,23.49387788772583,0.14049537065818504,obse,soup_scene3,70,old
5199,23.49797773361206,0.14049537065818504,obse,soup_scene3,70,old
5200,23.502115488052368,0.14049537065818504,obse,soup_scene3,70,old
5201,23.506258010864258,0.14049537065818504,obse,soup_scene3,70,old
5202,23.51036024093628,0.14049537065818504,obse,soup_scene3,70,old
5203,23.51445484161377,0.14049537065818504,obse,soup_scene3,70,old
5204,23.518590211868286,0.14049537065818504,obse,soup_scene3,70,old
5205,23.522703647613525,0.14049537065818504,obse,soup_scene3,70,old
5206,23.526819944381714,0.14049537065818504,obse,soup_scene3,70,old
5207,23.530917644500732,0.14049537065818504,obse,soup_scene3,70,old
5208,23.53500747680664,0.14049537065818504,obse,soup_scene3,70,old
5209,23.539089679718018,0.14049537065818504,obse,soup_scene3,70,old
5210,23.543185234069824,0.14049537065818504,obse,soup_scene3,70,old
5211,23.54728364944458,0.14049537065818504,obse,soup_scene3,70,old
5212,23.55140733718872,0.14049537065818504,obse,soup_scene3,70,old
5213,23.555516958236694,0.14049537065818504,obse,soup_scene3,70,old
5214,23.559619426727295,0.14049537065818504,obse,soup_scene3,70,old
5215,23.563753366470337,0.14049537065818504,obse,soup_scene3,70,old
5216,23.56786346435547,0.14049537065818504,obse,soup_scene3,70,old
5217,23.571996927261353,0.14049537065818504,obse,soup_scene3,70,old
5218,23.576106548309326,0.14049537065818504,obse,soup_scene3,70,old
5219,23.58018183708191,0.14049537065818504,obse,soup_scene3,70,old
5220,23.584373235702515,0.14049537065818504,obse,soup_scene3,70,old
5221,23.58876347541809,0.14049537065818504,obse,soup_scene3,70,old
5222,23.592884302139282,0.14049537065818504,obse,soup_scene3,70,old
5223,23.596998691558838,0.14049537065818504,obse,soup_scene3,70,old
5224,23.60113263130188,0.14049537065818504,obse,soup_scene3,70,old
5225,23.60524272918701,0.14049537065818504,obse,soup_scene3,70,old
5226,23.6093692779541,0.14049537065818504,obse,soup_scene3,70,old
5227,23.613490104675293,0.14049537065818504,obse,soup_scene3,70,old
5228,23.617549657821655,0.14049537065818504,obse,soup_scene3,70,old
5229,23.62161159515381,0.14049537065818504,obse,soup_scene3,70,old
5230,23.62564992904663,0.14049537065818504,obse,soup_scene3,70,old
5231,23.62971520423889,0.14049537065818504,obse,soup_scene3,70,old
5232,23.633769512176514,0.14049537065818504,obse,soup_scene3,70,old
5233,23.637831449508667,0.14049537065818504,obse,soup_scene3,70,old
5234,23.641924142837524,0.14049537065818504,obse,soup_scene3,70,old
5235,23.64613127708435,0.14049537065818504,obse,soup_scene3,70,old
5236,23.650298595428467,0.14049537065818504,obse,soup_scene3,70,old
5237,23.654425621032715,0.14049537065818504,obse,soup_scene3,70,old
5238,23.658546447753906,0.14049537065818504,obse,soup_scene3,70,old
5239,23.662675142288208,0.14049537065818504,obse,soup_scene3,70,old
5240,23.66681718826294,0.14049537065818504,obse,soup_scene3,70,old
5241,23.670945167541504,0.14049537065818504,obse,soup_scene3,70,old
5242,23.675477504730225,0.14049537065818504,obse,soup_scene3,70,old
5243,23.6799213886261,0.14049537065818504,obse,soup_scene3,70,old
5244,23.684119939804077,0.14049537065818504,obse,soup_scene3,70,old
5245,23.688238382339478,0.14049537065818504,obse,soup_scene3,70,old
5246,23.692355632781982,0.14049537065818504,obse,soup_scene3,70,old
5247,23.696457386016846,0.14049537065818504,obse,soup_scene3,70,old
5248,23.70057225227356,0.14049537065818504,obse,soup_scene3,70,old
5249,23.706048011779785,0.14049537065818504,obse,soup_scene3,70,old
5250,23.711457014083862,0.14049537065818504,obse,soup_scene3,70,old
5251,23.716158151626587,0.14049537065818504,obse,soup_scene3,70,old
5252,23.720531225204468,0.14049537065818504,obse,soup_scene3,70,old
5253,23.725112915039062,0.14049537065818504,obse,soup_scene3,70,old
5254,23.72947120666504,0.14049537065818504,obse,soup_scene3,70,old
5255,23.733683824539185,0.14049537065818504,obse,soup_scene3,70,old
5256,23.737886428833008,0.14049537065818504,obse,soup_scene3,70,old
5257,23.742005825042725,0.14049537065818504,obse,soup_scene3,70,old
5258,23.746090412139893,0.14049537065818504,obse,soup_scene3,70,old
5259,23.7501859664917,0.14049537065818504,obse,soup_scene3,70,old
5260,23.75431513786316,0.14049537065818504,obse,soup_scene3,70,old
5261,23.758445024490356,0.14049537065818504,obse,soup_scene3,70,old
5262,23.762551307678223,0.14049537065818504,obse,soup_scene3,70,old
5263,23.76666259765625,0.14049537065818504,obse,soup_scene3,70,old
5264,23.770779132843018,0.14049537065818504,obse,soup_scene3,70,old
5265,23.774852514266968,0.14049537065818504,obse,soup_scene3,70,old
5266,23.77898120880127,0.14049537065818504,obse,soup_scene3,70,old
5267,23.78314971923828,0.14049537065818504,obse,soup_scene3,70,old
5268,23.787310361862183,0.14049537065818504,obse,soup_scene3,70,old
5269,23.791457414627075,0.14049537065818504,obse,soup_scene3,70,old
5270,23.795615911483765,0.14049537065818504,obse,soup_scene3,70,old
5271,23.79985475540161,0.14049537065818504,obse,soup_scene3,70,old
5272,23.804084300994873,0.14049537065818504,obse,soup_scene3,70,old
5273,23.8083438873291,0.14049537065818504,obse,soup_scene3,70,old
5274,23.812520265579224,0.14049537065818504,obse,soup_scene3,70,old
5275,23.816659450531006,0.14049537065818504,obse,soup_scene3,70,old
5276,23.820783615112305,0.14049537065818504,obse,soup_scene3,70,old
5277,23.82491636276245,0.14049537065818504,obse,soup_scene3,70,old
5278,23.82905626296997,0.14049537065818504,obse,soup_scene3,70,old
5279,23.833155393600464,0.14049537065818504,obse,soup_scene3,70,old
5280,23.837290287017822,0.14049537065818504,obse,soup_scene3,70,old
5281,23.841397523880005,0.14049537065818504,obse,soup_scene3,70,old
5282,23.845488786697388,0.14049537065818504,obse,soup_scene3,70,old
5283,23.849591493606567,0.14049537065818504,obse,soup_scene3,70,old
5284,23.85373067855835,0.14049537065818504,obse,soup_scene3,70,old
5285,23.857826709747314,0.14049537065818504,obse,soup_scene3,70,old
5286,23.861918210983276,0.14049537065818504,obse,soup_scene3,70,old
5287,23.866035223007202,0.14049537065818504,obse,soup_scene3,70,old
5288,23.870134353637695,0.14049537065818504,obse,soup_scene3,70,old
5289,23.874239921569824,0.14049537065818504,obse,soup_scene3,70,old
5290,23.878350496292114,0.14049537065818504,obse,soup_scene3,70,old
5291,23.88244891166687,0.14049537065818504,obse,soup_scene3,70,old
5292,23.88652801513672,0.14049537065818504,obse,soup_scene3,70,old
5293,23.890632390975952,0.14049537065818504,obse,soup_scene3,70,old
5294,23.894717931747437,0.14049537065818504,obse,soup_scene3,70,old
5295,23.89879584312439,0.14049537065818504,obse,soup_scene3,70,old
5296,23.90290880203247,0.14049537065818504,obse,soup_scene3,70,old
5297,23.907103538513184,0.14049537065818504,obse,soup_scene3,70,old
5298,23.911579847335815,0.14049537065818504,obse,soup_scene3,70,old
5299,23.915693998336792,0.14049537065818504,obse,soup_scene3,70,old
5300,23.919919729232788,0.14049537065818504,obse,soup_scene3,70,old
5301,23.924126863479614,0.14049537065818504,obse,soup_scene3,70,old
5302,23.928303241729736,0.14049537065818504,obse,soup_scene3,70,old
5303,23.932428121566772,0.14049537065818504,obse,soup_scene3,70,old
5304,23.936559438705444,0.14049537065818504,obse,soup_scene3,70,old
5305,23.94068717956543,0.14049537065818504,obse,soup_scene3,70,old
5306,23.944785594940186,0.14049537065818504,obse,soup_scene3,70,old
5307,23.94887113571167,0.14049537065818504,obse,soup_scene3,70,old
5308,23.953012228012085,0.14049537065818504,obse,soup_scene3,70,old
5309,23.95708203315735,0.14049537065818504,obse,soup_scene3,70,old
5310,23.961156129837036,0.14049537065818504,obse,soup_scene3,70,old
5311,23.965285301208496,0.14049537065818504,obse,soup_scene3,70,old
5312,23.969386339187622,0.14049537065818504,obse,soup_scene3,70,old
5313,23.973474502563477,0.14049537065818504,obse,soup_scene3,70,old
5314,23.977783203125,0.14049537065818504,obse,soup_scene3,70,old
5315,23.98207378387451,0.14049537065818504,obse,soup_scene3,70,old
5316,23.98623490333557,0.14049537065818504,obse,soup_scene3,70,old
5317,23.99040389060974,0.14049537065818504,obse,soup_scene3,70,old
5318,23.994547843933105,0.14049537065818504,obse,soup_scene3,70,old
5319,23.998693227767944,0.14049537065818504,obse,soup_scene3,70,old
5320,24.00283980369568,0.14049537065818504,obse,soup_scene3,70,old
5321,24.007070064544678,0.14049537065818504,obse,soup_scene3,70,old
5322,24.011321783065796,0.14049537065818504,obse,soup_scene3,70,old
5323,24.015504837036133,0.14049537065818504,obse,soup_scene3,70,old
5324,24.019672632217407,0.14049537065818504,obse,soup_scene3,70,old
5325,24.02508306503296,0.14049537065818504,obse,soup_scene3,70,old
5326,24.029290914535522,0.14049537065818504,obse,soup_scene3,70,old
5327,24.033440589904785,0.14049537065818504,obse,soup_scene3,70,old
5328,24.037575244903564,0.14049537065818504,obse,soup_scene3,70,old
5329,24.041733980178833,0.14049537065818504,obse,soup_scene3,70,old
5330,24.04588556289673,0.14049537065818504,obse,soup_scene3,70,old
5331,24.05005645751953,0.14049537065818504,obse,soup_scene3,70,old
5332,24.05422282218933,0.14049537065818504,obse,soup_scene3,70,old
5333,24.05838680267334,0.14049537065818504,obse,soup_scene3,70,old
5334,24.062528371810913,0.14049537065818504,obse,soup_scene3,70,old
5335,24.066651582717896,0.14049537065818504,obse,soup_scene3,70,old
5336,24.070791244506836,0.14049537065818504,obse,soup_scene3,70,old
5337,24.07494044303894,0.14049537065818504,obse,soup_scene3,70,old
5338,24.079092264175415,0.14049537065818504,obse,soup_scene3,70,old
5339,24.08322787284851,0.14049537065818504,obse,soup_scene3,70,old
5340,24.087385654449463,0.14049537065818504,obse,soup_scene3,70,old
5341,24.09151840209961,0.14049537065818504,obse,soup_scene3,70,old
5342,24.095683336257935,0.14049537065818504,obse,soup_scene3,70,old
5343,24.099862098693848,0.14049537065818504,obse,soup_scene3,70,old
5344,24.104008197784424,0.14049537065818504,obse,soup_scene3,70,old
5345,24.108181476593018,0.14049537065818504,obse,soup_scene3,70,old
5346,24.112348794937134,0.14049537065818504,obse,soup_scene3,70,old
5347,24.116494178771973,0.14049537065818504,obse,soup_scene3,70,old
5348,24.120656967163086,0.14049537065818504,obse,soup_scene3,70,old
5349,24.12476944923401,0.14049537065818504,obse,soup_scene3,70,old
5350,24.12890315055847,0.14049537065818504,obse,soup_scene3,70,old
5351,24.133078575134277,0.14049537065818504,obse,soup_scene3,70,old
5352,24.137223482131958,0.14049537065818504,obse,soup_scene3,70,old
5353,24.141357421875,0.14049537065818504,obse,soup_scene3,70,old
5354,24.14551067352295,0.14049537065818504,obse,soup_scene3,70,old
5355,24.149640560150146,0.14049537065818504,obse,soup_scene3,70,old
5356,24.153783559799194,0.14049537065818504,obse,soup_scene3,70,old
5357,24.157909870147705,0.14049537065818504,obse,soup_scene3,70,old
5358,24.162063121795654,0.14049537065818504,obse,soup_scene3,70,old
5359,24.166207790374756,0.14049537065818504,obse,soup_scene3,70,old
5360,24.170379400253296,0.14049537065818504,obse,soup_scene3,70,old
5361,24.174534559249878,0.14049537065818504,obse,soup_scene3,70,old
5362,24.17870259284973,0.14049537065818504,obse,soup_scene3,70,old
5363,24.182863473892212,0.14049537065818504,obse,soup_scene3,70,old
5364,24.18703532218933,0.14049537065818504,obse,soup_scene3,70,old
5365,24.191174507141113,0.14049537065818504,obse,soup_scene3,70,old
5366,24.19533681869507,0.14049537065818504,obse,soup_scene3,70,old
5367,24.199476957321167,0.14049537065818504,obse,soup_scene3,70,old
5368,24.20363688468933,0.14049537065818504,obse,soup_scene3,70,old
5369,24.207791328430176,0.14049537065818504,obse,soup_scene3,70,old
5370,24.211974620819092,0.14049537065818504,obse,soup_scene3,70,old
5371,24.21610689163208,0.14049537065818504,obse,soup_scene3,70,old
5372,24.220261573791504,0.14049537065818504,obse,soup_scene3,70,old
5373,24.22439408302307,0.14049537065818504,obse,soup_scene3,70,old
5374,24.22854232788086,0.14049537065818504,obse,soup_scene3,70,old
5375,24.232693910598755,0.14049537065818504,obse,soup_scene3,70,old
5376,24.23689341545105,0.14049537065818504,obse,soup_scene3,70,old
5377,24.241073846817017,0.14049537065818504,obse,soup_scene3,70,old
5378,24.245209217071533,0.14049537065818504,obse,soup_scene3,70,old
5379,24.24935817718506,0.14049537065818504,obse,soup_scene3,70,old
5380,24.253509044647217,0.14049537065818504,obse,soup_scene3,70,old
5381,24.257657527923584,0.14049537065818504,obse,soup_scene3,70,old
5382,24.261863708496094,0.14049537065818504,obse,soup_scene3,70,old
5383,24.26604151725769,0.14049537065818504,obse,soup_scene3,70,old
5384,24.270221948623657,0.14049537065818504,obse,soup_scene3,70,old
5385,24.27438974380493,0.14049537065818504,obse,soup_scene3,70,old
5386,24.278538942337036,0.14049537065818504,obse,soup_scene3,70,old
5387,24.282699823379517,0.14049537065818504,obse,soup_scene3,70,old
5388,24.286858797073364,0.14049537065818504,obse,soup_scene3,70,old
5389,24.290992736816406,0.14049537065818504,obse,soup_scene3,70,old
5390,24.295125246047974,0.14049537065818504,obse,soup_scene3,70,old
5391,24.29931378364563,0.14049537065818504,obse,soup_scene3,70,old
5392,24.303476333618164,0.14049537065818504,obse,soup_scene3,70,old
5393,24.3076331615448,0.14049537065818504,obse,soup_scene3,70,old
5394,24.311794996261597,0.14049537065818504,obse,soup_scene3,70,old
5395,24.31595206260681,0.14049537065818504,obse,soup_scene3,70,old
5396,24.320107460021973,0.14049537065818504,obse,soup_scene3,70,old
5397,24.32427954673767,0.14049537065818504,obse,soup_scene3,70,old
5398,24.328457832336426,0.14049537065818504,obse,soup_scene3,70,old
5399,24.33261227607727,0.14049537065818504,obse,soup_scene3,70,old
5400,24.336743593215942,0.14049537065818504,obse,soup_scene3,70,old
5401,24.340896606445312,0.14049537065818504,obse,soup_scene3,70,old
5402,24.34504246711731,0.14049537065818504,obse,soup_scene3,70,old
5403,24.349217891693115,0.14049537065818504,obse,soup_scene3,70,old
5404,24.3533833026886,0.14049537065818504,obse,soup_scene3,70,old
5405,24.357612371444702,0.14049537065818504,obse,soup_scene3,70,old
5406,24.361819744110107,0.14049537065818504,obse,soup_scene3,70,old
5407,24.366113424301147,0.14049537065818504,obse,soup_scene3,70,old
5408,24.3703351020813,0.14049537065818504,obse,soup_scene3,70,old
5409,24.374531507492065,0.14049537065818504,obse,soup_scene3,70,old
5410,24.378692865371704,0.14049537065818504,obse,soup_scene3,70,old
5411,24.38282346725464,0.14049537065818504,obse,soup_scene3,70,old
5412,24.386964559555054,0.14049537065818504,obse,soup_scene3,70,old
5413,24.391099452972412,0.14049537065818504,obse,soup_scene3,70,old
5414,24.39522099494934,0.14049537065818504,obse,soup_scene3,70,old
5415,24.39936137199402,0.14049537065818504,obse,soup_scene3,70,old
5416,24.403478622436523,0.14049537065818504,obse,soup_scene3,70,old
5417,24.407585382461548,0.14049537065818504,obse,soup_scene3,70,old
5418,24.41174006462097,0.14049537065818504,obse,soup_scene3,70,old
5419,24.415838956832886,0.14049537065818504,obse,soup_scene3,70,old
5420,24.420018911361694,0.14049537065818504,obse,soup_scene3,70,old
5421,24.424321174621582,0.14049537065818504,obse,soup_scene3,70,old
5422,24.428544759750366,0.14049537065818504,obse,soup_scene3,70,old
5423,24.432796478271484,0.14049537065818504,obse,soup_scene3,70,old
5424,24.437068462371826,0.14049537065818504,obse,soup_scene3,70,old
5425,24.441243171691895,0.14049537065818504,obse,soup_scene3,70,old
5426,24.445391416549683,0.14049537065818504,obse,soup_scene3,70,old
5427,24.449565410614014,0.14049537065818504,obse,soup_scene3,70,old
5428,24.453720569610596,0.14049537065818504,obse,soup_scene3,70,old
5429,24.457895517349243,0.14049537065818504,obse,soup_scene3,70,old
5430,24.462071895599365,0.14049537065818504,obse,soup_scene3,70,old
5431,24.46622347831726,0.14049537065818504,obse,soup_scene3,70,old
5432,24.470375299453735,0.14049537065818504,obse,soup_scene3,70,old
5433,24.474529266357422,0.14049537065818504,obse,soup_scene3,70,old
5434,24.47867202758789,0.14049537065818504,obse,soup_scene3,70,old
5435,24.482852697372437,0.14049537065818504,obse,soup_scene3,70,old
5436,24.487021684646606,0.14049537065818504,obse,soup_scene3,70,old
5437,24.491185188293457,0.14049537065818504,obse,soup_scene3,70,old
5438,24.495362997055054,0.14049537065818504,obse,soup_scene3,70,old
5439,24.499526262283325,0.14049537065818504,obse,soup_scene3,70,old
5440,24.503687143325806,0.14049537065818504,obse,soup_scene3,70,old
5441,24.507855892181396,0.14049537065818504,obse,soup_scene3,70,old
5442,24.512025117874146,0.14049537065818504,obse,soup_scene3,70,old
5443,24.516172409057617,0.14049537065818504,obse,soup_scene3,70,old
5444,24.520318508148193,0.14049537065818504,obse,soup_scene3,70,old
5445,24.52446150779724,0.14049537065818504,obse,soup_scene3,70,old
5446,24.52864694595337,0.14049537065818504,obse,soup_scene3,70,old
5447,24.532801628112793,0.14049537065818504,obse,soup_scene3,70,old
5448,24.53695797920227,0.14049537065818504,obse,soup_scene3,70,old
5449,24.541099071502686,0.14049537065818504,obse,soup_scene3,70,old
5450,24.545217990875244,0.14049537065818504,obse,soup_scene3,70,old
5451,24.549381017684937,0.14049537065818504,obse,soup_scene3,70,old
5452,24.553508520126343,0.14049537065818504,obse,soup_scene3,70,old
5453,24.557677745819092,0.14049537065818504,obse,soup_scene3,70,old
5454,24.56185269355774,0.14049537065818504,obse,soup_scene3,70,old
5455,24.566133737564087,0.14049537065818504,obse,soup_scene3,70,old
5456,24.570311307907104,0.14049537065818504,obse,soup_scene3,70,old
5457,24.574469089508057,0.14049537065818504,obse,soup_scene3,70,old
5458,24.578627347946167,0.14049537065818504,obse,soup_scene3,70,old
5459,24.582783937454224,0.14049537065818504,obse,soup_scene3,70,old
5460,24.58692502975464,0.14049537065818504,obse,soup_scene3,70,old
5461,24.591115713119507,0.14049537065818504,obse,soup_scene3,70,old
5462,24.59536051750183,0.14049537065818504,obse,soup_scene3,70,old
5463,24.599506378173828,0.14049537065818504,obse,soup_scene3,70,old
5464,24.603621006011963,0.14049537065818504,obse,soup_scene3,70,old
5465,24.607864379882812,0.14049537065818504,obse,soup_scene3,70,old
5466,24.61204171180725,0.14049537065818504,obse,soup_scene3,70,old
5467,24.616222381591797,0.14049537065818504,obse,soup_scene3,70,old
5468,24.62038254737854,0.14049537065818504,obse,soup_scene3,70,old
5469,24.62452268600464,0.14049537065818504,obse,soup_scene3,70,old
5470,24.628638744354248,0.14049537065818504,obse,soup_scene3,70,old
5471,24.63277578353882,0.14049537065818504,obse,soup_scene3,70,old
5472,24.636919498443604,0.14049537065818504,obse,soup_scene3,70,old
5473,24.64106249809265,0.14049537065818504,obse,soup_scene3,70,old
5474,24.6451735496521,0.14049537065818504,obse,soup_scene3,70,old
5475,24.649361848831177,0.14049537065818504,obse,soup_scene3,70,old
5476,24.65349006652832,0.14049537065818504,obse,soup_scene3,70,old
5477,24.657542943954468,0.14049537065818504,obse,soup_scene3,70,old
5478,24.66163396835327,0.14049537065818504,obse,soup_scene3,70,old
5479,24.665692806243896,0.14049537065818504,obse,soup_scene3,70,old
5480,24.66985535621643,0.14049537065818504,obse,soup_scene3,70,old
5481,24.673972129821777,0.14049537065818504,obse,soup_scene3,70,old
5482,24.678101778030396,0.14049537065818504,obse,soup_scene3,70,old
5483,24.682207107543945,0.14049537065818504,obse,soup_scene3,70,old
5484,24.686319589614868,0.14049537065818504,obse,soup_scene3,70,old
5485,24.690397024154663,0.14049537065818504,obse,soup_scene3,70,old
5486,24.694493293762207,0.14049537065818504,obse,soup_scene3,70,old
5487,24.698610544204712,0.14049537065818504,obse,soup_scene3,70,old
5488,24.702730417251587,0.14049537065818504,obse,soup_scene3,70,old
5489,24.706849813461304,0.14049537065818504,obse,soup_scene3,70,old
5490,24.710981369018555,0.14049537065818504,obse,soup_scene3,70,old
5491,24.71511745452881,0.14049537065818504,obse,soup_scene3,70,old
5492,24.719241619110107,0.14049537065818504,obse,soup_scene3,70,old
5493,24.723339796066284,0.14049537065818504,obse,soup_scene3,70,old
5494,24.727449417114258,0.14049537065818504,obse,soup_scene3,70,old
5495,24.731529474258423,0.14049537065818504,obse,soup_scene3,70,old
5496,24.735699892044067,0.14049537065818504,obse,soup_scene3,70,old
5497,24.73981499671936,0.14049537065818504,obse,soup_scene3,70,old
5498,24.743921279907227,0.14049537065818504,obse,soup_scene3,70,old
5499,24.748039484024048,0.14049537065818504,obse,soup_scene3,70,old
5500,24.75215792655945,0.14049537065818504,obse,soup_scene3,70,old
5501,24.756300687789917,0.14049537065818504,obse,soup_scene3,70,old
5502,24.760432720184326,0.14049537065818504,obse,soup_scene3,70,old
5503,24.76452088356018,0.14049537065818504,obse,soup_scene3,70,old
5504,24.768633365631104,0.14049537065818504,obse,soup_scene3,70,old
5505,24.77273988723755,0.14049537065818504,obse,soup_scene3,70,old
5506,24.776854276657104,0.14049537065818504,obse,soup_scene3,70,old
5507,24.780990600585938,0.14049537065818504,obse,soup_scene3,70,old
5508,24.785102128982544,0.14049537065818504,obse,soup_scene3,70,old
5509,24.789174795150757,0.14049537065818504,obse,soup_scene3,70,old
5510,24.793269872665405,0.14049537065818504,obse,soup_scene3,70,old
5511,24.79739212989807,0.14049537065818504,obse,soup_scene3,70,old
5512,24.80153799057007,0.14049537065818504,obse,soup_scene3,70,old
5513,24.805668830871582,0.14049537065818504,obse,soup_scene3,70,old
5514,24.80981159210205,0.14049537065818504,obse,soup_scene3,70,old
5515,24.813979625701904,0.14049537065818504,obse,soup_scene3,70,old
5516,24.818191289901733,0.14049537065818504,obse,soup_scene3,70,old
5517,24.82236957550049,0.14049537065818504,obse,soup_scene3,70,old
5518,24.826558589935303,0.14049537065818504,obse,soup_scene3,70,old
5519,24.830744743347168,0.14049537065818504,obse,soup_scene3,70,old
5520,24.83491563796997,0.14049537065818504,obse,soup_scene3,70,old
5521,24.839091300964355,0.14049537065818504,obse,soup_scene3,70,old
5522,24.843278646469116,0.14049537065818504,obse,soup_scene3,70,old
5523,24.847455501556396,0.14049537065818504,obse,soup_scene3,70,old
5524,24.85163116455078,0.14049537065818504,obse,soup_scene3,70,old
5525,24.855786085128784,0.14049537065818504,obse,soup_scene3,70,old
5526,24.859989881515503,0.14049537065818504,obse,soup_scene3,70,old
5527,24.86415934562683,0.14049537065818504,obse,soup_scene3,70,old
5528,24.86833167076111,0.14049537065818504,obse,soup_scene3,70,old
5529,24.87248730659485,0.14049537065818504,obse,soup_scene3,70,old
5530,24.876638650894165,0.14049537065818504,obse,soup_scene3,70,old
5531,24.88079524040222,0.14049537065818504,obse,soup_scene3,70,old
5532,24.884971380233765,0.14049537065818504,obse,soup_scene3,70,old
5533,24.889151334762573,0.14049537065818504,obse,soup_scene3,70,old
5534,24.8933207988739,0.14049537065818504,obse,soup_scene3,70,old
5535,24.89747977256775,0.14049537065818504,obse,soup_scene3,70,old
5536,24.901628255844116,0.14049537065818504,obse,soup_scene3,70,old
5537,24.905773401260376,0.14049537065818504,obse,soup_scene3,70,old
5538,24.909964084625244,0.14049537065818504,obse,soup_scene3,70,old
5539,24.914127349853516,0.14049537065818504,obse,soup_scene3,70,old
5540,24.91826033592224,0.14049537065818504,obse,soup_scene3,70,old
5541,24.922475576400757,0.14049537065818504,obse,soup_scene3,70,old
5542,24.926671266555786,0.14049537065818504,obse,soup_scene3,70,old
5543,24.930859327316284,0.14049537065818504,obse,soup_scene3,70,old
5544,24.93504023551941,0.14049537065818504,obse,soup_scene3,70,old
5545,24.939237117767334,0.14049537065818504,obse,soup_scene3,70,old
5546,24.943417072296143,0.14049537065818504,obse,soup_scene3,70,old
5547,24.947564363479614,0.14049537065818504,obse,soup_scene3,70,old
5548,24.951712608337402,0.14049537065818504,obse,soup_scene3,70,old
5549,24.955870866775513,0.14049537065818504,obse,soup_scene3,70,old
5550,24.96002507209778,0.14049537065818504,obse,soup_scene3,70,old
5551,24.96420454978943,0.14049537065818504,obse,soup_scene3,70,old
5552,24.968366384506226,0.14049537065818504,obse,soup_scene3,70,old
5553,24.972554683685303,0.14049537065818504,obse,soup_scene3,70,old
5554,24.976892471313477,0.14049537065818504,obse,soup_scene3,70,old
5555,24.9813449382782,0.14049537065818504,obse,soup_scene3,70,old
5556,24.98558211326599,0.14049537065818504,obse,soup_scene3,70,old
5557,24.989769458770752,0.14049537065818504,obse,soup_scene3,70,old
5558,24.993916511535645,0.14049537065818504,obse,soup_scene3,70,old
5559,24.998106956481934,0.14049537065818504,obse,soup_scene3,70,old
5560,25.002270698547363,0.14049537065818504,obse,soup_scene3,70,old
5561,25.00643014907837,0.14049537065818504,obse,soup_scene3,70,old
5562,25.01059627532959,0.14049537065818504,obse,soup_scene3,70,old
5563,25.014757871627808,0.14049537065818504,obse,soup_scene3,70,old
5564,25.018943309783936,0.14049537065818504,obse,soup_scene3,70,old
5565,25.023151874542236,0.14049537065818504,obse,soup_scene3,70,old
5566,25.02733826637268,0.14049537065818504,obse,soup_scene3,70,old
5567,25.03145980834961,0.14049537065818504,obse,soup_scene3,70,old
5568,25.035602569580078,0.14049537065818504,obse,soup_scene3,70,old
5569,25.03979253768921,0.14049537065818504,obse,soup_scene3,70,old
5570,25.043946504592896,0.14049537065818504,obse,soup_scene3,70,old
5571,25.048072338104248,0.14049537065818504,obse,soup_scene3,70,old
5572,25.052223920822144,0.14049537065818504,obse,soup_scene3,70,old
5573,25.056330919265747,0.14049537065818504,obse,soup_scene3,70,old
5574,25.060457229614258,0.14049537065818504,obse,soup_scene3,70,old
5575,25.064582586288452,0.14049537065818504,obse,soup_scene3,70,old
5576,25.06873607635498,0.14049537065818504,obse,soup_scene3,70,old
5577,25.072856903076172,0.14049537065818504,obse,soup_scene3,70,old
5578,25.0769681930542,0.14049537065818504,obse,soup_scene3,70,old
5579,25.081109762191772,0.14049537065818504,obse,soup_scene3,70,old
5580,25.085445642471313,0.14049537065818504,obse,soup_scene3,70,old
5581,25.089589834213257,0.14049537065818504,obse,soup_scene3,70,old
5582,25.09375500679016,0.14049537065818504,obse,soup_scene3,70,old
5583,25.09787392616272,0.14049537065818504,obse,soup_scene3,70,old
5584,25.1021146774292,0.14049537065818504,obse,soup_scene3,70,old
5585,25.106406927108765,0.14049537065818504,obse,soup_scene3,70,old
5586,25.110626220703125,0.14049537065818504,obse,soup_scene3,70,old
5587,25.11484932899475,0.14049537065818504,obse,soup_scene3,70,old
5588,25.119098901748657,0.14049537065818504,obse,soup_scene3,70,old
5589,25.123276710510254,0.14049537065818504,obse,soup_scene3,70,old
5590,25.12748646736145,0.14049537065818504,obse,soup_scene3,70,old
5591,25.13167643547058,0.14049537065818504,obse,soup_scene3,70,old
5592,25.13584566116333,0.14049537065818504,obse,soup_scene3,70,old
5593,25.14002537727356,0.14049537065818504,obse,soup_scene3,70,old
5594,25.14418864250183,0.14049537065818504,obse,soup_scene3,70,old
5595,25.148367881774902,0.14049537065818504,obse,soup_scene3,70,old
5596,25.152527332305908,0.14049537065818504,obse,soup_scene3,70,old
5597,25.156665802001953,0.14049537065818504,obse,soup_scene3,70,old
5598,25.160808801651,0.14049537065818504,obse,soup_scene3,70,old
5599,25.16501212120056,0.14049537065818504,obse,soup_scene3,70,old
5600,25.169190883636475,0.14049537065818504,obse,soup_scene3,70,old
5601,25.17336916923523,0.14049537065818504,obse,soup_scene3,70,old
5602,25.177545309066772,0.14049537065818504,obse,soup_scene3,70,old
5603,25.18172264099121,0.14049537065818504,obse,soup_scene3,70,old
5604,25.185888290405273,0.14049537065818504,obse,soup_scene3,70,old
5605,25.190068244934082,0.14049537065818504,obse,soup_scene3,70,old
5606,25.19424033164978,0.14049537065818504,obse,soup_scene3,70,old
5607,25.198412895202637,0.14049537065818504,obse,soup_scene3,70,old
5608,25.20259141921997,0.14049537065818504,obse,soup_scene3,70,old
5609,25.2067608833313,0.14049537065818504,obse,soup_scene3,70,old
5610,25.210959911346436,0.14049537065818504,obse,soup_scene3,70,old
5611,25.21514105796814,0.14049537065818504,obse,soup_scene3,70,old
5612,25.219292163848877,0.14049537065818504,obse,soup_scene3,70,old
5613,25.223446369171143,0.14049537065818504,obse,soup_scene3,70,old
5614,25.22762632369995,0.14049537065818504,obse,soup_scene3,70,old
5615,25.231767416000366,0.14049537065818504,obse,soup_scene3,70,old
5616,25.23599076271057,0.14049537065818504,obse,soup_scene3,70,old
5617,25.240169286727905,0.14049537065818504,obse,soup_scene3,70,old
5618,25.24432349205017,0.14049537065818504,obse,soup_scene3,70,old
5619,25.248486518859863,0.14049537065818504,obse,soup_scene3,70,old
5620,25.25266170501709,0.14049537065818504,obse,soup_scene3,70,old
5621,25.25682759284973,0.14049537065818504,obse,soup_scene3,70,old
5622,25.2610342502594,0.14049537065818504,obse,soup_scene3,70,old
5623,25.265210151672363,0.14049537065818504,obse,soup_scene3,70,old
5624,25.269394874572754,0.14049537065818504,obse,soup_scene3,70,old
5625,25.27357506752014,0.14049537065818504,obse,soup_scene3,70,old
5626,25.27773427963257,0.14049537065818504,obse,soup_scene3,70,old
5627,25.281893730163574,0.14049537065818504,obse,soup_scene3,70,old
5628,25.286036014556885,0.14049537065818504,obse,soup_scene3,70,old
5629,25.290189504623413,0.14049537065818504,obse,soup_scene3,70,old
5630,25.294359922409058,0.14049537065818504,obse,soup_scene3,70,old
5631,25.298542022705078,0.14049537065818504,obse,soup_scene3,70,old
5632,25.302722215652466,0.14049537065818504,obse,soup_scene3,70,old
5633,25.306960821151733,0.14049537065818504,obse,soup_scene3,70,old
5634,25.311158895492554,0.14049537065818504,obse,soup_scene3,70,old
5635,25.31533694267273,0.14049537065818504,obse,soup_scene3,70,old
